amb_space 56
inhom_equations 36
6 12 15 20 30 60 0 0 0 0 0 0 0 0 0 0 0 0 0 0 0 0 0 0 0 0 0 0 0 0 0 0 0 0 0 0 0 0 0 0 0 0 0 0 0 0 0 0 0 0 0 0 0 0 0 0 -35 
0 6 0 0 0 0 12 15 20 30 60 0 0 0 0 0 0 0 0 0 0 0 0 0 0 0 0 0 0 0 0 0 0 0 0 0 0 0 0 0 0 0 0 0 0 0 0 0 0 0 0 0 0 0 0 0 -144 
0 0 6 0 0 0 0 12 0 0 0 15 20 30 60 0 0 0 0 0 0 0 0 0 0 0 0 0 0 0 0 0 0 0 0 0 0 0 0 0 0 0 0 0 0 0 0 0 0 0 0 0 0 0 0 0 -270 
0 0 0 6 0 0 0 0 12 0 0 0 15 0 0 20 30 60 0 0 0 0 0 0 0 0 0 0 0 0 0 0 0 0 0 0 0 0 0 0 0 0 0 0 0 0 0 0 0 0 0 0 0 0 0 0 -240 
0 0 0 0 6 0 0 0 0 12 0 0 0 15 0 0 20 0 30 60 0 0 0 0 0 0 0 0 0 0 0 0 0 0 0 0 0 0 0 0 0 0 0 0 0 0 0 0 0 0 0 0 0 0 0 0 -360 
0 0 0 0 0 6 0 0 0 0 12 0 0 0 15 0 0 20 0 30 60 0 0 0 0 0 0 0 0 0 0 0 0 0 0 0 0 0 0 0 0 0 0 0 0 0 0 0 0 0 0 0 0 0 0 0 -360 
0 6 0 0 0 0 12 15 20 30 60 0 0 0 0 0 0 0 0 0 0 0 0 0 0 0 0 0 0 0 0 0 0 0 0 0 0 0 0 0 0 0 0 0 0 0 0 0 0 0 0 0 0 0 0 0 -144 
0 0 0 0 0 0 6 0 0 0 0 0 0 0 0 0 0 0 0 0 0 12 15 20 30 60 0 0 0 0 0 0 0 0 0 0 0 0 0 0 0 0 0 0 0 0 0 0 0 0 0 0 0 0 0 0 -574 
0 0 0 0 0 0 0 6 0 0 0 0 0 0 0 0 0 0 0 0 0 0 12 0 0 0 15 20 30 60 0 0 0 0 0 0 0 0 0 0 0 0 0 0 0 0 0 0 0 0 0 0 0 0 0 0 -1080 
0 0 0 0 0 0 0 0 6 0 0 0 0 0 0 0 0 0 0 0 0 0 0 12 0 0 0 15 0 0 20 30 60 0 0 0 0 0 0 0 0 0 0 0 0 0 0 0 0 0 0 0 0 0 0 0 -960 
0 0 0 0 0 0 0 0 0 6 0 0 0 0 0 0 0 0 0 0 0 0 0 0 12 0 0 0 15 0 0 20 0 30 60 0 0 0 0 0 0 0 0 0 0 0 0 0 0 0 0 0 0 0 0 0 -1440 
0 0 0 0 0 0 0 0 0 0 6 0 0 0 0 0 0 0 0 0 0 0 0 0 0 12 0 0 0 15 0 0 20 0 30 60 0 0 0 0 0 0 0 0 0 0 0 0 0 0 0 0 0 0 0 0 -1440 
0 0 6 0 0 0 0 12 0 0 0 15 20 30 60 0 0 0 0 0 0 0 0 0 0 0 0 0 0 0 0 0 0 0 0 0 0 0 0 0 0 0 0 0 0 0 0 0 0 0 0 0 0 0 0 0 -270 
0 0 0 0 0 0 0 6 0 0 0 0 0 0 0 0 0 0 0 0 0 0 12 0 0 0 15 20 30 60 0 0 0 0 0 0 0 0 0 0 0 0 0 0 0 0 0 0 0 0 0 0 0 0 0 0 -1080 
0 0 0 0 0 0 0 0 0 0 0 6 0 0 0 0 0 0 0 0 0 0 0 0 0 0 12 0 0 0 0 0 0 0 0 0 15 20 30 60 0 0 0 0 0 0 0 0 0 0 0 0 0 0 0 0 -2022 
0 0 0 0 0 0 0 0 0 0 0 0 6 0 0 0 0 0 0 0 0 0 0 0 0 0 0 12 0 0 0 0 0 0 0 0 0 15 0 0 20 30 60 0 0 0 0 0 0 0 0 0 0 0 0 0 -1800 
0 0 0 0 0 0 0 0 0 0 0 0 0 6 0 0 0 0 0 0 0 0 0 0 0 0 0 0 12 0 0 0 0 0 0 0 0 0 15 0 0 20 0 30 60 0 0 0 0 0 0 0 0 0 0 0 -2700 
0 0 0 0 0 0 0 0 0 0 0 0 0 0 6 0 0 0 0 0 0 0 0 0 0 0 0 0 0 12 0 0 0 0 0 0 0 0 0 15 0 0 20 0 30 60 0 0 0 0 0 0 0 0 0 0 -2700 
0 0 0 6 0 0 0 0 12 0 0 0 15 0 0 20 30 60 0 0 0 0 0 0 0 0 0 0 0 0 0 0 0 0 0 0 0 0 0 0 0 0 0 0 0 0 0 0 0 0 0 0 0 0 0 0 -240 
0 0 0 0 0 0 0 0 6 0 0 0 0 0 0 0 0 0 0 0 0 0 0 12 0 0 0 15 0 0 20 30 60 0 0 0 0 0 0 0 0 0 0 0 0 0 0 0 0 0 0 0 0 0 0 0 -960 
0 0 0 0 0 0 0 0 0 0 0 0 6 0 0 0 0 0 0 0 0 0 0 0 0 0 0 12 0 0 0 0 0 0 0 0 0 15 0 0 20 30 60 0 0 0 0 0 0 0 0 0 0 0 0 0 -1800 
0 0 0 0 0 0 0 0 0 0 0 0 0 0 0 6 0 0 0 0 0 0 0 0 0 0 0 0 0 0 12 0 0 0 0 0 0 0 0 0 15 0 0 0 0 0 20 30 60 0 0 0 0 0 0 0 -1598 
0 0 0 0 0 0 0 0 0 0 0 0 0 0 0 0 6 0 0 0 0 0 0 0 0 0 0 0 0 0 0 12 0 0 0 0 0 0 0 0 0 15 0 0 0 0 0 20 0 30 60 0 0 0 0 0 -2400 
0 0 0 0 0 0 0 0 0 0 0 0 0 0 0 0 0 6 0 0 0 0 0 0 0 0 0 0 0 0 0 0 12 0 0 0 0 0 0 0 0 0 15 0 0 0 0 0 20 0 30 60 0 0 0 0 -2400 
0 0 0 0 6 0 0 0 0 12 0 0 0 15 0 0 20 0 30 60 0 0 0 0 0 0 0 0 0 0 0 0 0 0 0 0 0 0 0 0 0 0 0 0 0 0 0 0 0 0 0 0 0 0 0 0 -360 
0 0 0 0 0 0 0 0 0 6 0 0 0 0 0 0 0 0 0 0 0 0 0 0 12 0 0 0 15 0 0 20 0 30 60 0 0 0 0 0 0 0 0 0 0 0 0 0 0 0 0 0 0 0 0 0 -1440 
0 0 0 0 0 0 0 0 0 0 0 0 0 6 0 0 0 0 0 0 0 0 0 0 0 0 0 0 12 0 0 0 0 0 0 0 0 0 15 0 0 20 0 30 60 0 0 0 0 0 0 0 0 0 0 0 -2700 
0 0 0 0 0 0 0 0 0 0 0 0 0 0 0 0 6 0 0 0 0 0 0 0 0 0 0 0 0 0 0 12 0 0 0 0 0 0 0 0 0 15 0 0 0 0 0 20 0 30 60 0 0 0 0 0 -2400 
0 0 0 0 0 0 0 0 0 0 0 0 0 0 0 0 0 0 6 0 0 0 0 0 0 0 0 0 0 0 0 0 0 12 0 0 0 0 0 0 0 0 0 15 0 0 0 0 0 20 0 0 30 60 0 0 -3598 
0 0 0 0 0 0 0 0 0 0 0 0 0 0 0 0 0 0 0 6 0 0 0 0 0 0 0 0 0 0 0 0 0 0 12 0 0 0 0 0 0 0 0 0 15 0 0 0 0 0 20 0 0 30 60 0 -3600 
0 0 0 0 0 6 0 0 0 0 12 0 0 0 15 0 0 20 0 30 60 0 0 0 0 0 0 0 0 0 0 0 0 0 0 0 0 0 0 0 0 0 0 0 0 0 0 0 0 0 0 0 0 0 0 0 -360 
0 0 0 0 0 0 0 0 0 0 6 0 0 0 0 0 0 0 0 0 0 0 0 0 0 12 0 0 0 15 0 0 20 0 30 60 0 0 0 0 0 0 0 0 0 0 0 0 0 0 0 0 0 0 0 0 -1440 
0 0 0 0 0 0 0 0 0 0 0 0 0 0 6 0 0 0 0 0 0 0 0 0 0 0 0 0 0 12 0 0 0 0 0 0 0 0 0 15 0 0 20 0 30 60 0 0 0 0 0 0 0 0 0 0 -2700 
0 0 0 0 0 0 0 0 0 0 0 0 0 0 0 0 0 6 0 0 0 0 0 0 0 0 0 0 0 0 0 0 12 0 0 0 0 0 0 0 0 0 15 0 0 0 0 0 20 0 30 60 0 0 0 0 -2400 
0 0 0 0 0 0 0 0 0 0 0 0 0 0 0 0 0 0 0 6 0 0 0 0 0 0 0 0 0 0 0 0 0 0 12 0 0 0 0 0 0 0 0 0 15 0 0 0 0 0 20 0 0 30 60 0 -3600 
0 0 0 0 0 0 0 0 0 0 0 0 0 0 0 0 0 0 0 0 6 0 0 0 0 0 0 0 0 0 0 0 0 0 0 12 0 0 0 0 0 0 0 0 0 15 0 0 0 0 0 20 0 0 30 60 -3599 
LatticePoints
convert_equations
nonnegative
