9
10
12
14
15
16
18
20
21
22
24
25
26
27
28
30
32
33
35
36
39
40
42
44
45
48
50
51
52
54
55
56
57
60
63
64
65
66
68
70
72
75
76
77
78
80
81
84
85
88
90
92
96
98
99
100
102
104
105
108
110
112
114
117
120
126
128
130
132
135
136
138
140
144
147
150
152
153
154
156
160
162
165
168
170
171
174
175
176
180
182
184
186
189
190
192
195
196
198
200
204
207
208
210
216
220
222
224
225
228
230
231
232
234
238
240
245
248
250
252
255
256
260
261
264
266
270
272
273
276
279
280
285
286
288
290
294
296
297
300
304
306
308
310
312
315
320
322
324
325
328
330
333
336
340
342
345
348
350
351
352
357
360
364
368
370
372
374
375
378
380
384
385
390
392
396
399
400
405
406
408
410
414
416
420
425
429
430
432
434
435
440
441
444
448
450
455
456
459
460
462
464
465
468
475
476
480
483
484
486
490
492
495
496
500
504
506
510
513
516
518
520
522
525
528
532
540
544
546
550
552
555
558
560
561
564
567
570
572
576
580
585
588
592
594
600
602
605
608
609
612
615
616
620
621
624
627
630
636
640
644
648
650
651
656
660
663
665
666
672
675
676
680
684
688
690
693
696
700
702
704
705
714
715
720
726
728
732
735
736
738
740
744
748
750
756
759
760
765
768
770
774
777
780
783
784
792
798
800
805
810
812
816
819
820
825
828
832
836
837
840
846
848
850
855
858
860
864
868
870
875
880
882
884
888
891
896
897
900
903
910
912
915
918
920
924
928
930
935
936
940
945
950
952
954
960
966
968
972
975
980
984
987
988
990
999
1000
1008
1012
1014
1020
1026
1029
1032
1035
1036
1040
1044
1050
1053
1056
1060
1062
1064
1071
1078
1080
1088
1089
1092
1098
1100
1104
1105
1107
1110
1113
1116
1120
1122
1125
1128
1134
1140
1144
1148
1150
1152
1155
1160
1170
1176
1180
1184
1188
1190
1196
1197
1200
1204
1206
1210
1215
1216
1218
1220
1221
1224
1230
1232
1240
1242
1248
1254
1260
1265
1272
1274
1275
1276
1280
1287
1288
1290
1292
1295
1296
1300
1302
1305
1312
1314
1316
1320
1323
1326
1330
1332
1340
1344
1350
1352
1360
1364
1365
1368
1372
1376
1377
1380
1386
1392
1395
1400
1404
1407
1408
1410
1416
1420
1422
1425
1428
1430
1435
1440
1449
1450
1452
1456
1458
1460
1464
1470
1472
1476
1480
1482
1485
1488
1491
1496
1500
1505
1508
1512
1518
1520
1521
1530
1536
1540
1548
1550
1554
1560
1564
1566
1568
1575
1584
1590
1596
1599
1600
1608
1610
1612
1617
1620
1624
1628
1632
1638
1640
1650
1652
1656
1660
1664
1665
1666
1672
1674
1677
1680
1683
1690
1692
1694
1696
1700
1701
1704
1708
1710
1716
1720
1722
1725
1728
1736
1740
1748
1750
1752
1755
1760
1764
1768
1770
1776
1782
1785
1792
1794
1800
1806
1815
1820
1824
1827
1830
1836
1840
1845
1848
1850
1855
1856
1860
1862
1870
1872
1880
1881
1890
1896
1900
1904
1908
1911
1914
1920
1925
1932
1935
1936
1938
1944
1950
1953
1960
1968
1974
1976
1980
1988
1989
1992
1995
1998
2000
2002
2010
2016
2020
2024
2025
2028
2030
2040
2044
2046
2050
2052
2058
2064
2067
2068
2070
2072
2079
2080
2088
2090
2100
2106
2112
2115
2120
2124
2128
2130
2132
2136
2142
2144
2145
2150
2156
2160
2166
2170
2175
2176
2178
2184
2190
2196
2200
2205
2208
2210
2211
2214
2220
2223
2226
2232
2240
2244
2250
2254
2256
2262
2268
2275
2277
2280
2288
2295
2296
2300
2304
2310
2312
2320
2322
2325
2328
2331
2332
2336
2340
2346
2352
2360
2368
2370
2376
2380
2385
2392
2394
2400
2408
2412
2415
2418
2420
2424
2430
2432
2436
2440
2442
2448
2450
2457
2460
2464
2470
2472
2475
2478
2480
2484
2485
2492
2496
2499
2500
2508
2516
2520
2530
2538
2541
2544
2548
2550
2552
2556
2560
2562
2565
2574
2576
2580
2583
2584
2590
2592
2596
2600
2604
2610
2616
2618
2622
2624
2625
2628
2632
2640
2646
2650
2652
2655
2660
2664
2673
2680
2688
2691
2695
2700
2704
2706
2709
2720
2728
2730
2736
2745
2750
2752
2754
2756
2760
2772
2784
2788
2790
2793
2800
2805
2808
2814
2816
2820
2832
2835
2838
2840
2844
2850
2852
2856
2860
2862
2870
2871
2880
2886
2898
2900
2904
2910
2912
2916
2920
2925
2926
2928
2940
2944
2948
2952
2958
2960
2961
2964
2968
2970
2975
2976
2982
2988
2990
2992
3000
3003
3010
3015
3016
3024
3030
3036
3038
3040
3042
3045
3050
3060
3066
3068
3072
3075
3078
3080
3081
3094
3096
3100
3102
3104
3105
3108
3120
3124
3128
3132
3135
3136
3150
3159
3160
3162
3164
3168
3172
3180
3186
3190
3192
3195
3198
3200
3204
3213
3216
3220
3224
3225
3230
3234
3240
3248
3249
3250
3255
3256
3264
3267
3276
3280
3285
3290
3294
3300
3304
3306
3312
3315
3318
3320
3321
3325
3328
3330
3332
3339
3344
3348
3350
3354
3355
3360
3366
3375
3380
3381
3384
3388
3400
3402
3408
3410
3416
3420
3430
3432
3440
3444
3450
3456
3458
3465
3468
3472
3480
3484
3486
3492
3496
3498
3500
3504
3510
3520
3525
3528
3534
3536
3540
3542
3550
3552
3555
3560
3564
3570
3584
3588
3591
3600
3608
3612
3618
3626
3627
3630
3640
3645
3648
3654
3655
3660
3663
3666
3672
3675
3680
3685
3690
3696
3700
3705
3708
3710
3712
3720
3724
3726
3738
3740
3744
3750
3752
3760
3762
3770
3774
3780
3792
3795
3800
3808
3816
3822
3825
3828
3834
3840
3848
3850
3861
3864
3870
3872
3876
3880
3885
3888
3894
3900
3906
3910
3915
3916
3920
3924
3927
3933
3936
3942
3944
3948
3952
3960
3969
3975
3976
3978
3984
3990
3996
4000
4002
4004
4018
4020
4026
4030
4032
4040
4046
4048
4050
4056
4060
4068
4070
4074
4080
4088
4092
4095
4100
4104
4108
4116
4120
4125
4128
4130
4134
4136
4140
4144
4158
4160
4176
4180
4182
4185
4186
4200
4212
4216
4221
4224
4225
4230
4240
4242
4248
4250
4256
4257
4260
4263
4264
4266
4270
4272
4275
4278
4284
4288
4290
4300
4305
4312
4316
4320
4326
4332
4335
4340
4347
4350
4356
4360
4365
4368
4370
4374
4380
4386
4389
4392
4400
4408
4410
4416
4420
4422
4424
4428
4440
4446
4452
4455
4464
4466
4472
4473
4480
4482
4485
4488
4494
4500
4508
4510
4512
4515
4522
4524
4536
4545
4550
4554
4557
4560
4572
4576
4578
4590
4592
4599
4600
4602
4608
4620
4624
4635
4640
4641
4644
4650
4655
4656
4662
4664
4672
4674
4680
4686
4690
4692
4698
4700
4704
4712
4720
4725
4730
4736
4740
4743
4746
4750
4752
4758
4760
4770
4774
4784
4785
4788
4794
4797
4800
4806
4810
4815
4816
4818
4824
4828
4830
4836
4840
4845
4848
4851
4860
4862
4864
4872
4875
4880
4884
4888
4896
4900
4902
4905
4914
4920
4928
4930
4935
4940
4944
4950
4956
4959
4960
4964
4968
4970
4980
4984
4992
4995
4998
5000
5005
5016
5022
5031
5032
5040
5049
5050
5060
5070
5076
5082
5088
5096
5100
5104
5106
5110
5112
5115
5120
5124
5130
5136
5148
5150
5152
5160
5166
5168
5170
5175
5180
5184
5187
5192
5200
5202
5208
5214
5220
5225
5226
5232
5236
5238
5240
5244
5247
5250
5256
5264
5265
5270
5280
5292
5300
5304
5310
5313
5320
5328
5330
5334
5336
5340
5346
5355
5358
5360
5368
5376
5382
5390
5400
5406
5408
5412
5415
5418
5424
5439
5440
5445
5454
5456
5460
5472
5474
5478
5481
5488
5490
5499
5500
5502
5504
5508
5510
5512
5520
5530
5535
5538
5544
5550
5562
5564
5565
5568
5576
5580
5586
5590
5600
5610
5616
5625
5628
5632
5640
5642
5643
5655
5664
5668
5670
5676
5680
5684
5688
5694
5698
5700
5704
5712
5720
5724
5733
5740
5742
5750
5754
5760
5772
5775
5776
5780
5782
5796
5800
5805
5808
5810
5814
5820
5824
5830
5832
5838
5840
5841
5848
5850
5852
5856
5859
5865
5874
5880
5886
5888
5890
5896
5900
5904
5916
5920
5922
5925
5928
5936
5940
5950
5952
5964
5967
5976
5980
5984
5985
5994
6000
6006
6020
6027
6030
6032
6039
6045
6048
6050
6060
6072
6075
6076
6080
6084
6090
6096
6100
6102
6105
6110
6118
6120
6125
6132
6136
6138
6144
6150
6156
6160
6162
6165
6174
6180
6188
6192
6195
6200
6201
6204
6208
6210
6216
6222
6225
6230
6232
6237
6240
6248
6255
6256
6258
6264
6270
6272
6273
6279
6290
6292
6300
6314
6318
6321
6324
6328
6336
6342
6344
6345
6360
6370
6372
6375
6380
6384
6390
6392
6396
6400
6405
6408
6420
6426
6432
6435
6438
6440
6448
6450
6460
6468
6474
6480
6486
6490
6496
6498
6500
6510
6512
6525
6528
6534
6536
6540
6552
6555
6560
6570
6576
6580
6588
6600
6608
6612
6615
6624
6630
6633
6636
6640
6642
6650
6656
6660
6664
6666
6669
6670
6678
6688
6696
6699
6700
6708
6710
6720
6726
6732
6734
6750
6760
6762
6765
6768
6776
6780
6783
6786
6790
6795
6798
6800
6804
6808
6812
6816
6820
6825
6831
6832
6840
6858
6860
6864
6880
6885
6888
6890
6900
6902
6903
6912
6916
6930
6936
6942
6944
6954
6960
6966
6968
6970
6972
6975
6984
6992
6993
6996
7000
7004
7008
7020
7029
7030
7035
7038
7040
7050
7056
7068
7070
7072
7080
7084
7095
7098
7100
7104
7110
7112
7120
7125
7128
7130
7134
7137
7140
7144
7150
7152
7155
7161
7168
7176
7182
7192
7200
7208
7215
7216
7224
7236
7238
7245
7248
7250
7252
7254
7260
7272
7280
7290
7293
7296
7300
7308
7310
7315
7320
7326
7332
7344
7350
7353
7360
7370
7371
7380
7384
7392
7395
7398
7400
7410
7416
7420
7425
7434
7436
7440
7448
7452
7455
7470
7476
7480
7488
7490
7497
7500
7504
7506
7520
7524
7536
7540
7544
7548
7550
7560
7566
7568
7575
7584
7590
7592
7600
7605
7614
7616
7620
7623
7630
7632
7638
7644
7650
7656
7665
7668
7670
7680
7686
7695
7696
7700
7704
7722
7728
7740
7744
7749
7752
7755
7760
7770
7776
7788
7790
7791
7800
7810
7812
7820
7830
7832
7840
7848
7854
7860
7866
7872
7875
7878
7884
7888
7896
7900
7904
7905
7910
7912
7917
7920
7930
7938
7950
7952
7956
7965
7968
7975
7980
7990
7992
7995
7998
8000
8001
8004
8008
8010
8030
8036
8040
8050
8052
8056
8060
8064
8073
8080
8085
8092
8096
8100
8112
8118
8120
8127
8136
8140
8145
8148
8160
8164
8170
8176
8184
8190
8200
8208
8211
8216
8217
8220
8228
8232
8235
8240
8246
8250
8256
8260
8262
8265
8268
8272
8280
8288
8295
8300
8316
8320
8325
8330
8340
8346
8352
8360
8364
8370
8372
8379
8385
8400
8415
8424
8428
8432
8436
8442
8448
8450
8460
8463
8470
8475
8480
8484
8496
8500
8502
8505
8510
8512
8514
8520
8526
8528
8532
8536
8540
8544
8547
8550
8556
8560
8568
8580
8586
8600
8610
8613
8619
8624
8625
8632
8640
8645
8648
8652
8658
8664
8670
8673
8680
8690
8694
8700
8710
8712
8720
8730
8736
8740
8750
8760
8772
8775
8778
8784
8800
8802
8806
8814
8816
8820
8832
8835
8840
8844
8848
8850
8855
8856
8862
8874
8880
8883
8888
8890
8892
8904
8910
8918
8925
8928
8932
8944
8946
8960
8964
8970
8976
8988
9000
9006
9009
9010
9016
9020
9024
9030
9040
9044
9045
9048
9060
9064
9072
9075
9086
9090
9100
9108
9114
9120
9126
9130
9135
9144
9150
9152
9156
9165
9174
9177
9180
9184
9196
9198
9200
9204
9207
9212
9216
9225
9230
9234
9240
9243
9248
9261
9264
9270
9272
9280
9282
9288
9300
9306
9310
9312
9315
9316
9324
9328
9348
9350
9360
9372
9380
9384
9396
9400
9405
9408
9420
9424
9430
9432
9435
9438
9440
9450
9460
9462
9464
9471
9472
9480
9486
9490
9492
9500
9504
9512
9516
9520
9522
9537
9540
9548
9555
9558
9568
9570
9576
9585
9588
9594
9600
9612
9620
9630
9632
9636
9639
9648
9656
9660
9672
9675
9680
9690
9696
9700
9702
9720
9724
9728
9735
9744
9750
9752
9758
9760
9765
9768
9774
9776
9780
9790
9792
9798
9800
9804
9810
9828
9840
9842
9855
9856
9860
9864
9870
9880
9882
9888
9900
9906
9912
9918
9920
9928
9933
9936
9940
9944
9945
9954
9960
9968
9975
9984
9990
9996
9999
10000
10005
10008
10010
10017
10032
10044
10045
10050
10062
10064
10065
10070
10080
10089
10098
10100
10101
10108
10120
10125
10140
10143
10150
10152
10164
10170
10176
10192
10197
10200
10206
10208
10212
10218
10220
10224
10230
10234
10240
10248
10260
10270
10272
10290
10296
10300
10304
10320
10325
10332
10335
10336
10340
10350
10353
10360
10368
10370
10374
10384
10388
10395
10400
10404
10416
10428
10430
10431
10437
10440
10450
10452
10455
10458
10464
10465
10472
10476
10480
10488
10494
10500
10506
10512
10528
10530
10540
10545
10556
10557
10560
10570
10575
10580
10584
10600
10602
10608
10620
10626
10640
10647
10650
10656
10659
10660
10665
10668
10672
10675
10680
10686
10692
10695
10700
10710
10716
10720
10725
10728
10730
10736
10744
10752
10764
10773
10780
10788
10791
10800
10810
10812
10816
10824
10830
10836
10848
10850
10854
10857
10860
10868
10872
10878
10880
10890
10900
10904
10908
10912
10920
10944
10948
10956
10960
10962
10965
10976
10980
10989
10990
10998
11000
11004
11008
11016
11020
11024
11025
11040
11050
11055
11058
11060
11070
11076
11088
11100
11102
11109
11110
11115
11118
11124
11128
11130
11136
11151
11152
11154
11160
11172
11178
11180
11186
11193
11200
11205
11214
11220
11232
11235
11250
11256
11264
11270
11280
11284
11286
11300
11304
11310
11312
11316
11322
11325
11328
11336
11340
11352
11360
11368
11376
11385
11388
11396
11400
11408
11424
11430
11438
11440
11445
11448
11454
11457
11460
11466
11470
11475
11480
11484
11492
11500
11502
11508
11520
11544
11550
11560
11564
11570
11571
11580
11583
11592
11600
11610
11613
11616
11620
11628
11638
11640
11648
11655
11660
11662
11664
11676
11680
11682
11685
11696
11700
11704
11712
11715
11718
11725
11726
11730
11736
11745
11748
11750
11752
11760
11772
11774
11776
11780
11781
11790
11792
11800
11808
11826
11830
11832
11840
11844
11850
11856
11865
11868
11872
11880
11900
11904
11907
11925
11928
11934
11952
11960
11968
11970
11985
11988
11997
12000
12006
12008
12012
12015
12024
12036
12040
12045
12054
12056
12060
12064
12070
12075
12078
12084
12090
12096
12100
12120
12138
12144
12150
12152
12155
12160
12166
12168
12180
12192
12200
12204
12210
12220
12222
12236
12240
12243
12246
12250
12255
12264
12272
12276
12285
12288
12300
12312
12320
12324
12330
12342
12348
12350
12360
12369
12375
12376
12384
12390
12400
12402
12408
12410
12420
12430
12432
12441
12444
12450
12456
12460
12464
12470
12474
12480
12495
12496
12500
12502
12510
12512
12516
12528
12540
12544
12546
12555
12558
12576
12580
12584
12586
12600
12610
12614
12628
12636
12640
12642
12648
12650
12654
12656
12660
12663
12670
12672
12675
12684
12688
12690
12700
12705
12714
12720
12726
12730
12740
12744
12750
12760
12765
12768
12771
12780
12782
12784
12792
12798
12800
12810
12816
12825
12831
12834
12840
12844
12852
12864
12870
12876
12880
12896
12900
12903
12915
12920
12936
12948
12950
12960
12972
12978
12980
12992
12996
13000
13005
13020
13024
13032
13040
13041
13050
13056
13065
13068
13072
13080
13090
13095
13100
13104
13110
13120
13125
13132
13134
13140
13152
13156
13158
13160
13167
13176
13182
13188
13200
13202
13216
13224
13230
13244
13248
13260
13266
13272
13275
13280
13284
13286
13299
13300
13310
13312
13320
13328
13332
13335
13338
13340
13344
13350
13356
13365
13376
13377
13390
13392
13398
13400
13410
13416
13419
13420
13440
13446
13452
13455
13464
13468
13475
13482
13494
13500
13515
13520
13524
13528
13530
13536
13545
13552
13560
13566
13570
13572
13580
13590
13596
13600
13608
13616
13624
13629
13632
13635
13640
13650
13662
13664
13668
13671
13680
13688
13695
13700
13706
13716
13720
13725
13728
13734
13750
13760
13770
13776
13780
13794
13797
13800
13804
13806
13818
13824
13832
13845
13846
13860
13872
13884
13888
13896
13904
13908
13916
13920
13923
13932
13936
13940
13944
13950
13965
13968
13970
13974
13984
13986
13992
14000
14007
14008
14014
14016
14022
14025
14028
14040
14058
14060
14070
14076
14080
14091
14094
14100
14112
14130
14136
14140
14144
14148
14157
14160
14168
14170
14175
14190
14196
14200
14208
14210
14212
14220
14224
14238
14240
14250
14256
14260
14268
14274
14280
14288
14300
14304
14310
14322
14328
14336
14350
14352
14355
14364
14382
14384
14400
14406
14410
14415
14416
14418
14420
14421
14430
14432
14440
14445
14448
14450
14454
14456
14460
14472
14476
14478
14480
14484
14490
14496
14500
14504
14508
14518
14520
14532
14535
14536
14544
14550
14552
14553
14560
14580
14586
14592
14600
14608
14616
14620
14625
14628
14630
14637
14640
14652
14664
14670
14672
14685
14688
14690
14700
14706
14720
14740
14742
14751
14756
14760
14763
14768
14770
14784
14790
14796
14800
14805
14820
14832
14840
14850
14859
14868
14872
14877
14880
14892
14896
14904
14910
14916
14924
14940
14950
14952
14960
14964
14973
14976
14980
14985
14994
15000
15008
15012
15015
15022
15030
15036
15040
15045
15048
15050
15066
15070
15072
15075
15080
15088
15092
15096
15100
15120
15130
15132
15134
15136
15147
15150
15162
15168
15180
15184
15190
15200
15204
15210
15225
15228
15232
15240
15246
15249
15252
15255
15260
15264
15276
15288
15290
15300
15312
15318
15327
15330
15336
15340
15344
15345
15351
15360
15366
15372
15390
15392
15400
15405
15408
15428
15435
15444
15450
15456
15470
15477
15480
15484
15488
15498
15500
15504
15510
15520
15522
15525
15540
15552
15561
15576
15580
15582
15600
15606
15618
15620
15624
15640
15642
15648
15652
15656
15660
15664
15675
15678
15680
15694
15696
15700
15708
15714
15720
15730
15732
15741
15744
15750
15752
15756
15768
15776
15792
15795
15800
15808
15810
15820
15824
15834
15840
15860
15862
15870
15876
15900
15904
15912
15928
15930
15936
15939
15946
15950
15960
15975
15980
15984
15990
15996
16000
16002
16008
16016
16020
16032
16038
16044
16048
16050
16056
16060
16065
16068
16072
16074
16080
16092
16100
16104
16107
16112
16116
16120
16128
16146
16150
16160
16170
16182
16184
16188
16192
16200
16212
16215
16218
16224
16226
16236
16240
16245
16250
16254
16269
16272
16275
16280
16284
16290
16296
16300
16302
16308
16317
16320
16324
16328
16335
16340
16350
16352
16356
16359
16362
16368
16380
16390
16400
16416
16422
16425
16432
16434
16440
16443
16450
16456
16464
16470
16480
16488
16492
16500
16506
16512
16520
16524
16530
16536
16544
16548
16555
16560
16575
16576
16588
16590
16592
16600
16605
16608
16614
16632
16640
16644
16650
16653
16660
16665
16680
16686
16688
16692
16695
16698
16704
16716
16720
16728
16740
16744
16758
16770
16779
16800
16815
16830
16836
16848
16864
16872
16875
16884
16896
16900
16905
16920
16926
16929
16932
16940
16950
16956
16960
16965
16968
16974
16992
17000
17004
17010
17020
17024
17028
17030
17040
17050
17052
17056
17064
17072
17080
17082
17085
17088
17094
17100
17108
17112
17120
17136
17150
17160
17168
17172
17181
17184
17190
17199
17200
17204
17205
17220
17226
17238
17248
17250
17262
17270
17280
17290
17296
17300
17304
17316
17325
17328
17340
17346
17352
17360
17370
17376
17380
17385
17388
17400
17415
17420
17424
17430
17440
17442
17460
17472
17480
17484
17490
17496
17500
17510
17512
17514
17520
17544
17550
17556
17568
17577
17584
17595
17600
17604
17608
17612
17622
17625
17628
17630
17632
17640
17655
17658
17661
17664
17670
17680
17688
17696
17700
17710
17712
17724
17730
17732
17745
17748
17760
17766
17775
17776
17780
17784
17787
17800
17802
17808
17810
17820
17822
17835
17836
17850
17856
17860
17864
17871
17880
17888
17892
17901
17910
17920
17928
17934
17936
17940
17952
17955
17976
17980
17982
18000
18012
18018
18020
18032
18036
18040
18048
18054
18060
18070
18080
18081
18084
18088
18090
18096
18100
18105
18117
18120
18126
18128
18130
18135
18144
18150
18156
18170
18172
18180
18183
18200
18204
18207
18216
18224
18225
18228
18240
18249
18252
18260
18270
18288
18300
18304
18306
18312
18315
18326
18330
18333
18340
18348
18354
18360
18368
18369
18370
18375
18392
18396
18400
18408
18414
18424
18432
18444
18447
18450
18460
18468
18480
18486
18492
18495
18496
18500
18513
18522
18525
18528
18540
18544
18550
18560
18564
18576
18585
18590
18592
18600
18612
18615
18620
18624
18630
18632
18645
18648
18656
18666
18675
18676
18690
18696
18700
18711
18720
18732
18744
18753
18760
18765
18768
18774
18788
18792
18798
18800
18810
18816
18832
18837
18840
18848
18850
18860
18864
18865
18870
18876
18879
18880
18900
18904
18912
18920
18921
18924
18928
18942
18954
18960
18972
18975
18980
18984
18990
19000
19008
19024
19026
19030
19032
19035
19040
19044
19050
19074
19080
19089
19092
19096
19100
19104
19110
19116
19125
19136
19140
19152
19170
19173
19176
19180
19182
19184
19188
19200
19206
19215
19220
19224
19228
19240
19250
19260
19264
19266
19272
19278
19280
19292
19296
19304
19305
19312
19314
19320
19344
19350
19360
19370
19376
19380
19392
19400
19404
19422
19425
19437
19440
19448
19456
19458
19460
19467
19470
19488
19494
19500
19504
19516
19520
19530
19536
19548
19550
19552
19560
19575
19580
19584
19596
19600
19602
19604
19608
19610
19620
19630
19635
19650
19656
19665
19668
19670
19680
19684
19690
19698
19701
19710
19712
19720
19722
19728
19734
19740
19760
19764
19776
19780
19782
19796
19800
19812
19824
19836
19840
19844
19845
19856
19866
19872
19880
19888
19890
19899
19908
19910
19920
19926
19929
19932
19936
19950
19952
19964
19968
19980
19992
19995
19998
20000
20010
20016
20020
20034
20040
20060
20064
20076
20088
20090
20097
20100
20115
20124
20128
20130
20140
20148
20150
20160
20178
20184
20188
20196
20200
20202
20216
20223
20230
20240
20250
20256
20264
20280
20286
20292
20295
20300
20304
20320
20328
20332
20340
20349
20350
20352
20358
20370
20384
20385
20394
20400
20410
20412
20416
20424
20430
20436
20440
20448
20460
20468
20475
20482
20496
20500
20502
20520
20532
20538
20540
20544
20559
20570
20574
20580
20584
20590
20592
20600
20601
20608
20610
20625
20636
20640
20646
20650
20655
20664
20670
20672
20680
20700
20706
20709
20720
20724
20736
20740
20748
20757
20760
20768
20769
20776
20790
20800
20805
20808
20826
20832
20856
20860
20862
20868
20874
20880
20898
20900
20904
20910
20916
20925
20928
20930
20944
20952
20955
20956
20960
20976
20988
21000
21012
21021
21024
21042
21054
21056
21060
21070
21080
21090
21100
21105
21112
21114
21120
21140
21150
21156
21160
21164
21168
21170
21182
21186
21190
21200
21204
21210
21216
21222
21228
21230
21240
21250
21252
21280
21285
21294
21296
21300
21312
21315
21318
21320
21328
21330
21336
21340
21344
21350
21357
21360
21372
21375
21384
21390
21400
21402
21408
21420
21432
21440
21450
21456
21460
21462
21465
21472
21476
21480
21483
21488
21492
21500
21504
21525
21528
21546
21560
21576
21580
21582
21588
21600
21620
21624
21630
21632
21645
21648
21658
21660
21672
21675
21684
21690
21692
21696
21700
21708
21710
21714
21720
21726
21728
21735
21736
21744
21750
21756
21760
21762
21774
21780
21792
21798
21800
21804
21808
21812
21816
21824
21825
21828
21840
21850
21855
21868
21870
21879
21888
21890
21896
21900
21903
21912
21920
21924
21930
21942
21944
21945
21948
21952
21960
21978
21980
21984
21996
22000
22005
22008
22022
22032
22040
22044
22048
22050
22064
22080
22100
22110
22113
22116
22120
22134
22140
22148
22152
22155
22176
22185
22194
22197
22200
22204
22218
22220
22230
22236
22240
22248
22256
22260
22264
22272
22275
22300
22302
22304
22308
22320
22330
22338
22344
22352
22356
22360
22365
22368
22372
22374
22386
22400
22410
22420
22425
22428
22440
22446
22464
22470
22484
22491
22496
22500
22506
22512
22515
22518
22528
22533
22540
22542
22550
22554
22560
22568
22572
22575
22600
22608
22610
22620
22624
22630
22632
22638
22644
22650
22656
22660
22672
22680
22695
22698
22700
22701
22704
22720
22724
22725
22736
22750
22752
22770
22776
22780
22785
22792
22800
22806
22815
22816
22820
22842
22848
22860
22869
22876
22878
22880
22890
22896
22908
22914
22920
22932
22940
22950
22960
22968
22984
22990
22995
23000
23004
23010
23016
23028
23030
23040
23052
23058
23064
23072
23085
23088
23100
23112
23120
23128
23136
23140
23142
23160
23166
23180
23184
23188
23200
23205
23220
23226
23232
23240
23244
23247
23250
23256
23265
23276
23280
23296
23310
23316
23320
23322
23324
23328
23345
23352
23360
23364
23370
23380
23392
23400
23408
23424
23430
23436
23450
23452
23460
23472
23478
23484
23490
23496
23500
23504
23520
23528
23529
23532
23540
23544
23548
23550
23560
23562
23580
23584
23595
23598
23600
23604
23616
23625
23628
23634
23640
23650
23652
23660
23664
23667
23674
23680
23688
23700
23712
23715
23716
23730
23736
23744
23750
23751
23760
23780
23782
23790
23793
23800
23805
23808
23814
23826
23828
23850
23856
23864
23868
23870
23880
23892
23904
23912
23919
23920
23925
23936
23940
23954
23958
23970
23976
23980
23985
23994
24000
24003
24012
24016
24024
24030
24048
24050
24066
24070
24072
24075
24080
24084
24090
24100
24102
24108
24111
24112
24120
24128
24130
24138
24140
24150
24156
24168
24174
24178
24180
24192
24200
24208
24220
24225
24240
24244
24252
24255
24272
24276
24282
24288
24300
24304
24310
24318
24320
24332
24336
24344
24354
24360
24380
24384
24388
24390
24400
24402
24408
24414
24420
24426
24435
24440
24444
24450
24453
24472
24480
24486
24492
24495
24500
24510
24528
24530
24534
24544
24552
24570
24576
24596
24600
24605
24624
24633
24640
24642
24648
24650
24656
24660
24672
24675
24684
24696
24700
24705
24708
24720
24732
24738
24750
24752
24759
24766
24768
24780
24786
24795
24800
24804
24816
24820
24822
24840
24843
24850
24860
24864
24882
24885
24888
24892
24900
24912
24920
24924
24930
24940
24948
24960
24966
24969
24970
24975
24990
24992
25000
25004
25020
25024
25032
25038
25050
25056
25060
25074
25080
25092
25100
25110
25116
25137
25146
25152
25155
25160
25168
25172
25185
25194
25200
25220
25228
25232
25245
25254
25256
25270
25272
25280
25284
25290
25296
25300
25308
25312
25320
25326
25340
25344
25350
25368
25376
25380
25389
25392
25398
25400
25404
25410
25420
25424
25425
25428
25432
25440
25452
25460
25480
25488
25500
25506
25515
25520
25530
25536
25542
25545
25550
25560
25564
25568
25575
25578
25584
25600
25608
25610
25620
25630
25632
25636
25641
25648
25650
25662
25668
25676
25680
25688
25696
25704
25725
25728
25740
25752
25755
25758
25760
25776
25792
25800
25806
25830
25840
25844
25850
25857
25872
25875
25893
25896
25900
25908
25916
25920
25935
25938
25944
25956
25960
25970
25974
25984
25992
26000
26010
26019
26026
26040
26048
26052
26061
26064
26068
26070
26080
26082
26096
26100
26106
26112
26130
26136
26144
26145
26160
26166
26180
26187
26190
26200
26208
26220
26224
26226
26235
26240
26250
26260
26264
26265
26268
26280
26304
26312
26316
26320
26325
26334
26350
26352
26364
26367
26376
26390
26400
26404
26406
26412
26418
26432
26442
26448
26460
26488
26496
26500
26505
26510
26520
26532
26544
26550
26560
26565
26568
26572
26586
26598
26600
26620
26622
26640
26650
26656
26660
26664
26670
26676
26680
26688
26700
26703
26712
26720
26724
26730
26733
26740
26752
26754
26760
26768
26772
26775
26780
26784
26790
26796
26800
26820
26832
26838
26840
26850
26860
26862
26880
26884
26892
26904
26908
26910
26928
26936
26950
26964
26970
26980
26988
26992
27000
27018
27020
27027
27030
27040
27048
27054
27056
27060
27072
27075
27090
27100
27104
27120
27126
27132
27140
27144
27150
27160
27170
27180
27192
27195
27200
27216
27225
27232
27234
27240
27248
27258
27260
27264
27270
27280
27300
27306
27324
27328
27336
27342
27348
27360
27370
27376
27378
27384
27390
27400
27405
27412
27432
27440
27450
27456
27468
27472
27480
27489
27495
27500
27510
27520
27522
27528
27531
27540
27550
27552
27555
27560
27580
27588
27594
27600
27608
27612
27621
27636
27645
27648
27650
27664
27666
27675
27676
27680
27690
27692
27702
27720
27738
27740
27744
27750
27768
27776
27792
27800
27808
27810
27816
27820
27825
27830
27840
27846
27852
27860
27864
27872
27880
27885
27888
27900
27918
27924
27930
27936
27940
27945
27948
27950
27951
27960
27968
27972
27984
28000
28014
28016
28026
28028
28032
28035
28044
28050
28056
28060
28072
28080
28116
28120
28125
28128
28130
28140
28152
28160
28182
28188
28196
28200
28210
28215
28220
28224
28236
28248
28260
28272
28275
28280
28288
28290
28296
28305
28308
28314
28320
28336
28340
28350
28356
28368
28380
28386
28392
28400
28413
28416
28420
28424
28440
28448
28458
28462
28470
28476
28480
28490
28496
28500
28512
28518
28520
28536
28545
28548
28560
28566
28575
28600
28608
28611
28620
28623
28635
28638
28640
28644
28650
28652
28656
28665
28672
28674
28700
28704
28710
28728
28730
28755
28764
28768
28770
28776
28782
28785
28798
28800
28812
28820
28830
28836
28840
28842
28854
28860
28864
28875
28880
28890
28896
28900
28908
28910
28912
28917
28920
28938
28944
28952
28956
28959
28960
28968
28980
28992
29000
29008
29016
29025
29032
29036
29040
29050
29064
29070
29072
29088
29100
29104
29106
29120
29140
29145
29150
29160
29172
29184
29190
29200
29205
29210
29216
29232
29240
29250
29256
29260
29268
29274
29280
29295
29304
29322
29325
29328
29337
29340
29344
29348
29358
29370
29376
29380
29394
29400
29406
29410
29412
29415
29430
29440
29450
29480
29484
29500
29502
29512
29520
29526
29536
29540
29565
29568
29574
29580
29583
29592
29600
29601
29610
29638
29640
29646
29648
29664
29670
29680
29682
29694
29700
29718
29733
29736
29744
29750
29754
29760
29766
29784
29792
29796
29799
29800
29808
29820
29832
29835
29848
29862
29865
29868
29876
29880
29890
29898
29900
29904
29920
29925
29928
29946
29952
29960
29970
29988
29997
30000
30008
30015
30016
30020
30024
30030
30044
30048
30060
30072
30080
30090
30096
30100
30108
30114
30120
30132
30135
30140
30144
30150
30160
30176
30184
30186
30192
30195
30200
30210
30212
30222
30225
30226
30240
30250
30260
30264
30268
30272
30282
30294
30300
30303
30316
30324
30336
30340
30360
30366
30375
30380
30384
30396
30400
30408
30420
30429
30430
30438
30450
30456
30464
30470
30480
30492
30495
30498
30500
30504
30510
30520
30525
30528
30544
30550
30552
30555
30560
30576
30580
30590
30591
30597
30600
30618
30624
30636
30654
30660
30668
30672
30680
30688
30690
30702
30720
30723
30732
30740
30744
30750
30753
30770
30780
30784
30798
30800
30810
30816
30820
30825
30832
30840
30855
30856
30870
30876
30880
30888
30900
30910
30912
30940
30942
30951
30954
30960
30968
30972
30975
30976
30996
31000
31005
31008
31020
31040
31044
31050
31059
31080
31086
31096
31100
31104
31108
31110
31122
31140
31150
31152
31160
31164
31185
31188
31200
31212
31218
31220
31236
31240
31248
31255
31266
31280
31284
31290
31296
31302
31304
31312
31320
31328
31350
31356
31360
31365
31372
31374
31388
31392
31395
31400
31416
31428
31434
31440
31450
31458
31460
31464
31472
31482
31488
31500
31504
31512
31518
31520
31536
31540
31552
31560
31570
31581
31584
31590
31600
31610
31616
31620
31635
31640
31647
31650
31654
31668
31671
31680
31682
31692
31710
31720
31724
31725
31734
31740
31746
31752
31768
31780
31790
31800
31806
31808
31820
31824
31842
31845
31850
31856
31860
31872
31878
31892
31900
31920
31941
31944
31950
31960
31968
31970
31977
31980
31992
31995
32000
