2 3 7 43 3614 3614 3263442 
2 3 7 43 3618 3618 1089018 
2 3 7 43 3626 3626 467754 
2 3 7 43 3654 3654 157122 
2 3 7 43 3698 3698 77658 
2 3 7 43 3870 3870 27090 
2 3 7 43 4214 4214 12642 
2 3 7 43 5418 5418 5418 
2 3 7 44 1852 1852 427812 
2 3 7 44 1860 1860 143220 
2 3 7 44 1876 1876 61908 
2 3 7 44 1892 1892 39732 
2 3 7 44 1932 1932 21252 
2 3 7 44 1980 1980 13860 
2 3 7 44 2156 2156 6468 
2 3 7 44 2772 2772 2772 
2 3 7 45 1262 1262 397530 
2 3 7 45 1266 1266 132930 
2 3 7 45 1270 1270 80010 
2 3 7 45 1274 1274 57330 
2 3 7 45 1278 1278 44730 
2 3 7 45 1290 1290 27090 
2 3 7 45 1302 1302 19530 
2 3 7 45 1330 1330 11970 
2 3 7 45 1350 1350 9450 
2 3 7 45 1386 1386 6930 
2 3 7 45 1470 1470 4410 
2 3 7 45 1890 1890 1890 
2 3 7 47 790 790 779730 
2 3 7 47 798 798 37506 
2 3 7 47 846 846 5922 
2 3 7 48 688 688 14448 
2 3 7 48 720 720 5040 
2 3 7 48 784 784 2352 
2 3 7 48 1008 1008 1008 
2 3 7 49 590 590 86730 
2 3 7 49 594 594 29106 
2 3 7 49 602 602 12642 
2 3 7 49 630 630 4410 
2 3 7 49 686 686 2058 
2 3 7 49 882 882 882 
2 3 7 51 510 510 3570 
2 3 7 51 714 714 714 
2 3 7 52 468 468 3276 
2 3 7 53 406 406 64554 
2 3 7 56 344 344 7224 
2 3 7 56 360 360 2520 
2 3 7 56 392 392 1176 
2 3 7 56 504 504 504 
2 3 7 57 322 322 18354 
2 3 7 57 342 342 2394 
2 3 7 59 294 294 17346 
2 3 7 60 300 300 2100 
2 3 7 60 420 420 420 
2 3 7 61 270 270 115290 
2 3 7 63 254 254 16002 
2 3 7 63 258 258 5418 
2 3 7 63 266 266 2394 
2 3 7 63 270 270 1890 
2 3 7 63 294 294 882 
2 3 7 63 378 378 378 
2 3 7 65 238 238 46410 
2 3 7 68 220 220 78540 
2 3 7 72 216 216 1512 
2 3 7 73 198 198 101178 
2 3 7 75 210 210 1050 
2 3 7 76 188 188 75012 
2 3 7 77 186 186 14322 
2 3 7 77 198 198 1386 
2 3 7 84 172 172 3612 
2 3 7 84 180 180 1260 
2 3 7 84 196 196 588 
2 3 7 84 252 252 252 
2 3 7 85 170 170 3570 
2 3 7 86 86 1807 3263442 
2 3 7 86 86 1849 77658 
2 3 7 86 86 1813 467754 
2 3 7 86 86 2107 12642 
2 3 7 86 86 1809 1089018 
2 3 7 86 86 1935 27090 
2 3 7 86 86 1827 157122 
2 3 7 86 86 2709 5418 
2 3 7 87 174 174 1218 
2 3 7 88 88 968 20328 
2 3 7 88 88 952 31416 
2 3 7 88 88 936 72072 
2 3 7 88 88 1848 1848 
2 3 7 88 168 168 1848 
2 3 7 90 90 631 397530 
2 3 7 90 90 637 57330 
2 3 7 90 90 635 80010 
2 3 7 90 90 665 11970 
2 3 7 90 90 633 132930 
2 3 7 90 90 651 19530 
2 3 7 90 90 645 27090 
2 3 7 90 90 735 4410 
2 3 7 90 90 639 44730 
2 3 7 90 90 693 6930 
2 3 7 90 90 675 9450 
2 3 7 90 90 945 1890 
2 3 7 91 182 182 546 
2 3 7 92 92 484 233772 
2 3 7 92 92 644 1932 
2 3 7 93 154 154 14322 
2 3 7 94 94 395 779730 
2 3 7 94 94 423 5922 
2 3 7 94 94 399 37506 
2 3 7 96 96 352 7392 
2 3 7 96 96 672 672 
2 3 7 98 98 295 86730 
2 3 7 98 98 301 12642 
2 3 7 98 98 343 2058 
2 3 7 98 98 297 29106 
2 3 7 98 98 315 4410 
2 3 7 98 98 441 882 
2 3 7 99 146 146 101178 
2 3 7 99 154 154 1386 
2 3 7 100 100 300 2100 
2 3 7 102 102 255 3570 
2 3 7 102 102 357 714 
2 3 7 105 150 150 1050 
2 3 7 105 210 210 210 
2 3 7 106 106 203 64554 
2 3 7 108 108 196 5292 
2 3 7 108 108 252 756 
2 3 7 108 140 140 3780 
2 3 7 112 112 176 3696 
2 3 7 112 112 336 336 
2 3 7 112 144 144 1008 
2 3 7 114 114 161 18354 
2 3 7 114 114 171 2394 
2 3 7 116 132 132 26796 
2 3 7 118 118 147 17346 
2 3 7 119 130 130 46410 
2 3 7 120 120 168 840 
2 3 7 122 122 135 115290 
2 3 7 126 126 127 16002 
2 3 7 126 126 133 2394 
2 3 7 126 126 129 5418 
2 3 7 126 126 147 882 
2 3 7 126 126 135 1890 
2 3 7 126 126 189 378 
2 3 7 128 128 128 2688 
2 3 7 132 132 132 924 
2 3 7 140 140 140 420 
2 3 7 168 168 168 168 
2 3 8 25 1208 1208 90600 
2 3 8 25 1224 1224 30600 
2 3 8 25 1240 1240 18600 
2 3 8 25 1320 1320 6600 
2 3 8 25 1400 1400 4200 
2 3 8 25 1800 1800 1800 
2 3 8 26 632 632 24648 
2 3 8 26 648 648 8424 
2 3 8 26 728 728 2184 
2 3 8 26 936 936 936 
2 3 8 27 440 440 11880 
2 3 8 27 456 456 4104 
2 3 8 27 504 504 1512 
2 3 8 27 648 648 648 
2 3 8 28 344 344 7224 
2 3 8 28 360 360 2520 
2 3 8 28 392 392 1176 
2 3 8 28 504 504 504 
2 3 8 29 280 280 24360 
2 3 8 30 248 248 3720 
2 3 8 30 264 264 1320 
2 3 8 30 280 280 840 
2 3 8 30 360 360 360 
2 3 8 31 216 216 6696 
2 3 8 31 248 248 744 
2 3 8 32 224 224 672 
2 3 8 32 288 288 288 
2 3 8 33 264 264 264 
2 3 8 34 168 168 2856 
2 3 8 35 168 168 840 
2 3 8 36 152 152 1368 
2 3 8 36 168 168 504 
2 3 8 36 216 216 216 
2 3 8 38 152 152 456 
2 3 8 42 120 120 840 
2 3 8 42 168 168 168 
2 3 8 45 104 104 4680 
2 3 8 45 120 120 360 
2 3 8 48 112 112 336 
2 3 8 48 144 144 144 
2 3 8 52 104 104 312 
2 3 8 53 88 88 13992 
2 3 8 54 88 88 2376 
2 3 8 55 88 88 1320 
2 3 8 56 56 169 28392 
2 3 8 56 56 175 4200 
2 3 8 56 56 171 9576 
2 3 8 56 56 189 1512 
2 3 8 56 56 170 14280 
2 3 8 56 56 182 2184 
2 3 8 56 56 174 4872 
2 3 8 56 56 210 840 
2 3 8 56 56 172 7224 
2 3 8 56 56 196 1176 
2 3 8 56 56 180 2520 
2 3 8 56 56 252 504 
2 3 8 60 120 120 120 
2 3 8 64 64 192 192 
2 3 8 66 88 88 264 
2 3 8 72 72 73 5256 
2 3 8 72 72 75 1800 
2 3 8 72 72 81 648 
2 3 8 72 72 74 2664 
2 3 8 72 72 78 936 
2 3 8 72 72 90 360 
2 3 8 72 72 76 1368 
2 3 8 72 72 84 504 
2 3 8 72 72 108 216 
2 3 8 80 80 80 240 
2 3 8 96 96 96 96 
2 3 9 19 686 686 117306 
2 3 9 19 690 690 39330 
2 3 9 19 702 702 13338 
2 3 9 19 722 722 6498 
2 3 9 19 798 798 2394 
2 3 9 19 1026 1026 1026 
2 3 9 20 364 364 16380 
2 3 9 20 372 372 5580 
2 3 9 20 380 380 3420 
2 3 9 20 396 396 1980 
2 3 9 20 420 420 1260 
2 3 9 20 540 540 540 
2 3 9 21 254 254 16002 
2 3 9 21 258 258 5418 
2 3 9 21 266 266 2394 
2 3 9 21 270 270 1890 
2 3 9 21 294 294 882 
2 3 9 21 378 378 378 
2 3 9 23 166 166 34362 
2 3 9 24 152 152 1368 
2 3 9 24 168 168 504 
2 3 9 24 216 216 216 
2 3 9 25 130 130 5850 
2 3 9 25 150 150 450 
2 3 9 27 110 110 2970 
2 3 9 27 114 114 1026 
2 3 9 27 126 126 378 
2 3 9 27 162 162 162 
2 3 9 28 108 108 756 
2 3 9 31 86 86 23994 
2 3 9 32 96 96 288 
2 3 9 36 76 76 684 
2 3 9 36 84 84 252 
2 3 9 36 108 108 108 
2 3 9 37 74 74 666 
2 3 9 38 38 343 117306 
2 3 9 38 38 361 6498 
2 3 9 38 38 345 39330 
2 3 9 38 38 399 2394 
2 3 9 38 38 351 13338 
2 3 9 38 38 513 1026 
2 3 9 39 78 78 234 
2 3 9 40 40 184 8280 
2 3 9 40 40 200 1800 
2 3 9 40 40 216 1080 
2 3 9 40 40 360 360 
2 3 9 40 72 72 360 
2 3 9 42 42 127 16002 
2 3 9 42 42 133 2394 
2 3 9 42 42 129 5418 
2 3 9 42 42 147 882 
2 3 9 42 42 135 1890 
2 3 9 42 42 189 378 
2 3 9 43 62 62 23994 
2 3 9 44 44 100 9900 
2 3 9 44 44 132 396 
2 3 9 44 44 108 1188 
2 3 9 45 90 90 90 
2 3 9 46 46 83 34362 
2 3 9 48 48 80 720 
2 3 9 48 48 144 144 
2 3 9 50 50 65 5850 
2 3 9 50 50 75 450 
2 3 9 52 52 60 2340 
2 3 9 54 54 55 2970 
2 3 9 54 54 57 1026 
2 3 9 54 54 63 378 
2 3 9 54 54 81 162 
2 3 9 56 56 56 504 
2 3 9 60 60 60 180 
2 3 9 72 72 72 72 
2 3 10 16 496 496 7440 
2 3 10 16 528 528 2640 
2 3 10 16 560 560 1680 
2 3 10 16 720 720 720 
2 3 10 18 182 182 8190 
2 3 10 18 186 186 2790 
2 3 10 18 190 190 1710 
2 3 10 18 198 198 990 
2 3 10 18 210 210 630 
2 3 10 18 270 270 270 
2 3 10 20 124 124 1860 
2 3 10 20 132 132 660 
2 3 10 20 140 140 420 
2 3 10 20 180 180 180 
2 3 10 22 110 110 330 
2 3 10 24 120 120 120 
2 3 10 26 78 78 390 
2 3 10 30 62 62 930 
2 3 10 30 66 66 330 
2 3 10 30 70 70 210 
2 3 10 30 90 90 90 
2 3 10 32 32 288 1440 
2 3 10 32 32 480 480 
2 3 10 34 34 130 6630 
2 3 10 34 34 170 510 
2 3 10 34 54 54 4590 
2 3 10 36 36 92 4140 
2 3 10 36 36 100 900 
2 3 10 36 36 108 540 
2 3 10 36 36 180 180 
2 3 10 36 52 52 2340 
2 3 10 36 60 60 180 
2 3 10 38 50 50 2850 
2 3 10 40 40 72 360 
2 3 10 40 40 120 120 
2 3 10 42 42 70 210 
2 3 10 42 42 54 1890 
2 3 10 46 46 46 690 
2 3 10 48 48 48 240 
2 3 10 50 50 50 150 
2 3 10 60 60 60 60 
2 3 11 15 222 222 12210 
2 3 11 15 330 330 330 
2 3 11 16 176 176 528 
2 3 11 23 62 62 47058 
2 3 11 27 54 54 594 
2 3 11 28 28 308 924 
2 3 11 28 28 252 2772 
2 3 11 30 30 111 12210 
2 3 11 30 30 165 330 
2 3 11 31 46 46 47058 
2 3 11 33 66 66 66 
2 3 11 36 44 44 396 
2 3 11 40 40 40 1320 
2 3 11 44 44 44 132 
2 3 12 13 316 316 12324 
2 3 12 13 324 324 4212 
2 3 12 13 364 364 1092 
2 3 12 13 468 468 468 
2 3 12 14 172 172 3612 
2 3 12 14 180 180 1260 
2 3 12 14 196 196 588 
2 3 12 14 252 252 252 
2 3 12 15 124 124 1860 
2 3 12 15 132 132 660 
2 3 12 15 140 140 420 
2 3 12 15 180 180 180 
2 3 12 16 112 112 336 
2 3 12 16 144 144 144 
2 3 12 17 84 84 1428 
2 3 12 18 76 76 684 
2 3 12 18 84 84 252 
2 3 12 18 108 108 108 
2 3 12 19 76 76 228 
2 3 12 21 60 60 420 
2 3 12 21 84 84 84 
2 3 12 24 56 56 168 
2 3 12 24 72 72 72 
2 3 12 26 52 52 156 
2 3 12 27 44 44 1188 
2 3 12 28 28 85 7140 
2 3 12 28 28 91 1092 
2 3 12 28 28 87 2436 
2 3 12 28 28 105 420 
2 3 12 28 28 86 3612 
2 3 12 28 28 98 588 
2 3 12 28 28 90 1260 
2 3 12 28 28 126 252 
2 3 12 30 60 60 60 
2 3 12 32 32 96 96 
2 3 12 33 44 44 132 
2 3 12 36 36 37 1332 
2 3 12 36 36 39 468 
2 3 12 36 36 45 180 
2 3 12 36 36 38 684 
2 3 12 36 36 42 252 
2 3 12 36 36 54 108 
2 3 12 40 40 40 120 
2 3 12 48 48 48 48 
2 3 13 15 90 90 1170 
2 3 13 19 54 54 13338 
2 3 13 20 52 52 780 
2 3 13 24 24 168 2184 
2 3 13 24 24 312 312 
2 3 13 26 26 79 6162 
2 3 13 26 26 91 546 
2 3 13 26 26 81 2106 
2 3 13 26 26 117 234 
2 3 13 27 38 38 13338 
2 3 13 30 30 45 1170 
2 3 14 14 43 1807 3263442 
2 3 14 14 43 1849 77658 
2 3 14 14 43 1813 467754 
2 3 14 14 43 2107 12642 
2 3 14 14 43 1809 1089018 
2 3 14 14 43 1935 27090 
2 3 14 14 43 1827 157122 
2 3 14 14 43 2709 5418 
2 3 14 14 45 631 397530 
2 3 14 14 45 637 57330 
2 3 14 14 45 635 80010 
2 3 14 14 45 665 11970 
2 3 14 14 45 633 132930 
2 3 14 14 45 651 19530 
2 3 14 14 45 645 27090 
2 3 14 14 45 735 4410 
2 3 14 14 45 639 44730 
2 3 14 14 45 693 6930 
2 3 14 14 45 675 9450 
2 3 14 14 45 945 1890 
2 3 14 14 46 506 10626 
2 3 14 14 46 490 33810 
2 3 14 14 46 486 78246 
2 3 14 14 46 966 966 
2 3 14 14 47 395 779730 
2 3 14 14 47 423 5922 
2 3 14 14 47 399 37506 
2 3 14 14 49 295 86730 
2 3 14 14 49 301 12642 
2 3 14 14 49 343 2058 
2 3 14 14 49 297 29106 
2 3 14 14 49 315 4410 
2 3 14 14 49 441 882 
2 3 14 14 50 266 19950 
2 3 14 14 50 350 1050 
2 3 14 14 50 270 9450 
2 3 14 14 51 255 3570 
2 3 14 14 51 357 714 
2 3 14 14 53 203 64554 
2 3 14 14 54 190 35910 
2 3 14 14 54 210 1890 
2 3 14 14 54 198 4158 
2 3 14 14 54 378 378 
2 3 14 14 57 161 18354 
2 3 14 14 57 171 2394 
2 3 14 14 58 154 13398 
2 3 14 14 58 174 1218 
2 3 14 14 59 147 17346 
2 3 14 14 61 135 115290 
2 3 14 14 63 127 16002 
2 3 14 14 63 133 2394 
2 3 14 14 63 129 5418 
2 3 14 14 63 147 882 
2 3 14 14 63 135 1890 
2 3 14 14 63 189 378 
2 3 14 14 65 119 46410 
2 3 14 14 66 154 462 
2 3 14 14 66 126 1386 
2 3 14 14 70 106 11130 
2 3 14 14 70 110 2310 
2 3 14 14 70 126 630 
2 3 14 14 70 210 210 
2 3 14 14 73 99 101178 
2 3 14 14 74 98 10878 
2 3 14 14 75 105 1050 
2 3 14 14 77 93 14322 
2 3 14 14 77 99 1386 
2 3 14 14 86 86 1806 
2 3 14 14 90 90 630 
2 3 14 14 98 98 294 
2 3 14 14 126 126 126 
2 3 14 18 54 54 378 
2 3 14 22 22 242 5082 
2 3 14 22 22 238 7854 
2 3 14 22 22 234 18018 
2 3 14 22 22 462 462 
2 3 14 22 42 42 462 
2 3 14 24 24 88 1848 
2 3 14 24 24 168 168 
2 3 14 28 28 44 924 
2 3 14 28 28 84 84 
2 3 14 28 36 36 252 
2 3 14 30 30 42 210 
2 3 14 32 32 32 672 
2 3 14 42 42 42 42 
2 3 15 20 60 60 60 
2 3 15 21 42 42 210 
2 3 15 22 22 111 12210 
2 3 15 22 22 165 330 
2 3 15 24 24 72 360 
2 3 15 24 24 120 120 
2 3 15 24 40 40 120 
2 3 15 26 26 45 1170 
2 3 15 28 28 36 1260 
2 3 15 30 30 31 930 
2 3 15 30 30 35 210 
2 3 15 30 30 33 330 
2 3 15 30 30 45 90 
2 3 16 16 25 624 15600 
2 3 16 16 25 720 3600 
2 3 16 16 25 1200 1200 
2 3 16 16 26 336 4368 
2 3 16 16 26 624 624 
2 3 16 16 27 240 2160 
2 3 16 16 27 432 432 
2 3 16 16 28 176 3696 
2 3 16 16 28 336 336 
2 3 16 16 29 144 4176 
2 3 16 16 30 144 720 
2 3 16 16 30 240 240 
2 3 16 16 35 80 1680 
2 3 16 16 36 80 720 
2 3 16 16 36 144 144 
2 3 16 16 40 80 240 
2 3 16 16 48 49 2352 
2 3 16 16 48 51 816 
2 3 16 16 48 50 1200 
2 3 16 16 48 54 432 
2 3 16 16 48 52 624 
2 3 16 16 48 60 240 
2 3 16 16 48 56 336 
2 3 16 16 48 72 144 
2 3 16 18 48 48 144 
2 3 16 24 48 48 48 
2 3 16 32 32 32 96 
2 3 17 21 34 34 714 
2 3 17 28 28 28 1428 
2 3 18 18 19 343 117306 
2 3 18 18 19 361 6498 
2 3 18 18 19 345 39330 
2 3 18 18 19 399 2394 
2 3 18 18 19 351 13338 
2 3 18 18 19 513 1026 
2 3 18 18 21 127 16002 
2 3 18 18 21 133 2394 
2 3 18 18 21 129 5418 
2 3 18 18 21 147 882 
2 3 18 18 21 135 1890 
2 3 18 18 21 189 378 
2 3 18 18 22 110 990 
2 3 18 18 22 102 3366 
2 3 18 18 22 198 198 
2 3 18 18 23 83 34362 
2 3 18 18 25 65 5850 
2 3 18 18 25 75 450 
2 3 18 18 26 78 234 
2 3 18 18 27 55 2970 
2 3 18 18 27 57 1026 
2 3 18 18 27 63 378 
2 3 18 18 27 81 162 
2 3 18 18 30 46 2070 
2 3 18 18 30 50 450 
2 3 18 18 30 54 270 
2 3 18 18 30 90 90 
2 3 18 18 31 43 23994 
2 3 18 18 38 38 342 
2 3 18 18 42 42 126 
2 3 18 18 54 54 54 
2 3 18 20 20 92 4140 
2 3 18 20 20 100 900 
2 3 18 20 20 108 540 
2 3 18 20 20 180 180 
2 3 18 20 36 36 180 
2 3 18 22 22 50 4950 
2 3 18 22 22 66 198 
2 3 18 22 22 54 594 
2 3 18 24 24 40 360 
2 3 18 24 24 72 72 
2 3 18 26 26 30 1170 
2 3 18 28 28 28 252 
2 3 18 30 30 30 90 
2 3 18 36 36 36 36 
2 3 19 20 20 76 1140 
2 3 19 26 26 27 13338 
2 3 20 20 20 61 3660 
2 3 20 20 20 65 780 
2 3 20 20 20 63 1260 
2 3 20 20 20 75 300 
2 3 20 20 20 62 1860 
2 3 20 20 20 70 420 
2 3 20 20 20 66 660 
2 3 20 20 20 90 180 
2 3 20 20 21 60 420 
2 3 20 20 26 36 2340 
2 3 20 20 27 36 540 
2 3 20 20 28 35 420 
2 3 20 20 30 36 180 
2 3 20 20 30 60 60 
2 3 20 24 24 40 120 
2 3 21 28 28 28 84 
2 3 22 22 22 34 1122 
2 3 22 22 22 66 66 
2 3 22 22 23 31 47058 
2 3 24 24 24 25 600 
2 3 24 24 24 27 216 
2 3 24 24 24 26 312 
2 3 24 24 24 30 120 
2 3 24 24 24 28 168 
2 3 24 24 24 36 72 
2 3 26 26 26 26 78 
2 3 30 30 30 30 30 
2 4 5 21 844 844 88620 
2 4 5 21 852 852 29820 
2 4 5 21 860 860 18060 
2 4 5 21 868 868 13020 
2 4 5 21 900 900 6300 
2 4 5 21 924 924 4620 
2 4 5 21 980 980 2940 
2 4 5 21 1260 1260 1260 
2 4 5 22 444 444 24420 
2 4 5 22 460 460 5060 
2 4 5 22 484 484 2420 
2 4 5 22 660 660 660 
2 4 5 23 308 308 35420 
2 4 5 23 460 460 460 
2 4 5 24 248 248 3720 
2 4 5 24 264 264 1320 
2 4 5 24 280 280 840 
2 4 5 24 360 360 360 
2 4 5 25 204 204 5100 
2 4 5 25 220 220 1100 
2 4 5 25 300 300 300 
2 4 5 26 180 180 2340 
2 4 5 26 260 260 260 
2 4 5 27 156 156 7020 
2 4 5 27 180 180 540 
2 4 5 30 124 124 1860 
2 4 5 30 132 132 660 
2 4 5 30 140 140 420 
2 4 5 30 180 180 180 
2 4 5 31 124 124 620 
2 4 5 32 160 160 160 
2 4 5 34 100 100 1700 
2 4 5 35 100 100 700 
2 4 5 35 140 140 140 
2 4 5 40 88 88 440 
2 4 5 40 120 120 120 
2 4 5 42 84 84 420 
2 4 5 44 44 221 48620 
2 4 5 44 44 231 4620 
2 4 5 44 44 225 9900 
2 4 5 44 44 275 1100 
2 4 5 44 44 222 24420 
2 4 5 44 44 242 2420 
2 4 5 44 44 230 5060 
2 4 5 44 44 330 660 
2 4 5 48 48 144 720 
2 4 5 48 48 240 240 
2 4 5 48 80 80 240 
2 4 5 50 68 68 1700 
2 4 5 50 100 100 100 
2 4 5 51 68 68 1020 
2 4 5 52 52 87 22620 
2 4 5 52 52 91 1820 
2 4 5 52 52 90 2340 
2 4 5 52 52 130 260 
2 4 5 56 56 72 2520 
2 4 5 60 60 61 3660 
2 4 5 60 60 65 780 
2 4 5 60 60 63 1260 
2 4 5 60 60 75 300 
2 4 5 60 60 62 1860 
2 4 5 60 60 70 420 
2 4 5 60 60 66 660 
2 4 5 60 60 90 180 
2 4 5 64 64 64 320 
2 4 5 80 80 80 80 
2 4 6 13 316 316 12324 
2 4 6 13 324 324 4212 
2 4 6 13 364 364 1092 
2 4 6 13 468 468 468 
2 4 6 14 172 172 3612 
2 4 6 14 180 180 1260 
2 4 6 14 196 196 588 
2 4 6 14 252 252 252 
2 4 6 15 124 124 1860 
2 4 6 15 132 132 660 
2 4 6 15 140 140 420 
2 4 6 15 180 180 180 
2 4 6 16 112 112 336 
2 4 6 16 144 144 144 
2 4 6 17 84 84 1428 
2 4 6 18 76 76 684 
2 4 6 18 84 84 252 
2 4 6 18 108 108 108 
2 4 6 19 76 76 228 
2 4 6 21 60 60 420 
2 4 6 21 84 84 84 
2 4 6 24 56 56 168 
2 4 6 24 72 72 72 
2 4 6 26 52 52 156 
2 4 6 27 44 44 1188 
2 4 6 28 28 85 7140 
2 4 6 28 28 91 1092 
2 4 6 28 28 87 2436 
2 4 6 28 28 105 420 
2 4 6 28 28 86 3612 
2 4 6 28 28 98 588 
2 4 6 28 28 90 1260 
2 4 6 28 28 126 252 
2 4 6 30 60 60 60 
2 4 6 32 32 96 96 
2 4 6 33 44 44 132 
2 4 6 36 36 37 1332 
2 4 6 36 36 39 468 
2 4 6 36 36 45 180 
2 4 6 36 36 38 684 
2 4 6 36 36 42 252 
2 4 6 36 36 54 108 
2 4 6 40 40 40 120 
2 4 6 48 48 48 48 
2 4 7 10 284 284 9940 
2 4 7 10 300 300 2100 
2 4 7 10 308 308 1540 
2 4 7 10 420 420 420 
2 4 7 11 124 124 9548 
2 4 7 11 132 132 924 
2 4 7 14 60 60 420 
2 4 7 14 84 84 84 
2 4 7 16 48 48 336 
2 4 7 20 20 141 19740 
2 4 7 20 20 147 2940 
2 4 7 20 20 145 4060 
2 4 7 20 20 175 700 
2 4 7 20 20 142 9940 
2 4 7 20 20 154 1540 
2 4 7 20 20 150 2100 
2 4 7 20 20 210 420 
2 4 7 21 36 36 252 
2 4 7 24 24 56 168 
2 4 7 28 28 29 812 
2 4 7 28 28 35 140 
2 4 7 28 28 30 420 
2 4 7 28 28 42 84 
2 4 8 9 152 152 1368 
2 4 8 9 168 168 504 
2 4 8 9 216 216 216 
2 4 8 10 88 88 440 
2 4 8 10 120 120 120 
2 4 8 11 88 88 88 
2 4 8 12 56 56 168 
2 4 8 12 72 72 72 
2 4 8 14 40 40 280 
2 4 8 14 56 56 56 
2 4 8 15 40 40 120 
2 4 8 16 48 48 48 
2 4 8 20 40 40 40 
2 4 8 24 24 25 600 
2 4 8 24 24 27 216 
2 4 8 24 24 26 312 
2 4 8 24 24 30 120 
2 4 8 24 24 28 168 
2 4 8 24 24 36 72 
2 4 8 32 32 32 32 
2 4 9 10 52 52 2340 
2 4 9 10 60 60 180 
2 4 9 11 44 44 396 
2 4 9 15 28 28 1260 
2 4 9 16 16 80 720 
2 4 9 16 16 144 144 
2 4 9 18 36 36 36 
2 4 9 20 20 27 540 
2 4 9 20 20 26 2340 
2 4 9 20 20 30 180 
2 4 9 24 24 24 72 
2 4 10 14 28 28 140 
2 4 10 16 16 48 240 
2 4 10 16 16 80 80 
2 4 10 20 20 21 420 
2 4 10 20 20 25 100 
2 4 10 20 20 22 220 
2 4 10 20 20 30 60 
2 4 11 17 20 20 3740 
2 4 12 12 13 157 24492 
2 4 12 12 13 169 2028 
2 4 12 12 13 159 8268 
2 4 12 12 13 195 780 
2 4 12 12 13 158 12324 
2 4 12 12 13 182 1092 
2 4 12 12 13 162 4212 
2 4 12 12 13 234 468 
2 4 12 12 14 85 7140 
2 4 12 12 14 91 1092 
2 4 12 12 14 87 2436 
2 4 12 12 14 105 420 
2 4 12 12 14 86 3612 
2 4 12 12 14 98 588 
2 4 12 12 14 90 1260 
2 4 12 12 14 126 252 
2 4 12 12 15 61 3660 
2 4 12 12 15 65 780 
2 4 12 12 15 63 1260 
2 4 12 12 15 75 300 
2 4 12 12 15 62 1860 
2 4 12 12 15 70 420 
2 4 12 12 15 66 660 
2 4 12 12 15 90 180 
2 4 12 12 17 41 8364 
2 4 12 12 17 51 204 
2 4 12 12 17 42 1428 
2 4 12 12 18 37 1332 
2 4 12 12 18 39 468 
2 4 12 12 18 45 180 
2 4 12 12 18 38 684 
2 4 12 12 18 42 252 
2 4 12 12 18 54 108 
2 4 12 12 19 33 2508 
2 4 12 12 19 38 228 
2 4 12 12 20 36 180 
2 4 12 12 20 60 60 
2 4 12 12 21 30 420 
2 4 12 12 21 42 84 
2 4 12 12 22 27 1188 
2 4 12 12 22 33 132 
2 4 12 12 28 28 84 
2 4 12 12 36 36 36 
2 4 12 16 16 48 48 
2 4 12 20 20 20 60 
2 4 12 24 24 24 24 
2 4 16 16 16 17 272 
2 4 16 16 16 18 144 
2 4 16 16 16 20 80 
2 4 16 16 16 24 48 
2 4 20 20 20 20 20 
2 5 6 8 248 248 3720 
2 5 6 8 264 264 1320 
2 5 6 8 280 280 840 
2 5 6 8 360 360 360 
2 5 6 10 62 62 930 
2 5 6 10 66 66 330 
2 5 6 10 70 70 210 
2 5 6 10 90 90 90 
2 5 6 12 60 60 60 
2 5 6 16 16 144 720 
2 5 6 16 16 240 240 
2 5 6 18 18 46 2070 
2 5 6 18 18 50 450 
2 5 6 18 18 54 270 
2 5 6 18 18 90 90 
2 5 6 18 26 26 1170 
2 5 6 18 30 30 90 
2 5 6 20 20 36 180 
2 5 6 20 20 60 60 
2 5 6 24 24 24 120 
2 5 6 30 30 30 30 
2 5 7 12 28 28 420 
2 5 7 14 14 71 4970 
2 5 7 14 14 77 770 
2 5 7 14 14 75 1050 
2 5 7 14 14 105 210 
2 5 7 20 20 20 140 
2 5 8 8 21 424 44520 
2 5 8 8 21 440 9240 
2 5 8 8 21 504 2520 
2 5 8 8 21 840 840 
2 5 8 8 22 264 1320 
2 5 8 8 22 440 440 
2 5 8 8 23 184 920 
2 5 8 8 24 121 14520 
2 5 8 8 24 125 3000 
2 5 8 8 24 123 4920 
2 5 8 8 24 135 1080 
2 5 8 8 24 122 7320 
2 5 8 8 24 130 1560 
2 5 8 8 24 126 2520 
2 5 8 8 24 150 600 
2 5 8 8 24 124 3720 
2 5 8 8 24 140 840 
2 5 8 8 24 132 1320 
2 5 8 8 24 180 360 
2 5 8 8 25 104 2600 
2 5 8 8 25 120 600 
2 5 8 8 25 200 200 
2 5 8 8 26 88 5720 
2 5 8 8 26 104 520 
2 5 8 8 28 72 2520 
2 5 8 8 30 72 360 
2 5 8 8 30 120 120 
2 5 8 8 35 56 280 
2 5 8 8 40 41 1640 
2 5 8 8 40 45 360 
2 5 8 8 40 42 840 
2 5 8 8 40 50 200 
2 5 8 8 40 44 440 
2 5 8 8 40 60 120 
2 5 8 10 40 40 40 
2 5 8 11 24 24 1320 
2 5 8 12 24 24 120 
2 5 9 12 12 60 180 
2 5 9 12 20 20 180 
2 5 9 13 18 18 1170 
2 5 9 15 18 18 90 
2 5 9 16 16 16 720 
2 5 10 10 11 111 12210 
2 5 10 10 11 121 1210 
2 5 10 10 11 115 2530 
2 5 10 10 11 165 330 
2 5 10 10 13 45 1170 
2 5 10 10 13 65 130 
2 5 10 10 14 42 210 
2 5 10 10 14 70 70 
2 5 10 10 15 31 930 
2 5 10 10 15 35 210 
2 5 10 10 15 33 330 
2 5 10 10 15 45 90 
2 5 10 10 17 25 850 
2 5 10 10 18 30 90 
2 5 10 10 22 22 110 
2 5 10 10 30 30 30 
2 5 10 12 12 36 180 
2 5 10 12 12 60 60 
2 5 10 12 20 20 60 
2 5 10 14 14 18 630 
2 5 10 16 16 16 80 
2 5 10 20 20 20 20 
2 5 12 12 12 21 420 
2 5 12 12 12 30 60 
2 5 12 12 15 20 60 
2 5 14 14 14 14 70 
2 6 6 7 43 1807 3263442 
2 6 6 7 43 1849 77658 
2 6 6 7 43 1813 467754 
2 6 6 7 43 2107 12642 
2 6 6 7 43 1809 1089018 
2 6 6 7 43 1935 27090 
2 6 6 7 43 1827 157122 
2 6 6 7 43 2709 5418 
2 6 6 7 45 631 397530 
2 6 6 7 45 637 57330 
2 6 6 7 45 635 80010 
2 6 6 7 45 665 11970 
2 6 6 7 45 633 132930 
2 6 6 7 45 651 19530 
2 6 6 7 45 645 27090 
2 6 6 7 45 735 4410 
2 6 6 7 45 639 44730 
2 6 6 7 45 693 6930 
2 6 6 7 45 675 9450 
2 6 6 7 45 945 1890 
2 6 6 7 46 506 10626 
2 6 6 7 46 490 33810 
2 6 6 7 46 486 78246 
2 6 6 7 46 966 966 
2 6 6 7 47 395 779730 
2 6 6 7 47 423 5922 
2 6 6 7 47 399 37506 
2 6 6 7 49 295 86730 
2 6 6 7 49 301 12642 
2 6 6 7 49 343 2058 
2 6 6 7 49 297 29106 
2 6 6 7 49 315 4410 
2 6 6 7 49 441 882 
2 6 6 7 50 266 19950 
2 6 6 7 50 350 1050 
2 6 6 7 50 270 9450 
2 6 6 7 51 255 3570 
2 6 6 7 51 357 714 
2 6 6 7 53 203 64554 
2 6 6 7 54 190 35910 
2 6 6 7 54 210 1890 
2 6 6 7 54 198 4158 
2 6 6 7 54 378 378 
2 6 6 7 57 161 18354 
2 6 6 7 57 171 2394 
2 6 6 7 58 154 13398 
2 6 6 7 58 174 1218 
2 6 6 7 59 147 17346 
2 6 6 7 61 135 115290 
2 6 6 7 63 127 16002 
2 6 6 7 63 133 2394 
2 6 6 7 63 129 5418 
2 6 6 7 63 147 882 
2 6 6 7 63 135 1890 
2 6 6 7 63 189 378 
2 6 6 7 65 119 46410 
2 6 6 7 66 154 462 
2 6 6 7 66 126 1386 
2 6 6 7 70 106 11130 
2 6 6 7 70 110 2310 
2 6 6 7 70 126 630 
2 6 6 7 70 210 210 
2 6 6 7 73 99 101178 
2 6 6 7 74 98 10878 
2 6 6 7 75 105 1050 
2 6 6 7 77 93 14322 
2 6 6 7 77 99 1386 
2 6 6 7 86 86 1806 
2 6 6 7 90 90 630 
2 6 6 7 98 98 294 
2 6 6 7 126 126 126 
2 6 6 9 19 343 117306 
2 6 6 9 19 361 6498 
2 6 6 9 19 345 39330 
2 6 6 9 19 399 2394 
2 6 6 9 19 351 13338 
2 6 6 9 19 513 1026 
2 6 6 9 21 127 16002 
2 6 6 9 21 133 2394 
2 6 6 9 21 129 5418 
2 6 6 9 21 147 882 
2 6 6 9 21 135 1890 
2 6 6 9 21 189 378 
2 6 6 9 22 110 990 
2 6 6 9 22 102 3366 
2 6 6 9 22 198 198 
2 6 6 9 23 83 34362 
2 6 6 9 25 65 5850 
2 6 6 9 25 75 450 
2 6 6 9 26 78 234 
2 6 6 9 27 55 2970 
2 6 6 9 27 57 1026 
2 6 6 9 27 63 378 
2 6 6 9 27 81 162 
2 6 6 9 30 46 2070 
2 6 6 9 30 50 450 
2 6 6 9 30 54 270 
2 6 6 9 30 90 90 
2 6 6 9 31 43 23994 
2 6 6 9 38 38 342 
2 6 6 9 42 42 126 
2 6 6 9 54 54 54 
2 6 6 10 17 130 6630 
2 6 6 10 17 170 510 
2 6 6 10 18 91 8190 
2 6 6 10 18 95 1710 
2 6 6 10 18 93 2790 
2 6 6 10 18 105 630 
2 6 6 10 18 99 990 
2 6 6 10 18 135 270 
2 6 6 10 21 70 210 
2 6 6 10 21 54 1890 
2 6 6 10 22 55 330 
2 6 6 10 23 46 690 
2 6 6 10 25 38 2850 
2 6 6 10 25 50 150 
2 6 6 10 26 39 390 
2 6 6 10 27 34 4590 
2 6 6 10 30 31 930 
2 6 6 10 30 35 210 
2 6 6 10 30 33 330 
2 6 6 10 30 45 90 
2 6 6 11 14 242 5082 
2 6 6 11 14 238 7854 
2 6 6 11 14 234 18018 
2 6 6 11 14 462 462 
2 6 6 11 15 111 12210 
2 6 6 11 15 165 330 
2 6 6 11 18 50 4950 
2 6 6 11 18 66 198 
2 6 6 11 18 54 594 
2 6 6 11 22 34 1122 
2 6 6 11 22 66 66 
2 6 6 11 23 31 47058 
2 6 6 13 15 45 1170 
2 6 6 13 18 30 1170 
2 6 6 13 19 27 13338 
2 6 6 13 26 26 78 
2 6 6 14 14 43 1806 
2 6 6 14 14 49 294 
2 6 6 14 14 45 630 
2 6 6 14 14 63 126 
2 6 6 14 15 42 210 
2 6 6 14 18 27 378 
2 6 6 14 21 22 462 
2 6 6 14 21 42 42 
2 6 6 15 18 30 90 
2 6 6 15 30 30 30 
2 6 6 18 18 19 342 
2 6 6 18 18 21 126 
2 6 6 18 18 27 54 
2 6 7 12 12 44 924 
2 6 7 12 12 84 84 
2 6 7 14 14 22 462 
2 6 7 14 14 42 42 
2 6 7 14 18 18 126 
2 6 7 16 16 16 336 
2 6 8 8 13 168 2184 
2 6 8 8 13 312 312 
2 6 8 8 14 88 1848 
2 6 8 8 14 168 168 
2 6 8 8 15 72 360 
2 6 8 8 15 120 120 
2 6 8 8 18 40 360 
2 6 8 8 18 72 72 
2 6 8 8 20 40 120 
2 6 8 8 24 25 600 
2 6 8 8 24 27 216 
2 6 8 8 24 26 312 
2 6 8 8 24 30 120 
2 6 8 8 24 28 168 
2 6 8 8 24 36 72 
2 6 8 9 24 24 72 
2 6 8 12 24 24 24 
2 6 8 16 16 16 48 
2 6 9 10 10 46 2070 
2 6 9 10 10 50 450 
2 6 9 10 10 54 270 
2 6 9 10 10 90 90 
2 6 9 10 18 18 90 
2 6 9 12 12 20 180 
2 6 9 12 12 36 36 
2 6 9 14 14 14 126 
2 6 9 18 18 18 18 
2 6 10 10 10 31 930 
2 6 10 10 10 35 210 
2 6 10 10 10 33 330 
2 6 10 10 10 45 90 
2 6 10 10 13 18 1170 
2 6 10 10 15 18 90 
2 6 10 10 15 30 30 
2 6 10 12 12 20 60 
2 6 12 12 12 13 156 
2 6 12 12 12 15 60 
2 6 12 12 12 14 84 
2 6 12 12 12 18 36 
2 7 8 8 10 168 840 
2 7 8 8 10 280 280 
2 7 8 8 12 56 168 
2 7 8 8 14 56 56 
2 7 10 10 10 18 630 
2 7 10 10 14 14 70 
2 7 14 14 14 14 14 
2 8 8 8 9 73 5256 
2 8 8 8 9 75 1800 
2 8 8 8 9 81 648 
2 8 8 8 9 74 2664 
2 8 8 8 9 78 936 
2 8 8 8 9 90 360 
2 8 8 8 9 76 1368 
2 8 8 8 9 84 504 
2 8 8 8 9 108 216 
2 8 8 8 10 41 1640 
2 8 8 8 10 45 360 
2 8 8 8 10 42 840 
2 8 8 8 10 50 200 
2 8 8 8 10 44 440 
2 8 8 8 10 60 120 
2 8 8 8 11 33 264 
2 8 8 8 11 30 1320 
2 8 8 8 11 44 88 
2 8 8 8 12 25 600 
2 8 8 8 12 27 216 
2 8 8 8 12 26 312 
2 8 8 8 12 30 120 
2 8 8 8 12 28 168 
2 8 8 8 12 36 72 
2 8 8 8 13 21 2184 
2 8 8 8 13 26 104 
2 8 8 8 14 19 1064 
2 8 8 8 14 21 168 
2 8 8 8 14 20 280 
2 8 8 8 14 28 56 
2 8 8 8 15 18 360 
2 8 8 8 15 20 120 
2 8 8 8 24 24 24 
2 8 8 9 12 24 72 
2 10 10 10 10 11 110 
2 10 10 10 10 15 30 
2 12 12 12 12 12 12 
3 3 5 9 47 1081 48645 
3 3 5 9 47 1175 10575 
3 3 5 9 47 1059 746595 
3 3 5 9 47 1065 150165 
3 3 5 9 47 1269 6345 
3 3 5 9 47 2115 2115 
3 3 5 9 49 553 174195 
3 3 5 9 49 555 81585 
3 3 5 9 49 735 2205 
3 3 5 9 49 567 19845 
3 3 5 9 51 383 292995 
3 3 5 9 51 391 17595 
3 3 5 9 51 385 58905 
3 3 5 9 51 425 3825 
3 3 5 9 51 387 32895 
3 3 5 9 51 459 2295 
3 3 5 9 51 405 6885 
3 3 5 9 51 765 765 
3 3 5 9 55 253 11385 
3 3 5 9 55 275 2475 
3 3 5 9 55 249 41085 
3 3 5 9 55 255 8415 
3 3 5 9 55 297 1485 
3 3 5 9 55 495 495 
3 3 5 9 57 215 36765 
3 3 5 9 57 285 855 
3 3 5 9 57 225 4275 
3 3 5 9 61 183 2745 
3 3 5 9 63 161 7245 
3 3 5 9 63 175 1575 
3 3 5 9 63 159 16695 
3 3 5 9 63 165 3465 
3 3 5 9 63 189 945 
3 3 5 9 63 315 315 
3 3 5 9 65 147 28665 
3 3 5 9 65 195 585 
3 3 5 9 69 135 3105 
3 3 5 9 71 123 130995 
3 3 5 9 75 113 25425 
3 3 5 9 75 115 5175 
3 3 5 9 75 125 1125 
3 3 5 9 75 117 2925 
3 3 5 9 75 135 675 
3 3 5 9 75 225 225 
3 3 5 9 79 105 24885 
3 3 5 9 81 105 2835 
3 3 5 9 81 135 405 
3 3 5 9 91 91 4095 
3 3 5 9 93 93 1395 
3 3 5 9 95 95 855 
3 3 5 9 99 99 495 
3 3 5 9 105 105 315 
3 3 5 9 135 135 135 
3 3 5 11 25 413 340725 
3 3 5 11 25 415 68475 
3 3 5 11 25 425 14025 
3 3 5 11 25 429 10725 
3 3 5 11 25 495 2475 
3 3 5 11 25 825 825 
3 3 5 11 27 187 25245 
3 3 5 11 27 189 10395 
3 3 5 11 31 99 15345 
3 3 5 11 33 83 13695 
3 3 5 11 33 85 2805 
3 3 5 11 33 99 495 
3 3 5 11 33 165 165 
3 3 5 11 35 77 1155 
3 3 5 11 37 65 79365 
3 3 5 11 45 55 495 
3 3 5 11 55 55 165 
3 3 5 13 19 265 196365 
3 3 5 13 19 285 3705 
3 3 5 13 21 117 4095 
3 3 5 13 25 61 59475 
3 3 5 13 25 65 975 
3 3 5 13 33 39 2145 
3 3 5 13 39 39 195 
3 3 5 15 17 129 10965 
3 3 5 15 17 153 765 
3 3 5 15 17 135 2295 
3 3 5 15 17 255 255 
3 3 5 15 19 95 285 
3 3 5 15 19 75 1425 
3 3 5 15 21 53 5565 
3 3 5 15 21 55 1155 
3 3 5 15 21 63 315 
3 3 5 15 21 105 105 
3 3 5 15 23 45 1035 
3 3 5 15 25 39 975 
3 3 5 15 25 45 225 
3 3 5 15 25 75 75 
3 3 5 15 27 35 945 
3 3 5 15 27 45 135 
3 3 5 15 31 31 465 
3 3 5 15 33 33 165 
3 3 5 15 35 35 105 
3 3 5 15 45 45 45 
3 3 5 17 17 65 3315 
3 3 5 17 17 85 255 
3 3 5 17 25 29 36975 
3 3 5 17 27 27 2295 
3 3 5 19 25 25 1425 
3 3 5 21 21 35 105 
3 3 5 21 21 27 945 
3 3 5 23 23 23 345 
3 3 5 25 25 25 75 
3 3 7 7 23 253 5313 
3 3 7 7 23 245 16905 
3 3 7 7 23 243 39123 
3 3 7 7 23 483 483 
3 3 7 7 25 133 9975 
3 3 7 7 25 175 525 
3 3 7 7 25 135 4725 
3 3 7 7 27 95 17955 
3 3 7 7 27 105 945 
3 3 7 7 27 99 2079 
3 3 7 7 27 189 189 
3 3 7 7 29 77 6699 
3 3 7 7 29 87 609 
3 3 7 7 33 77 231 
3 3 7 7 33 63 693 
3 3 7 7 35 53 5565 
3 3 7 7 35 55 1155 
3 3 7 7 35 63 315 
3 3 7 7 35 105 105 
3 3 7 7 37 49 5439 
3 3 7 7 43 43 903 
3 3 7 7 45 45 315 
3 3 7 7 49 49 147 
3 3 7 7 63 63 63 
3 3 7 9 13 413 48321 
3 3 7 9 13 455 4095 
3 3 7 9 13 411 112203 
3 3 7 9 13 429 9009 
3 3 7 9 13 441 5733 
3 3 7 9 13 819 819 
3 3 7 9 15 79 24885 
3 3 7 9 15 105 315 
3 3 7 9 15 81 2835 
3 3 7 9 17 49 7497 
3 3 7 9 17 51 1071 
3 3 7 9 21 35 315 
3 3 7 9 21 33 693 
3 3 7 9 21 63 63 
3 3 7 9 27 27 189 
3 3 7 11 11 121 2541 
3 3 7 11 11 119 3927 
3 3 7 11 11 117 9009 
3 3 7 11 11 231 231 
3 3 7 11 21 21 231 
3 3 7 15 15 21 105 
3 3 7 21 21 21 21 
3 3 9 9 11 55 495 
3 3 9 9 11 51 1683 
3 3 9 9 11 99 99 
3 3 9 9 13 39 117 
3 3 9 9 15 23 1035 
3 3 9 9 15 25 225 
3 3 9 9 15 27 135 
3 3 9 9 15 45 45 
3 3 9 9 19 19 171 
3 3 9 9 21 21 63 
3 3 9 9 27 27 27 
3 3 9 11 11 25 2475 
3 3 9 11 11 33 99 
3 3 9 11 11 27 297 
3 3 9 13 13 15 585 
3 3 9 15 15 15 45 
3 3 11 11 11 17 561 
3 3 11 11 11 33 33 
3 3 13 13 13 13 39 
3 3 15 15 15 15 15 
3 4 4 7 43 1892 39732 
3 4 4 7 43 1820 234780 
3 4 4 7 43 1812 545412 
3 4 4 7 43 3612 3612 
3 4 4 7 44 925 854700 
3 4 4 7 44 935 78540 
3 4 4 7 44 931 122892 
3 4 4 7 44 1001 12012 
3 4 4 7 44 927 285516 
3 4 4 7 44 957 26796 
3 4 4 7 44 945 41580 
3 4 4 7 44 1155 4620 
3 4 4 7 44 926 427812 
3 4 4 7 44 946 39732 
3 4 4 7 44 938 61908 
3 4 4 7 44 1078 6468 
3 4 4 7 44 930 143220 
3 4 4 7 44 990 13860 
3 4 4 7 44 966 21252 
3 4 4 7 44 1386 2772 
3 4 4 7 45 644 28980 
3 4 4 7 45 700 6300 
3 4 4 7 45 636 66780 
3 4 4 7 45 660 13860 
3 4 4 7 45 756 3780 
3 4 4 7 45 1260 1260 
3 4 4 7 46 484 233772 
3 4 4 7 46 644 1932 
3 4 4 7 47 396 130284 
3 4 4 7 49 308 6468 
3 4 4 7 49 300 14700 
3 4 4 7 49 588 588 
3 4 4 7 50 300 2100 
3 4 4 7 51 252 4284 
3 4 4 7 52 221 18564 
3 4 4 7 52 219 79716 
3 4 4 7 52 273 1092 
3 4 4 7 52 234 3276 
3 4 4 7 53 212 4452 
3 4 4 7 54 196 5292 
3 4 4 7 54 252 756 
3 4 4 7 55 180 13860 
3 4 4 7 60 141 19740 
3 4 4 7 60 147 2940 
3 4 4 7 60 150 2100 
3 4 4 7 60 210 420 
3 4 4 7 63 140 1260 
3 4 4 7 63 132 2772 
3 4 4 7 63 252 252 
3 4 4 7 66 116 26796 
3 4 4 7 66 132 924 
3 4 4 7 68 119 1428 
3 4 4 7 68 110 78540 
3 4 4 7 69 108 17388 
3 4 4 7 70 140 420 
3 4 4 7 70 108 3780 
3 4 4 7 75 100 2100 
3 4 4 7 76 95 7980 
3 4 4 7 76 94 75012 
3 4 4 7 84 85 7140 
3 4 4 7 84 91 1092 
3 4 4 7 84 87 2436 
3 4 4 7 84 105 420 
3 4 4 7 84 86 3612 
3 4 4 7 84 98 588 
3 4 4 7 84 90 1260 
3 4 4 7 84 126 252 
3 4 4 9 19 380 3420 
3 4 4 9 19 348 19836 
3 4 4 9 19 684 684 
3 4 4 9 20 181 32580 
3 4 4 9 20 185 6660 
3 4 4 9 20 183 10980 
3 4 4 9 20 195 2340 
3 4 4 9 20 189 3780 
3 4 4 9 20 225 900 
3 4 4 9 20 182 16380 
3 4 4 9 20 190 3420 
3 4 4 9 20 186 5580 
3 4 4 9 20 210 1260 
3 4 4 9 20 198 1980 
3 4 4 9 20 270 540 
3 4 4 9 21 140 1260 
3 4 4 9 21 132 2772 
3 4 4 9 21 252 252 
3 4 4 9 22 100 9900 
3 4 4 9 22 132 396 
3 4 4 9 22 108 1188 
3 4 4 9 23 92 828 
3 4 4 9 23 84 5796 
3 4 4 9 26 60 2340 
3 4 4 9 27 60 540 
3 4 4 9 27 108 108 
3 4 4 9 28 51 4284 
3 4 4 9 28 63 252 
3 4 4 9 28 54 756 
3 4 4 9 30 60 180 
3 4 4 9 33 44 396 
3 4 4 9 36 37 1332 
3 4 4 9 36 39 468 
3 4 4 9 36 45 180 
3 4 4 9 36 38 684 
3 4 4 9 36 42 252 
3 4 4 9 36 54 108 
3 4 4 10 18 92 4140 
3 4 4 10 18 100 900 
3 4 4 10 18 108 540 
3 4 4 10 18 180 180 
3 4 4 10 19 76 1140 
3 4 4 10 20 61 3660 
3 4 4 10 20 65 780 
3 4 4 10 20 63 1260 
3 4 4 10 20 75 300 
3 4 4 10 20 62 1860 
3 4 4 10 20 70 420 
3 4 4 10 20 66 660 
3 4 4 10 20 90 180 
3 4 4 10 21 60 420 
3 4 4 10 26 36 2340 
3 4 4 10 27 36 540 
3 4 4 10 28 35 420 
3 4 4 10 30 36 180 
3 4 4 10 30 60 60 
3 4 4 11 14 308 924 
3 4 4 11 14 252 2772 
3 4 4 11 15 132 660 
3 4 4 11 19 44 2508 
3 4 4 11 20 39 8580 
3 4 4 11 21 36 2772 
3 4 4 11 22 44 132 
3 4 4 11 22 36 396 
3 4 4 11 25 28 23100 
3 4 4 12 13 157 24492 
3 4 4 12 13 169 2028 
3 4 4 12 13 159 8268 
3 4 4 12 13 195 780 
3 4 4 12 13 158 12324 
3 4 4 12 13 182 1092 
3 4 4 12 13 162 4212 
3 4 4 12 13 234 468 
3 4 4 12 14 85 7140 
3 4 4 12 14 91 1092 
3 4 4 12 14 87 2436 
3 4 4 12 14 105 420 
3 4 4 12 14 86 3612 
3 4 4 12 14 98 588 
3 4 4 12 14 90 1260 
3 4 4 12 14 126 252 
3 4 4 12 15 61 3660 
3 4 4 12 15 65 780 
3 4 4 12 15 63 1260 
3 4 4 12 15 75 300 
3 4 4 12 15 62 1860 
3 4 4 12 15 70 420 
3 4 4 12 15 66 660 
3 4 4 12 15 90 180 
3 4 4 12 17 41 8364 
3 4 4 12 17 51 204 
3 4 4 12 17 42 1428 
3 4 4 12 18 37 1332 
3 4 4 12 18 39 468 
3 4 4 12 18 45 180 
3 4 4 12 18 38 684 
3 4 4 12 18 42 252 
3 4 4 12 18 54 108 
3 4 4 12 19 33 2508 
3 4 4 12 19 38 228 
3 4 4 12 20 36 180 
3 4 4 12 20 60 60 
3 4 4 12 21 30 420 
3 4 4 12 21 42 84 
3 4 4 12 22 27 1188 
3 4 4 12 22 33 132 
3 4 4 12 28 28 84 
3 4 4 12 36 36 36 
3 4 4 13 20 26 780 
3 4 4 14 15 36 1260 
3 4 4 14 17 28 1428 
3 4 4 14 18 28 252 
3 4 4 14 21 28 84 
3 4 4 15 20 21 420 
3 4 4 15 20 30 60 
3 4 4 20 20 20 60 
3 4 5 6 60 60 60 
3 4 5 7 28 28 420 
3 4 5 8 24 24 120 
3 4 5 9 20 20 180 
3 4 5 10 20 20 60 
3 4 5 12 12 21 420 
3 4 5 12 12 30 60 
3 4 6 8 24 24 24 
3 4 6 12 12 13 156 
3 4 6 12 12 15 60 
3 4 6 12 12 14 84 
3 4 6 12 12 18 36 
3 4 7 8 8 56 168 
3 4 8 8 8 25 600 
3 4 8 8 8 27 216 
3 4 8 8 8 26 312 
3 4 8 8 8 30 120 
3 4 8 8 8 28 168 
3 4 8 8 8 36 72 
3 4 8 8 9 24 72 
3 4 8 8 12 24 24 
3 4 12 12 12 12 12 
3 5 5 5 17 129 10965 
3 5 5 5 17 153 765 
3 5 5 5 17 135 2295 
3 5 5 5 17 255 255 
3 5 5 5 19 95 285 
3 5 5 5 19 75 1425 
3 5 5 5 21 53 5565 
3 5 5 5 21 55 1155 
3 5 5 5 21 63 315 
3 5 5 5 21 105 105 
3 5 5 5 23 45 1035 
3 5 5 5 25 39 975 
3 5 5 5 25 45 225 
3 5 5 5 25 75 75 
3 5 5 5 27 35 945 
3 5 5 5 27 45 135 
3 5 5 5 31 31 465 
3 5 5 5 33 33 165 
3 5 5 5 35 35 105 
3 5 5 5 45 45 45 
3 5 5 7 9 79 24885 
3 5 5 7 9 105 315 
3 5 5 7 9 81 2835 
3 5 5 7 15 21 105 
3 5 5 9 9 23 1035 
3 5 5 9 9 25 225 
3 5 5 9 9 27 135 
3 5 5 9 9 45 45 
3 5 5 9 13 13 585 
3 5 5 9 15 15 45 
3 5 5 15 15 15 15 
3 5 6 6 9 46 2070 
3 5 6 6 9 50 450 
3 5 6 6 9 54 270 
3 5 6 6 9 90 90 
3 5 6 6 10 31 930 
3 5 6 6 10 35 210 
3 5 6 6 10 33 330 
3 5 6 6 10 45 90 
3 5 6 6 13 18 1170 
3 5 6 6 15 18 90 
3 5 6 6 15 30 30 
3 5 6 8 8 24 120 
3 5 6 10 10 15 30 
3 5 7 7 7 35 105 
3 5 7 7 7 27 945 
3 5 7 7 9 15 315 
3 5 8 8 8 11 1320 
3 5 8 8 8 12 120 
3 5 9 9 9 9 45 
3 6 6 6 7 43 1806 
3 6 6 6 7 49 294 
3 6 6 6 7 45 630 
3 6 6 6 7 63 126 
3 6 6 6 9 19 342 
3 6 6 6 9 21 126 
3 6 6 6 9 27 54 
3 6 6 6 10 18 90 
3 6 6 6 10 30 30 
3 6 6 6 14 14 42 
3 6 6 6 18 18 18 
3 6 6 7 9 14 126 
3 6 6 10 10 10 30 
3 6 8 8 8 9 72 
3 6 8 8 8 12 24 
3 7 7 7 7 11 231 
3 7 7 7 7 21 21 
3 7 7 7 9 9 63 
3 8 8 8 8 8 24 
3 9 9 9 9 9 9 
4 4 4 5 21 421 176820 
4 4 4 5 21 427 25620 
4 4 4 5 21 425 35700 
4 4 4 5 21 455 5460 
4 4 4 5 21 423 59220 
4 4 4 5 21 441 8820 
4 4 4 5 21 435 12180 
4 4 4 5 21 525 2100 
4 4 4 5 21 422 88620 
4 4 4 5 21 434 13020 
4 4 4 5 21 430 18060 
4 4 4 5 21 490 2940 
4 4 4 5 21 426 29820 
4 4 4 5 21 462 4620 
4 4 4 5 21 450 6300 
4 4 4 5 21 630 1260 
4 4 4 5 22 221 48620 
4 4 4 5 22 231 4620 
4 4 4 5 22 225 9900 
4 4 4 5 22 275 1100 
4 4 4 5 22 222 24420 
4 4 4 5 22 242 2420 
4 4 4 5 22 230 5060 
4 4 4 5 22 330 660 
4 4 4 5 23 161 3220 
4 4 4 5 23 155 14260 
4 4 4 5 23 154 35420 
4 4 4 5 23 230 460 
4 4 4 5 25 101 10100 
4 4 4 5 25 105 2100 
4 4 4 5 25 125 500 
4 4 4 5 25 102 5100 
4 4 4 5 25 110 1100 
4 4 4 5 25 150 300 
4 4 4 5 26 87 22620 
4 4 4 5 26 91 1820 
4 4 4 5 26 90 2340 
4 4 4 5 26 130 260 
4 4 4 5 27 81 1620 
4 4 4 5 27 78 7020 
4 4 4 5 27 90 540 
4 4 4 5 28 84 420 
4 4 4 5 28 140 140 
4 4 4 5 29 65 7540 
4 4 4 5 30 61 3660 
4 4 4 5 30 65 780 
4 4 4 5 30 63 1260 
4 4 4 5 30 75 300 
4 4 4 5 30 62 1860 
4 4 4 5 30 70 420 
4 4 4 5 30 66 660 
4 4 4 5 30 90 180 
4 4 4 5 31 62 620 
4 4 4 5 33 55 660 
4 4 4 5 33 51 11220 
4 4 4 5 34 51 1020 
4 4 4 5 34 50 1700 
4 4 4 5 35 47 6580 
4 4 4 5 35 49 980 
4 4 4 5 35 50 700 
4 4 4 5 35 70 140 
4 4 4 5 36 60 180 
4 4 4 5 44 44 220 
4 4 4 5 60 60 60 
4 4 4 6 13 157 24492 
4 4 4 6 13 169 2028 
4 4 4 6 13 159 8268 
4 4 4 6 13 195 780 
4 4 4 6 13 158 12324 
4 4 4 6 13 182 1092 
4 4 4 6 13 162 4212 
4 4 4 6 13 234 468 
4 4 4 6 14 85 7140 
4 4 4 6 14 91 1092 
4 4 4 6 14 87 2436 
4 4 4 6 14 105 420 
4 4 4 6 14 86 3612 
4 4 4 6 14 98 588 
4 4 4 6 14 90 1260 
4 4 4 6 14 126 252 
4 4 4 6 15 61 3660 
4 4 4 6 15 65 780 
4 4 4 6 15 63 1260 
4 4 4 6 15 75 300 
4 4 4 6 15 62 1860 
4 4 4 6 15 70 420 
4 4 4 6 15 66 660 
4 4 4 6 15 90 180 
4 4 4 6 17 41 8364 
4 4 4 6 17 51 204 
4 4 4 6 17 42 1428 
4 4 4 6 18 37 1332 
4 4 4 6 18 39 468 
4 4 4 6 18 45 180 
4 4 4 6 18 38 684 
4 4 4 6 18 42 252 
4 4 4 6 18 54 108 
4 4 4 6 19 33 2508 
4 4 4 6 19 38 228 
4 4 4 6 20 36 180 
4 4 4 6 20 60 60 
4 4 4 6 21 30 420 
4 4 4 6 21 42 84 
4 4 4 6 22 27 1188 
4 4 4 6 22 33 132 
4 4 4 6 28 28 84 
4 4 4 6 36 36 36 
4 4 4 7 10 141 19740 
4 4 4 7 10 147 2940 
4 4 4 7 10 145 4060 
4 4 4 7 10 175 700 
4 4 4 7 10 142 9940 
4 4 4 7 10 154 1540 
4 4 4 7 10 150 2100 
4 4 4 7 10 210 420 
4 4 4 7 11 63 2772 
4 4 4 7 11 77 308 
4 4 4 7 11 62 9548 
4 4 4 7 11 66 924 
4 4 4 7 12 44 924 
4 4 4 7 12 84 84 
4 4 4 7 14 29 812 
4 4 4 7 14 35 140 
4 4 4 7 14 30 420 
4 4 4 7 14 42 84 
4 4 4 7 15 25 2100 
4 4 4 7 17 21 1428 
4 4 4 7 18 21 252 
4 4 4 7 20 20 140 
4 4 4 7 28 28 28 
4 4 4 9 10 27 540 
4 4 4 9 10 26 2340 
4 4 4 9 10 30 180 
4 4 4 9 11 21 2772 
4 4 4 9 11 22 396 
4 4 4 9 12 20 180 
4 4 4 9 12 36 36 
4 4 4 9 14 15 1260 
4 4 4 10 11 17 3740 
4 4 4 10 12 20 60 
4 4 4 10 20 20 20 
4 4 4 12 12 13 156 
4 4 4 12 12 15 60 
4 4 4 12 12 14 84 
4 4 4 12 12 18 36 
4 4 5 6 9 60 180 
4 4 5 6 10 36 180 
4 4 5 6 10 60 60 
4 4 5 6 12 21 420 
4 4 5 6 12 30 60 
4 4 5 6 15 20 60 
4 4 5 7 10 20 140 
4 4 5 7 12 14 420 
4 4 5 9 10 12 180 
4 4 6 12 12 12 12 
4 5 6 8 8 8 120 
4 8 8 8 8 8 8 
5 5 5 5 7 21 105 
5 5 5 5 7 35 35 
5 5 5 5 9 15 45 
5 5 5 5 11 11 55 
5 5 5 5 15 15 15 
5 5 5 7 7 9 315 
5 5 7 7 7 7 35 
5 6 6 6 6 10 30 
6 6 6 6 6 7 42 
6 6 6 6 6 9 18 
7 7 7 7 7 7 7 
