for file in EgyFracL{1..5}Div.txt; do sed 's/^\(.*\)$/[\1]/' "$file" | sed 's/ /,/g'; done > EgyFracL1-5Div.txt

sage: L=[[] for i in range(5)]
....: with open('EgyFracL1-5Div.txt') as f:
....:     for line in f:
....:         t = eval(line)
....:         m=max(t)
....:         l=len(t)
....:         if not m in L[l-1]:
....:             L[l-1].append(m)
....:     for i in range(5):
....:         L[i].sort()
....:     print([len(ll) for ll in L],L)
....: 
[1, 1, 3, 9, 48] [[1], [2], [3, 4, 6], [4, 6, 8, 10, 12, 18, 20, 24, 42], [5, 6, 8, 9, 10, 12, 14, 15, 16, 18, 20, 21, 24, 28, 30, 36, 40, 42, 45, 48, 54, 60, 70, 72, 78, 84, 90, 96, 100, 110, 120, 126, 140, 156, 168, 180, 216, 220, 240, 294, 312, 336, 342, 420, 600, 630, 924, 1806]]

sage: %attach /home/sebastien/Nutstore Files/SAGE/TypesFinder.spyx
sage: T=[]
sage: for i in range(5): 
....:     TT=[]
....:     for n in L[i]:
....:         print(n)
....:         TT.append([n, TypesFinder(n, i+1)])
....:     T.append(TT) 
....:
sage: [sum([len(t[1]) for t in TT]) for TT in T]
[1, 1, 2, 7, 208]
sage: TTT=[]
sage: for TT in T:
....:     for t in TT:
....:         TTT.extend(t[1])
....: 
sage: len(TTT)
219

sage: %attach /home/sebastien/Nutstore Files/SAGE/TypeCriteria.sage
sage: L1=TypesCriteria(TTT,1)
sage: len(TTT); len(L1)
219
147

sage: %attach /home/sebastien/Nutstore Files/SAGE/TypeToNormaliz.sage
sage: TypesToNormalizAlone(L1)
# It creates 205 input files
# Now, we apply Normaliz:

for i in *; do normaliz -x=4 -c "$i"; done

# Result: 4 (simple) + 28 (non-simple) output files with solutions + 1 for trivial case = 33 

ls *.fus > FUS.sage
# Transform FUS.sage containing the list L of types
sage: %attach FUS.sage
sage: len(L)
32		# we did not put the trivial case
sage: T=[]
sage: for l in L:
....:     t=l[0]
....:     if not t in T:
....:         T.append(t)
....: 
sage: len(T)
26			# number of (non-trivial) fusion types

#To count the number of fusion rings:
awk 'FNR==1{sum+=$1} END{print sum}' *.out
31 (simple) + 4 (non-simple) + 1 (trivial) = 36

# Transform the .fus file as one line per fusion ring:
for file in *.fus
do
    # Check if the file is a regular file
    if [ -f "$file" ]; then
        # Apply the command to the file
        cat "$file" | tr -d '[:space:]' | sed -e '1s/^.//' -e '$s/.$//' -e 's/]]],\[\[\[/]]]\n\[\[\[/g' > temp.fus && mv temp.fus "$file"
    fi
done

sage: %attach /home/sebastien/Nutstore Files/SAGE/AllCriteria.sage
sage: L=FolderChecking()
sage: len(L)
28			# number of (non-trivial) Drinfeld rings

## Summary ##
# number of fusion types: 	27
# number of fusion rings: 	36
# number of Drinfeld rings: 	29


sage: LL=[[] for i in range(5)]
sage: LL[0] = [1,[1],[0],[1],[[[1]]]]		#trivial case
sage: for l in L:
....:     r=len(l[1])
....:     LL[r-1].append(l)
....: 
sage: print(LL)	 		# Below is the list of these 29 Drinfeld rings
[[1,[1],[0],[1],
[
[[1]]
]],
[[2,[1,1],[0,1],[2,2],
[
[[1,0],[0,1]],
[[0,1],[1,0]]
]]],
[[3,[1,1,1],[0,2,1],[3,3,3],
[
[[1,0,0],[0,1,0],[0,0,1]],
[[0,1,0],[0,0,1],[1,0,0]],
[[0,0,1],[1,0,0],[0,1,0]]
]],
[6,[1,1,2],[0,1,2],[2,3,6],
[
[[1,0,0],[0,1,0],[0,0,1]],
[[0,1,0],[1,0,0],[0,0,1]],
[[0,0,1],[0,0,1],[1,1,1]]
]]],
[[4,[1,1,1,1],[0,1,2,3],[4,4,4,4],
[
[[1,0,0,0],[0,1,0,0],[0,0,1,0],[0,0,0,1]],
[[0,1,0,0],[1,0,0,0],[0,0,0,1],[0,0,1,0]],
[[0,0,1,0],[0,0,0,1],[1,0,0,0],[0,1,0,0]],
[[0,0,0,1],[0,0,1,0],[0,1,0,0],[1,0,0,0]]
]],
[4,[1,1,1,1],[0,1,3,2],[4,4,4,4],
[
[[1,0,0,0],[0,1,0,0],[0,0,1,0],[0,0,0,1]],
[[0,1,0,0],[1,0,0,0],[0,0,0,1],[0,0,1,0]],
[[0,0,1,0],[0,0,0,1],[0,1,0,0],[1,0,0,0]],
[[0,0,0,1],[0,0,1,0],[1,0,0,0],[0,1,0,0]]
]],
[10,[1,1,2,2],[0,1,2,3],[2,5,5,10],
[
[[1,0,0,0],[0,1,0,0],[0,0,1,0],[0,0,0,1]],
[[0,1,0,0],[1,0,0,0],[0,0,1,0],[0,0,0,1]],
[[0,0,1,0],[0,0,1,0],[1,1,0,1],[0,0,1,1]],
[[0,0,0,1],[0,0,0,1],[0,0,1,1],[1,1,1,0]]
]],
[12,[1,1,1,3],[0,2,1,3],[3,3,4,12],
[
[[1,0,0,0],[0,1,0,0],[0,0,1,0],[0,0,0,1]],
[[0,1,0,0],[0,0,1,0],[1,0,0,0],[0,0,0,1]],
[[0,0,1,0],[1,0,0,0],[0,1,0,0],[0,0,0,1]],
[[0,0,0,1],[0,0,0,1],[0,0,0,1],[1,1,1,2]]
]],
[42,[1,1,2,6],[0,1,2,3],[2,3,7,42],
[
[[1,0,0,0],[0,1,0,0],[0,0,1,0],[0,0,0,1]],
[[0,1,0,0],[1,0,0,0],[0,0,1,0],[0,0,0,1]],
[[0,0,1,0],[0,0,1,0],[1,1,1,0],[0,0,0,2]],
[[0,0,0,1],[0,0,0,1],[0,0,0,2],[1,1,2,5]]
]]],
[[5,[1,1,1,1,1],[0,4,3,2,1],[5,5,5,5,5],
[
[[1,0,0,0,0],[0,1,0,0,0],[0,0,1,0,0],[0,0,0,1,0],[0,0,0,0,1]],
[[0,1,0,0,0],[0,0,0,1,0],[0,0,0,0,1],[0,0,1,0,0],[1,0,0,0,0]],
[[0,0,1,0,0],[0,0,0,0,1],[0,1,0,0,0],[1,0,0,0,0],[0,0,0,1,0]],
[[0,0,0,1,0],[0,0,1,0,0],[1,0,0,0,0],[0,0,0,0,1],[0,1,0,0,0]],
[[0,0,0,0,1],[1,0,0,0,0],[0,0,0,1,0],[0,1,0,0,0],[0,0,1,0,0]]
]],
[8,[1,1,1,1,2],[0,1,2,3,4],[4,4,4,8,8],
[
[[1,0,0,0,0],[0,1,0,0,0],[0,0,1,0,0],[0,0,0,1,0],[0,0,0,0,1]],
[[0,1,0,0,0],[1,0,0,0,0],[0,0,0,1,0],[0,0,1,0,0],[0,0,0,0,1]],
[[0,0,1,0,0],[0,0,0,1,0],[1,0,0,0,0],[0,1,0,0,0],[0,0,0,0,1]],
[[0,0,0,1,0],[0,0,1,0,0],[0,1,0,0,0],[1,0,0,0,0],[0,0,0,0,1]],
[[0,0,0,0,1],[0,0,0,0,1],[0,0,0,0,1],[0,0,0,0,1],[1,1,1,1,0]]
]],
[8,[1,1,1,1,2],[0,1,3,2,4],[4,4,4,8,8],
[
[[1,0,0,0,0],[0,1,0,0,0],[0,0,1,0,0],[0,0,0,1,0],[0,0,0,0,1]],
[[0,1,0,0,0],[1,0,0,0,0],[0,0,0,1,0],[0,0,1,0,0],[0,0,0,0,1]],
[[0,0,1,0,0],[0,0,0,1,0],[0,1,0,0,0],[1,0,0,0,0],[0,0,0,0,1]],
[[0,0,0,1,0],[0,0,1,0,0],[1,0,0,0,0],[0,1,0,0,0],[0,0,0,0,1]],
[[0,0,0,0,1],[0,0,0,0,1],[0,0,0,0,1],[0,0,0,0,1],[1,1,1,1,0]]
]],
[14,[1,1,2,2,2],[0,1,2,3,4],[2,7,7,7,14],
[
[[1,0,0,0,0],[0,1,0,0,0],[0,0,1,0,0],[0,0,0,1,0],[0,0,0,0,1]],
[[0,1,0,0,0],[1,0,0,0,0],[0,0,1,0,0],[0,0,0,1,0],[0,0,0,0,1]],
[[0,0,1,0,0],[0,0,1,0,0],[1,1,0,0,1],[0,0,0,1,1],[0,0,1,1,0]],
[[0,0,0,1,0],[0,0,0,1,0],[0,0,0,1,1],[1,1,1,0,0],[0,0,1,0,1]],
[[0,0,0,0,1],[0,0,0,0,1],[0,0,1,1,0],[0,0,1,0,1],[1,1,0,1,0]]
]],
[20,[1,1,1,1,4],[0,1,2,3,4],[4,4,4,5,20],
[
[[1,0,0,0,0],[0,1,0,0,0],[0,0,1,0,0],[0,0,0,1,0],[0,0,0,0,1]],
[[0,1,0,0,0],[1,0,0,0,0],[0,0,0,1,0],[0,0,1,0,0],[0,0,0,0,1]],
[[0,0,1,0,0],[0,0,0,1,0],[1,0,0,0,0],[0,1,0,0,0],[0,0,0,0,1]],
[[0,0,0,1,0],[0,0,1,0,0],[0,1,0,0,0],[1,0,0,0,0],[0,0,0,0,1]],
[[0,0,0,0,1],[0,0,0,0,1],[0,0,0,0,1],[0,0,0,0,1],[1,1,1,1,3]]
]],
[20,[1,1,1,1,4],[0,1,3,2,4],[4,4,4,5,20],
[
[[1,0,0,0,0],[0,1,0,0,0],[0,0,1,0,0],[0,0,0,1,0],[0,0,0,0,1]],
[[0,1,0,0,0],[1,0,0,0,0],[0,0,0,1,0],[0,0,1,0,0],[0,0,0,0,1]],
[[0,0,1,0,0],[0,0,0,1,0],[0,1,0,0,0],[1,0,0,0,0],[0,0,0,0,1]],
[[0,0,0,1,0],[0,0,1,0,0],[1,0,0,0,0],[0,1,0,0,0],[0,0,0,0,1]],
[[0,0,0,0,1],[0,0,0,0,1],[0,0,0,0,1],[0,0,0,0,1],[1,1,1,1,3]]
]],
[21,[1,1,1,3,3],[0,2,1,4,3],[3,3,7,7,21],
[
[[1,0,0,0,0],[0,1,0,0,0],[0,0,1,0,0],[0,0,0,1,0],[0,0,0,0,1]],
[[0,1,0,0,0],[0,0,1,0,0],[1,0,0,0,0],[0,0,0,1,0],[0,0,0,0,1]],
[[0,0,1,0,0],[1,0,0,0,0],[0,1,0,0,0],[0,0,0,1,0],[0,0,0,0,1]],
[[0,0,0,1,0],[0,0,0,1,0],[0,0,0,1,0],[0,0,0,1,2],[1,1,1,1,1]],
[[0,0,0,0,1],[0,0,0,0,1],[0,0,0,0,1],[1,1,1,1,1],[0,0,0,2,1]]
]],
[24,[1,1,2,3,3],[0,1,2,3,4],[3,4,4,8,24],
[
[[1,0,0,0,0],[0,1,0,0,0],[0,0,1,0,0],[0,0,0,1,0],[0,0,0,0,1]],
[[0,1,0,0,0],[1,0,0,0,0],[0,0,1,0,0],[0,0,0,0,1],[0,0,0,1,0]],
[[0,0,1,0,0],[0,0,1,0,0],[1,1,1,0,0],[0,0,0,1,1],[0,0,0,1,1]],
[[0,0,0,1,0],[0,0,0,0,1],[0,0,0,1,1],[1,0,1,1,1],[0,1,1,1,1]],
[[0,0,0,0,1],[0,0,0,1,0],[0,0,0,1,1],[0,1,1,1,1],[1,0,1,1,1]]
]],
[24,[1,1,2,3,3],[0,1,2,4,3],[3,4,4,8,24],
[
[[1,0,0,0,0],[0,1,0,0,0],[0,0,1,0,0],[0,0,0,1,0],[0,0,0,0,1]],
[[0,1,0,0,0],[1,0,0,0,0],[0,0,1,0,0],[0,0,0,0,1],[0,0,0,1,0]],
[[0,0,1,0,0],[0,0,1,0,0],[1,1,1,0,0],[0,0,0,1,1],[0,0,0,1,1]],
[[0,0,0,1,0],[0,0,0,0,1],[0,0,0,1,1],[0,1,1,1,1],[1,0,1,1,1]],
[[0,0,0,0,1],[0,0,0,1,0],[0,0,0,1,1],[1,0,1,1,1],[0,1,1,1,1]]
]],
[48,[1,1,1,3,6],[0,2,1,3,4],[3,3,4,16,48],
[
[[1,0,0,0,0],[0,1,0,0,0],[0,0,1,0,0],[0,0,0,1,0],[0,0,0,0,1]],
[[0,1,0,0,0],[0,0,1,0,0],[1,0,0,0,0],[0,0,0,1,0],[0,0,0,0,1]],
[[0,0,1,0,0],[1,0,0,0,0],[0,1,0,0,0],[0,0,0,1,0],[0,0,0,0,1]],
[[0,0,0,1,0],[0,0,0,1,0],[0,0,0,1,0],[1,1,1,2,0],[0,0,0,0,3]],
[[0,0,0,0,1],[0,0,0,0,1],[0,0,0,0,1],[0,0,0,0,3],[1,1,1,3,4]]
]],
[60,[1,3,3,4,5],[0,1,2,3,4],[3,4,5,5,60],
[
[[1,0,0,0,0],[0,1,0,0,0],[0,0,1,0,0],[0,0,0,1,0],[0,0,0,0,1]],
[[0,1,0,0,0],[1,1,0,0,1],[0,0,0,1,1],[0,0,1,1,1],[0,1,1,1,1]],
[[0,0,1,0,0],[0,0,0,1,1],[1,0,1,0,1],[0,1,0,1,1],[0,1,1,1,1]],
[[0,0,0,1,0],[0,0,1,1,1],[0,1,0,1,1],[1,1,1,1,1],[0,1,1,1,2]],
[[0,0,0,0,1],[0,1,1,1,1],[0,1,1,1,1],[0,1,1,1,2],[1,1,1,2,2]]
]],
[70,[1,1,4,4,6],[0,1,3,2,4],[2,5,7,7,70],
[
[[1,0,0,0,0],[0,1,0,0,0],[0,0,1,0,0],[0,0,0,1,0],[0,0,0,0,1]],
[[0,1,0,0,0],[1,0,0,0,0],[0,0,1,0,0],[0,0,0,1,0],[0,0,0,0,1]],
[[0,0,1,0,0],[0,0,1,0,0],[0,0,1,0,2],[1,1,1,1,1],[0,0,1,2,2]],
[[0,0,0,1,0],[0,0,0,1,0],[1,1,1,1,1],[0,0,0,1,2],[0,0,2,1,2]],
[[0,0,0,0,1],[0,0,0,0,1],[0,0,1,2,2],[0,0,2,1,2],[1,1,2,2,3]]
]],
[78,[1,1,2,6,6],[0,1,2,3,4],[2,3,13,13,78],
[
[[1,0,0,0,0],[0,1,0,0,0],[0,0,1,0,0],[0,0,0,1,0],[0,0,0,0,1]],
[[0,1,0,0,0],[1,0,0,0,0],[0,0,1,0,0],[0,0,0,1,0],[0,0,0,0,1]],
[[0,0,1,0,0],[0,0,1,0,0],[1,1,1,0,0],[0,0,0,2,0],[0,0,0,0,2]],
[[0,0,0,1,0],[0,0,0,1,0],[0,0,0,2,0],[1,1,2,2,3],[0,0,0,3,3]],
[[0,0,0,0,1],[0,0,0,0,1],[0,0,0,0,2],[0,0,0,3,3],[1,1,2,3,2]]
]],
[110,[1,1,2,2,10],[0,1,2,3,4],[2,5,5,11,110],
[
[[1,0,0,0,0],[0,1,0,0,0],[0,0,1,0,0],[0,0,0,1,0],[0,0,0,0,1]],
[[0,1,0,0,0],[1,0,0,0,0],[0,0,1,0,0],[0,0,0,1,0],[0,0,0,0,1]],
[[0,0,1,0,0],[0,0,1,0,0],[1,1,0,1,0],[0,0,1,1,0],[0,0,0,0,2]],
[[0,0,0,1,0],[0,0,0,1,0],[0,0,1,1,0],[1,1,1,0,0],[0,0,0,0,2]],
[[0,0,0,0,1],[0,0,0,0,1],[0,0,0,0,2],[0,0,0,0,2],[1,1,2,2,9]]
]],
[120,[1,1,1,6,9],[0,2,1,3,4],[3,3,5,8,120],
[
[[1,0,0,0,0],[0,1,0,0,0],[0,0,1,0,0],[0,0,0,1,0],[0,0,0,0,1]],
[[0,1,0,0,0],[0,0,1,0,0],[1,0,0,0,0],[0,0,0,1,0],[0,0,0,0,1]],
[[0,0,1,0,0],[1,0,0,0,0],[0,1,0,0,0],[0,0,0,1,0],[0,0,0,0,1]],
[[0,0,0,1,0],[0,0,0,1,0],[0,0,0,1,0],[1,1,1,1,3],[0,0,0,3,4]],
[[0,0,0,0,1],[0,0,0,0,1],[0,0,0,0,1],[0,0,0,3,4],[1,1,1,4,6]]
]],
[140,[1,1,5,7,8],[0,1,2,3,4],[2,4,7,10,140],
[
[[1,0,0,0,0],[0,1,0,0,0],[0,0,1,0,0],[0,0,0,1,0],[0,0,0,0,1]],
[[0,1,0,0,0],[1,0,0,0,0],[0,0,1,0,0],[0,0,0,1,0],[0,0,0,0,1]],
[[0,0,1,0,0],[0,0,1,0,0],[1,1,0,1,2],[0,0,1,2,2],[0,0,2,2,2]],
[[0,0,0,1,0],[0,0,0,1,0],[0,0,1,2,2],[1,1,2,3,2],[0,0,2,2,4]],
[[0,0,0,0,1],[0,0,0,0,1],[0,0,2,2,2],[0,0,2,2,4],[1,1,2,4,3]]
]],
[156,[1,1,1,3,12],[0,2,1,3,4],[3,3,4,13,156],
[
[[1,0,0,0,0],[0,1,0,0,0],[0,0,1,0,0],[0,0,0,1,0],[0,0,0,0,1]],
[[0,1,0,0,0],[0,0,1,0,0],[1,0,0,0,0],[0,0,0,1,0],[0,0,0,0,1]],
[[0,0,1,0,0],[1,0,0,0,0],[0,1,0,0,0],[0,0,0,1,0],[0,0,0,0,1]],
[[0,0,0,1,0],[0,0,0,1,0],[0,0,0,1,0],[1,1,1,2,0],[0,0,0,0,3]],
[[0,0,0,0,1],[0,0,0,0,1],[0,0,0,0,1],[0,0,0,0,3],[1,1,1,3,11]]
]],
[240,[1,1,2,3,15],[0,1,2,3,4],[2,3,10,16,240],
[
[[1,0,0,0,0],[0,1,0,0,0],[0,0,1,0,0],[0,0,0,1,0],[0,0,0,0,1]],
[[0,1,0,0,0],[1,0,0,0,0],[0,0,1,0,0],[0,0,0,1,0],[0,0,0,0,1]],
[[0,0,1,0,0],[0,0,1,0,0],[1,1,1,0,0],[0,0,0,2,0],[0,0,0,0,2]],
[[0,0,0,1,0],[0,0,0,1,0],[0,0,0,2,0],[1,1,2,1,0],[0,0,0,0,3]],
[[0,0,0,0,1],[0,0,0,0,1],[0,0,0,0,2],[0,0,0,0,3],[1,1,2,3,14]]
]],
[312,[1,1,2,9,15],[0,1,2,3,4],[2,3,8,26,312],
[
[[1,0,0,0,0],[0,1,0,0,0],[0,0,1,0,0],[0,0,0,1,0],[0,0,0,0,1]],
[[0,1,0,0,0],[1,0,0,0,0],[0,0,1,0,0],[0,0,0,1,0],[0,0,0,0,1]],
[[0,0,1,0,0],[0,0,1,0,0],[1,1,1,0,0],[0,0,0,2,0],[0,0,0,0,2]],
[[0,0,0,1,0],[0,0,0,1,0],[0,0,0,2,0],[1,1,2,0,5],[0,0,0,5,6]],
[[0,0,0,0,1],[0,0,0,0,1],[0,0,0,0,2],[0,0,0,5,6],[1,1,2,6,11]]
]],
[1806,[1,1,2,6,42],[0,1,2,3,4],[2,3,7,43,1806],
[
[[1,0,0,0,0],[0,1,0,0,0],[0,0,1,0,0],[0,0,0,1,0],[0,0,0,0,1]],
[[0,1,0,0,0],[1,0,0,0,0],[0,0,1,0,0],[0,0,0,1,0],[0,0,0,0,1]],
[[0,0,1,0,0],[0,0,1,0,0],[1,1,1,0,0],[0,0,0,2,0],[0,0,0,0,2]],
[[0,0,0,1,0],[0,0,0,1,0],[0,0,0,2,0],[1,1,2,5,0],[0,0,0,0,6]],
[[0,0,0,0,1],[0,0,0,0,1],[0,0,0,0,2],[0,0,0,0,6],[1,1,2,6,41]]]]]]

