# List of possible global FPdim from MNSD Egyptian fractions with divisibility constraint:

sage: last_numbers = [int(line.strip().split()[-1]) for line in open("EgyFracL9DivMNSD.txt")]
sage: L=[]
sage: L=list(set(last_numbers))
sage: L.sort()
sage: len(L)
76
sage: print(L)
[9, 21, 25, 33, 45, 57, 65, 81, 105, 117, 165, 189, 225, 273, 297, 333, 357, 385, 425, 441, 465, 513, 525, 585, 605, 609, 693, 945, 1029, 1053, 1197, 1265, 1485, 1785, 2205, 2485, 2709, 2925, 2961, 3081, 3249, 3465, 4725, 5985, 6105, 6321, 6669, 7161, 8001, 8673, 9177, 9765, 11997, 13545, 14553, 17181, 18753, 19665, 22365, 23205, 23529, 28665, 32277, 38829, 40005, 43365, 50589, 57645, 58653, 66465, 78561, 198765, 233877, 389865, 544509, 1631721]

sage: %attach /home/sebastien/Nutstore Files/SAGE/TypesFinder1Frob.spyx
Compiling /home/sebastien/Nutstore Files/SAGE/TypesFinder1Frob.spyx...
sage: T=[]
sage: for n in L:
....:     print(n)
....:     T.append([n, TypesFinderMNSD(n, 9)])
....: sum([len(t[1]) for t in T])
17

sage: TT=[]
sage: for t in T:
....:     TT.extend(t[1])
....: len(TT)
17

sage: %attach /home/sebastien/Nutstore Files/SAGE/TypeCriteria.sage
sage: T1=TypesCriteria(TT)
sage: len(T1)
11

# since it is MNSD (so a single duality), we can avoid PreNormaliz step

sage: %attach /home/sebastien/Nutstore Files/SAGE/TypeToNormaliz.sage
sage: TypesToNormalizAloneMNSD(T1)
# Move to Normaliz without time limit:
for i in *; do normaliz -x=4 -c "$i"; done
# All done! 
ls *.fus > FUS.txt
# Transform FUS.txt into FUS.sage containing the list L of types
sage: %attach FUS.sage
sage: len(L)
8
To count the number of fusion rings:
awk 'FNR==1{sum+=$1} END{print sum}' *.out
22 (non-simple)
# Transform the .fus file as one line per fusion ring:
for file in *.fus
do
    # Check if the file is a regular file
    if [ -f "$file" ]; then
        # Apply the command to the file
        cat "$file" | tr -d '[:space:]' | sed -e '1s/^.//' -e '$s/.$//' -e 's/]]],\[\[\[/]]]\n\[\[\[/g' > temp.fus && mv temp.fus "$file"
    fi
done
sage: %attach /home/sebastien/Nutstore Files/SAGE/AllCriteria.sage
sage: L=FolderChecking()		# restriction to Drinfeld rings
sage: len(L)
10
sage: for l in L:
....:     print(l)
....: 
[[9,[1,1,1,1,1,1,1,1,1],[0,8,7,6,5,4,3,2,1],[9,9,9,9,9,9,9,9,9],			#C3^2
[
[[1,0,0,0,0,0,0,0,0],[0,1,0,0,0,0,0,0,0],[0,0,1,0,0,0,0,0,0],[0,0,0,1,0,0,0,0,0],[0,0,0,0,1,0,0,0,0],[0,0,0,0,0,1,0,0,0],[0,0,0,0,0,0,1,0,0],[0,0,0,0,0,0,0,1,0],[0,0,0,0,0,0,0,0,1]],
[[0,1,0,0,0,0,0,0,0],[0,0,0,0,0,0,0,0,1],[0,0,0,0,0,0,1,0,0],[0,0,0,0,0,0,0,1,0],[0,0,0,1,0,0,0,0,0],[0,0,1,0,0,0,0,0,0],[0,0,0,0,0,1,0,0,0],[0,0,0,0,1,0,0,0,0],[1,0,0,0,0,0,0,0,0]],
[[0,0,1,0,0,0,0,0,0],[0,0,0,0,0,0,1,0,0],[0,0,0,0,0,0,0,1,0],[0,0,0,0,0,0,0,0,1],[0,1,0,0,0,0,0,0,0],[0,0,0,1,0,0,0,0,0],[0,0,0,0,1,0,0,0,0],[1,0,0,0,0,0,0,0,0],[0,0,0,0,0,1,0,0,0]],
[[0,0,0,1,0,0,0,0,0],[0,0,0,0,0,0,0,1,0],[0,0,0,0,0,0,0,0,1],[0,0,0,0,0,0,1,0,0],[0,0,1,0,0,0,0,0,0],[0,1,0,0,0,0,0,0,0],[1,0,0,0,0,0,0,0,0],[0,0,0,0,0,1,0,0,0],[0,0,0,0,1,0,0,0,0]],
[[0,0,0,0,1,0,0,0,0],[0,0,0,1,0,0,0,0,0],[0,1,0,0,0,0,0,0,0],[0,0,1,0,0,0,0,0,0],[0,0,0,0,0,1,0,0,0],[1,0,0,0,0,0,0,0,0],[0,0,0,0,0,0,0,0,1],[0,0,0,0,0,0,1,0,0],[0,0,0,0,0,0,0,1,0]],
[[0,0,0,0,0,1,0,0,0],[0,0,1,0,0,0,0,0,0],[0,0,0,1,0,0,0,0,0],[0,1,0,0,0,0,0,0,0],[1,0,0,0,0,0,0,0,0],[0,0,0,0,1,0,0,0,0],[0,0,0,0,0,0,0,1,0],[0,0,0,0,0,0,0,0,1],[0,0,0,0,0,0,1,0,0]],
[[0,0,0,0,0,0,1,0,0],[0,0,0,0,0,1,0,0,0],[0,0,0,0,1,0,0,0,0],[1,0,0,0,0,0,0,0,0],[0,0,0,0,0,0,0,0,1],[0,0,0,0,0,0,0,1,0],[0,0,0,1,0,0,0,0,0],[0,1,0,0,0,0,0,0,0],[0,0,1,0,0,0,0,0,0]],
[[0,0,0,0,0,0,0,1,0],[0,0,0,0,1,0,0,0,0],[1,0,0,0,0,0,0,0,0],[0,0,0,0,0,1,0,0,0],[0,0,0,0,0,0,1,0,0],[0,0,0,0,0,0,0,0,1],[0,1,0,0,0,0,0,0,0],[0,0,1,0,0,0,0,0,0],[0,0,0,1,0,0,0,0,0]],
[[0,0,0,0,0,0,0,0,1],[1,0,0,0,0,0,0,0,0],[0,0,0,0,0,1,0,0,0],[0,0,0,0,1,0,0,0,0],[0,0,0,0,0,0,0,1,0],[0,0,0,0,0,0,1,0,0],[0,0,1,0,0,0,0,0,0],[0,0,0,1,0,0,0,0,0],[0,1,0,0,0,0,0,0,0]]
]],
[9,[1,1,1,1,1,1,1,1,1],[0,8,7,6,5,4,3,2,1],[9,9,9,9,9,9,9,9,9],				#C9
[
[[1,0,0,0,0,0,0,0,0],[0,1,0,0,0,0,0,0,0],[0,0,1,0,0,0,0,0,0],[0,0,0,1,0,0,0,0,0],[0,0,0,0,1,0,0,0,0],[0,0,0,0,0,1,0,0,0],[0,0,0,0,0,0,1,0,0],[0,0,0,0,0,0,0,1,0],[0,0,0,0,0,0,0,0,1]],
[[0,1,0,0,0,0,0,0,0],[0,0,0,0,0,0,0,0,1],[0,0,0,0,0,0,1,0,0],[0,0,0,0,0,0,0,1,0],[0,0,0,1,0,0,0,0,0],[0,0,1,0,0,0,0,0,0],[0,0,0,0,0,1,0,0,0],[0,0,0,0,1,0,0,0,0],[1,0,0,0,0,0,0,0,0]],
[[0,0,1,0,0,0,0,0,0],[0,0,0,0,0,0,1,0,0],[0,0,0,0,1,0,0,0,0],[0,0,0,0,0,0,0,0,1],[0,1,0,0,0,0,0,0,0],[0,0,0,0,0,0,0,1,0],[0,0,0,1,0,0,0,0,0],[1,0,0,0,0,0,0,0,0],[0,0,0,0,0,1,0,0,0]],
[[0,0,0,1,0,0,0,0,0],[0,0,0,0,0,0,0,1,0],[0,0,0,0,0,0,0,0,1],[0,0,1,0,0,0,0,0,0],[0,0,0,0,0,1,0,0,0],[0,1,0,0,0,0,0,0,0],[1,0,0,0,0,0,0,0,0],[0,0,0,0,0,0,1,0,0],[0,0,0,0,1,0,0,0,0]],
[[0,0,0,0,1,0,0,0,0],[0,0,0,1,0,0,0,0,0],[0,1,0,0,0,0,0,0,0],[0,0,0,0,0,1,0,0,0],[0,0,0,0,0,0,1,0,0],[1,0,0,0,0,0,0,0,0],[0,0,0,0,0,0,0,0,1],[0,0,1,0,0,0,0,0,0],[0,0,0,0,0,0,0,1,0]],
[[0,0,0,0,0,1,0,0,0],[0,0,1,0,0,0,0,0,0],[0,0,0,0,0,0,0,1,0],[0,1,0,0,0,0,0,0,0],[1,0,0,0,0,0,0,0,0],[0,0,0,1,0,0,0,0,0],[0,0,0,0,1,0,0,0,0],[0,0,0,0,0,0,0,0,1],[0,0,0,0,0,0,1,0,0]],
[[0,0,0,0,0,0,1,0,0],[0,0,0,0,0,1,0,0,0],[0,0,0,1,0,0,0,0,0],[1,0,0,0,0,0,0,0,0],[0,0,0,0,0,0,0,0,1],[0,0,0,0,1,0,0,0,0],[0,0,0,0,0,0,0,1,0],[0,1,0,0,0,0,0,0,0],[0,0,1,0,0,0,0,0,0]],
[[0,0,0,0,0,0,0,1,0],[0,0,0,0,1,0,0,0,0],[1,0,0,0,0,0,0,0,0],[0,0,0,0,0,0,1,0,0],[0,0,1,0,0,0,0,0,0],[0,0,0,0,0,0,0,0,1],[0,1,0,0,0,0,0,0,0],[0,0,0,0,0,1,0,0,0],[0,0,0,1,0,0,0,0,0]],
[[0,0,0,0,0,0,0,0,1],[1,0,0,0,0,0,0,0,0],[0,0,0,0,0,1,0,0,0],[0,0,0,0,1,0,0,0,0],[0,0,0,0,0,0,0,1,0],[0,0,0,0,0,0,1,0,0],[0,0,1,0,0,0,0,0,0],[0,0,0,1,0,0,0,0,0],[0,1,0,0,0,0,0,0,0]]
]],
[57,[1,1,1,3,3,3,3,3,3],[0,2,1,8,7,6,5,4,3],[3,3,19,19,19,19,19,19,57],			#C19⋊C3
[
[[1,0,0,0,0,0,0,0,0],[0,1,0,0,0,0,0,0,0],[0,0,1,0,0,0,0,0,0],[0,0,0,1,0,0,0,0,0],[0,0,0,0,1,0,0,0,0],[0,0,0,0,0,1,0,0,0],[0,0,0,0,0,0,1,0,0],[0,0,0,0,0,0,0,1,0],[0,0,0,0,0,0,0,0,1]],
[[0,1,0,0,0,0,0,0,0],[0,0,1,0,0,0,0,0,0],[1,0,0,0,0,0,0,0,0],[0,0,0,1,0,0,0,0,0],[0,0,0,0,1,0,0,0,0],[0,0,0,0,0,1,0,0,0],[0,0,0,0,0,0,1,0,0],[0,0,0,0,0,0,0,1,0],[0,0,0,0,0,0,0,0,1]],
[[0,0,1,0,0,0,0,0,0],[1,0,0,0,0,0,0,0,0],[0,1,0,0,0,0,0,0,0],[0,0,0,1,0,0,0,0,0],[0,0,0,0,1,0,0,0,0],[0,0,0,0,0,1,0,0,0],[0,0,0,0,0,0,1,0,0],[0,0,0,0,0,0,0,1,0],[0,0,0,0,0,0,0,0,1]],
[[0,0,0,1,0,0,0,0,0],[0,0,0,1,0,0,0,0,0],[0,0,0,1,0,0,0,0,0],[0,0,0,0,0,0,0,1,2],[0,0,0,0,1,0,1,0,1],[0,0,0,1,1,0,0,1,0],[0,0,0,1,1,1,0,0,0],[0,0,0,0,0,1,1,1,0],[1,1,1,0,0,1,1,0,0]],
[[0,0,0,0,1,0,0,0,0],[0,0,0,0,1,0,0,0,0],[0,0,0,0,1,0,0,0,0],[0,0,0,0,1,0,1,0,1],[0,0,0,0,0,1,0,2,0],[0,0,0,1,0,1,0,0,1],[0,0,0,1,0,0,1,1,0],[1,1,1,1,0,0,0,0,1],[0,0,0,0,1,1,1,0,0]],
[[0,0,0,0,0,1,0,0,0],[0,0,0,0,0,1,0,0,0],[0,0,0,0,0,1,0,0,0],[0,0,0,1,1,0,0,1,0],[0,0,0,1,0,1,0,0,1],[0,0,0,1,0,0,2,0,0],[1,1,1,0,1,0,0,1,0],[0,0,0,0,1,1,0,0,1],[0,0,0,0,0,0,1,1,1]],
[[0,0,0,0,0,0,1,0,0],[0,0,0,0,0,0,1,0,0],[0,0,0,0,0,0,1,0,0],[0,0,0,1,1,1,0,0,0],[0,0,0,1,0,0,1,1,0],[1,1,1,0,1,0,0,1,0],[0,0,0,0,0,2,0,0,1],[0,0,0,1,0,0,1,0,1],[0,0,0,0,1,0,0,1,1]],
[[0,0,0,0,0,0,0,1,0],[0,0,0,0,0,0,0,1,0],[0,0,0,0,0,0,0,1,0],[0,0,0,0,0,1,1,1,0],[1,1,1,1,0,0,0,0,1],[0,0,0,0,1,1,0,0,1],[0,0,0,1,0,0,1,0,1],[0,0,0,0,2,0,1,0,0],[0,0,0,1,0,1,0,1,0]],
[[0,0,0,0,0,0,0,0,1],[0,0,0,0,0,0,0,0,1],[0,0,0,0,0,0,0,0,1],[1,1,1,0,0,1,1,0,0],[0,0,0,0,1,1,1,0,0],[0,0,0,0,0,0,1,1,1],[0,0,0,0,1,0,0,1,1],[0,0,0,1,0,1,0,1,0],[0,0,0,2,1,0,0,0,0]]
]],
[105,[1,1,1,1,1,1,1,7,7],[0,6,5,4,3,2,1,8,7],[7,7,7,7,7,7,15,15,105],			# not C(G,1,H,1)
[
[[1,0,0,0,0,0,0,0,0],[0,1,0,0,0,0,0,0,0],[0,0,1,0,0,0,0,0,0],[0,0,0,1,0,0,0,0,0],[0,0,0,0,1,0,0,0,0],[0,0,0,0,0,1,0,0,0],[0,0,0,0,0,0,1,0,0],[0,0,0,0,0,0,0,1,0],[0,0,0,0,0,0,0,0,1]],
[[0,1,0,0,0,0,0,0,0],[0,0,0,0,0,1,0,0,0],[0,0,0,0,0,0,1,0,0],[0,0,0,0,1,0,0,0,0],[0,0,1,0,0,0,0,0,0],[0,0,0,1,0,0,0,0,0],[1,0,0,0,0,0,0,0,0],[0,0,0,0,0,0,0,1,0],[0,0,0,0,0,0,0,0,1]],
[[0,0,1,0,0,0,0,0,0],[0,0,0,0,0,0,1,0,0],[0,0,0,1,0,0,0,0,0],[0,1,0,0,0,0,0,0,0],[0,0,0,0,0,1,0,0,0],[1,0,0,0,0,0,0,0,0],[0,0,0,0,1,0,0,0,0],[0,0,0,0,0,0,0,1,0],[0,0,0,0,0,0,0,0,1]],
[[0,0,0,1,0,0,0,0,0],[0,0,0,0,1,0,0,0,0],[0,1,0,0,0,0,0,0,0],[0,0,0,0,0,0,1,0,0],[1,0,0,0,0,0,0,0,0],[0,0,1,0,0,0,0,0,0],[0,0,0,0,0,1,0,0,0],[0,0,0,0,0,0,0,1,0],[0,0,0,0,0,0,0,0,1]],
[[0,0,0,0,1,0,0,0,0],[0,0,1,0,0,0,0,0,0],[0,0,0,0,0,1,0,0,0],[1,0,0,0,0,0,0,0,0],[0,1,0,0,0,0,0,0,0],[0,0,0,0,0,0,1,0,0],[0,0,0,1,0,0,0,0,0],[0,0,0,0,0,0,0,1,0],[0,0,0,0,0,0,0,0,1]],
[[0,0,0,0,0,1,0,0,0],[0,0,0,1,0,0,0,0,0],[1,0,0,0,0,0,0,0,0],[0,0,1,0,0,0,0,0,0],[0,0,0,0,0,0,1,0,0],[0,0,0,0,1,0,0,0,0],[0,1,0,0,0,0,0,0,0],[0,0,0,0,0,0,0,1,0],[0,0,0,0,0,0,0,0,1]],
[[0,0,0,0,0,0,1,0,0],[1,0,0,0,0,0,0,0,0],[0,0,0,0,1,0,0,0,0],[0,0,0,0,0,1,0,0,0],[0,0,0,1,0,0,0,0,0],[0,1,0,0,0,0,0,0,0],[0,0,1,0,0,0,0,0,0],[0,0,0,0,0,0,0,1,0],[0,0,0,0,0,0,0,0,1]],
[[0,0,0,0,0,0,0,1,0],[0,0,0,0,0,0,0,1,0],[0,0,0,0,0,0,0,1,0],[0,0,0,0,0,0,0,1,0],[0,0,0,0,0,0,0,1,0],[0,0,0,0,0,0,0,1,0],[0,0,0,0,0,0,0,1,0],[0,0,0,0,0,0,0,3,4],[1,1,1,1,1,1,1,3,3]],
[[0,0,0,0,0,0,0,0,1],[0,0,0,0,0,0,0,0,1],[0,0,0,0,0,0,0,0,1],[0,0,0,0,0,0,0,0,1],[0,0,0,0,0,0,0,0,1],[0,0,0,0,0,0,0,0,1],[0,0,0,0,0,0,0,0,1],[1,1,1,1,1,1,1,3,3],[0,0,0,0,0,0,0,4,3]]
]],
[105,[1,1,1,1,1,5,5,5,5],[0,4,3,2,1,8,7,6,5],[5,5,5,5,15,15,35,35,105],			# not C(G,1,H,1)
[
[[1,0,0,0,0,0,0,0,0],[0,1,0,0,0,0,0,0,0],[0,0,1,0,0,0,0,0,0],[0,0,0,1,0,0,0,0,0],[0,0,0,0,1,0,0,0,0],[0,0,0,0,0,1,0,0,0],[0,0,0,0,0,0,1,0,0],[0,0,0,0,0,0,0,1,0],[0,0,0,0,0,0,0,0,1]],
[[0,1,0,0,0,0,0,0,0],[0,0,0,1,0,0,0,0,0],[0,0,0,0,1,0,0,0,0],[0,0,1,0,0,0,0,0,0],[1,0,0,0,0,0,0,0,0],[0,0,0,0,0,1,0,0,0],[0,0,0,0,0,0,1,0,0],[0,0,0,0,0,0,0,1,0],[0,0,0,0,0,0,0,0,1]],
[[0,0,1,0,0,0,0,0,0],[0,0,0,0,1,0,0,0,0],[0,1,0,0,0,0,0,0,0],[1,0,0,0,0,0,0,0,0],[0,0,0,1,0,0,0,0,0],[0,0,0,0,0,1,0,0,0],[0,0,0,0,0,0,1,0,0],[0,0,0,0,0,0,0,1,0],[0,0,0,0,0,0,0,0,1]],
[[0,0,0,1,0,0,0,0,0],[0,0,1,0,0,0,0,0,0],[1,0,0,0,0,0,0,0,0],[0,0,0,0,1,0,0,0,0],[0,1,0,0,0,0,0,0,0],[0,0,0,0,0,1,0,0,0],[0,0,0,0,0,0,1,0,0],[0,0,0,0,0,0,0,1,0],[0,0,0,0,0,0,0,0,1]],
[[0,0,0,0,1,0,0,0,0],[1,0,0,0,0,0,0,0,0],[0,0,0,1,0,0,0,0,0],[0,1,0,0,0,0,0,0,0],[0,0,1,0,0,0,0,0,0],[0,0,0,0,0,1,0,0,0],[0,0,0,0,0,0,1,0,0],[0,0,0,0,0,0,0,1,0],[0,0,0,0,0,0,0,0,1]],
[[0,0,0,0,0,1,0,0,0],[0,0,0,0,0,1,0,0,0],[0,0,0,0,0,1,0,0,0],[0,0,0,0,0,1,0,0,0],[0,0,0,0,0,1,0,0,0],[0,0,0,0,0,0,0,2,3],[0,0,0,0,0,2,1,0,2],[0,0,0,0,0,2,2,1,0],[1,1,1,1,1,0,2,2,0]],
[[0,0,0,0,0,0,1,0,0],[0,0,0,0,0,0,1,0,0],[0,0,0,0,0,0,1,0,0],[0,0,0,0,0,0,1,0,0],[0,0,0,0,0,0,1,0,0],[0,0,0,0,0,2,1,0,2],[0,0,0,0,0,2,1,2,0],[1,1,1,1,1,1,1,1,1],[0,0,0,0,0,0,1,2,2]],
[[0,0,0,0,0,0,0,1,0],[0,0,0,0,0,0,0,1,0],[0,0,0,0,0,0,0,1,0],[0,0,0,0,0,0,0,1,0],[0,0,0,0,0,0,0,1,0],[0,0,0,0,0,2,2,1,0],[1,1,1,1,1,1,1,1,1],[0,0,0,0,0,0,2,1,2],[0,0,0,0,0,2,0,1,2]],
[[0,0,0,0,0,0,0,0,1],[0,0,0,0,0,0,0,0,1],[0,0,0,0,0,0,0,0,1],[0,0,0,0,0,0,0,0,1],[0,0,0,0,0,0,0,0,1],[1,1,1,1,1,0,2,2,0],[0,0,0,0,0,0,1,2,2],[0,0,0,0,0,2,0,1,2],[0,0,0,0,0,3,2,0,0]]
]],
[1785,[1,1,1,3,3,21,21,21,21],[0,2,1,4,3,8,7,6,5],[3,3,7,7,85,85,85,85,1785],		# not Rep(G)
[
[[1,0,0,0,0,0,0,0,0],[0,1,0,0,0,0,0,0,0],[0,0,1,0,0,0,0,0,0],[0,0,0,1,0,0,0,0,0],[0,0,0,0,1,0,0,0,0],[0,0,0,0,0,1,0,0,0],[0,0,0,0,0,0,1,0,0],[0,0,0,0,0,0,0,1,0],[0,0,0,0,0,0,0,0,1]],
[[0,1,0,0,0,0,0,0,0],[0,0,1,0,0,0,0,0,0],[1,0,0,0,0,0,0,0,0],[0,0,0,1,0,0,0,0,0],[0,0,0,0,1,0,0,0,0],[0,0,0,0,0,1,0,0,0],[0,0,0,0,0,0,1,0,0],[0,0,0,0,0,0,0,1,0],[0,0,0,0,0,0,0,0,1]],
[[0,0,1,0,0,0,0,0,0],[1,0,0,0,0,0,0,0,0],[0,1,0,0,0,0,0,0,0],[0,0,0,1,0,0,0,0,0],[0,0,0,0,1,0,0,0,0],[0,0,0,0,0,1,0,0,0],[0,0,0,0,0,0,1,0,0],[0,0,0,0,0,0,0,1,0],[0,0,0,0,0,0,0,0,1]],
[[0,0,0,1,0,0,0,0,0],[0,0,0,1,0,0,0,0,0],[0,0,0,1,0,0,0,0,0],[0,0,0,1,2,0,0,0,0],[1,1,1,1,1,0,0,0,0],[0,0,0,0,0,3,0,0,0],[0,0,0,0,0,0,3,0,0],[0,0,0,0,0,0,0,3,0],[0,0,0,0,0,0,0,0,3]],
[[0,0,0,0,1,0,0,0,0],[0,0,0,0,1,0,0,0,0],[0,0,0,0,1,0,0,0,0],[1,1,1,1,1,0,0,0,0],[0,0,0,2,1,0,0,0,0],[0,0,0,0,0,3,0,0,0],[0,0,0,0,0,0,3,0,0],[0,0,0,0,0,0,0,3,0],[0,0,0,0,0,0,0,0,3]],
[[0,0,0,0,0,1,0,0,0],[0,0,0,0,0,1,0,0,0],[0,0,0,0,0,1,0,0,0],[0,0,0,0,0,3,0,0,0],[0,0,0,0,0,3,0,0,0],[0,0,0,0,0,4,3,6,8],[0,0,0,0,0,6,6,3,6],[0,0,0,0,0,6,6,6,3],[1,1,1,3,3,4,6,6,4]],
[[0,0,0,0,0,0,1,0,0],[0,0,0,0,0,0,1,0,0],[0,0,0,0,0,0,1,0,0],[0,0,0,0,0,0,3,0,0],[0,0,0,0,0,0,3,0,0],[0,0,0,0,0,6,6,3,6],[0,0,0,0,0,6,4,8,3],[1,1,1,3,3,6,4,4,6],[0,0,0,0,0,3,6,6,6]],
[[0,0,0,0,0,0,0,1,0],[0,0,0,0,0,0,0,1,0],[0,0,0,0,0,0,0,1,0],[0,0,0,0,0,0,0,3,0],[0,0,0,0,0,0,0,3,0],[0,0,0,0,0,6,6,6,3],[1,1,1,3,3,6,4,4,6],[0,0,0,0,0,3,8,4,6],[0,0,0,0,0,6,3,6,6]],
[[0,0,0,0,0,0,0,0,1],[0,0,0,0,0,0,0,0,1],[0,0,0,0,0,0,0,0,1],[0,0,0,0,0,0,0,0,3],[0,0,0,0,0,0,0,0,3],[1,1,1,3,3,4,6,6,4],[0,0,0,0,0,3,6,6,6],[0,0,0,0,0,6,3,6,6],[0,0,0,0,0,8,6,3,4]]
]],
[1785,[1,1,1,3,3,21,21,21,21],[0,2,1,4,3,8,7,6,5],[3,3,7,7,85,85,85,85,1785],		# not Rep(G)
[
[[1,0,0,0,0,0,0,0,0],[0,1,0,0,0,0,0,0,0],[0,0,1,0,0,0,0,0,0],[0,0,0,1,0,0,0,0,0],[0,0,0,0,1,0,0,0,0],[0,0,0,0,0,1,0,0,0],[0,0,0,0,0,0,1,0,0],[0,0,0,0,0,0,0,1,0],[0,0,0,0,0,0,0,0,1]],
[[0,1,0,0,0,0,0,0,0],[0,0,1,0,0,0,0,0,0],[1,0,0,0,0,0,0,0,0],[0,0,0,1,0,0,0,0,0],[0,0,0,0,1,0,0,0,0],[0,0,0,0,0,1,0,0,0],[0,0,0,0,0,0,1,0,0],[0,0,0,0,0,0,0,1,0],[0,0,0,0,0,0,0,0,1]],
[[0,0,1,0,0,0,0,0,0],[1,0,0,0,0,0,0,0,0],[0,1,0,0,0,0,0,0,0],[0,0,0,1,0,0,0,0,0],[0,0,0,0,1,0,0,0,0],[0,0,0,0,0,1,0,0,0],[0,0,0,0,0,0,1,0,0],[0,0,0,0,0,0,0,1,0],[0,0,0,0,0,0,0,0,1]],
[[0,0,0,1,0,0,0,0,0],[0,0,0,1,0,0,0,0,0],[0,0,0,1,0,0,0,0,0],[0,0,0,1,2,0,0,0,0],[1,1,1,1,1,0,0,0,0],[0,0,0,0,0,3,0,0,0],[0,0,0,0,0,0,3,0,0],[0,0,0,0,0,0,0,3,0],[0,0,0,0,0,0,0,0,3]],
[[0,0,0,0,1,0,0,0,0],[0,0,0,0,1,0,0,0,0],[0,0,0,0,1,0,0,0,0],[1,1,1,1,1,0,0,0,0],[0,0,0,2,1,0,0,0,0],[0,0,0,0,0,3,0,0,0],[0,0,0,0,0,0,3,0,0],[0,0,0,0,0,0,0,3,0],[0,0,0,0,0,0,0,0,3]],
[[0,0,0,0,0,1,0,0,0],[0,0,0,0,0,1,0,0,0],[0,0,0,0,0,1,0,0,0],[0,0,0,0,0,3,0,0,0],[0,0,0,0,0,3,0,0,0],[0,0,0,0,0,6,6,7,2],[0,0,0,0,0,4,4,6,7],[0,0,0,0,0,4,7,4,6],[1,1,1,3,3,6,4,4,6]],
[[0,0,0,0,0,0,1,0,0],[0,0,0,0,0,0,1,0,0],[0,0,0,0,0,0,1,0,0],[0,0,0,0,0,0,3,0,0],[0,0,0,0,0,0,3,0,0],[0,0,0,0,0,4,4,6,7],[0,0,0,0,0,7,6,2,6],[1,1,1,3,3,4,6,6,4],[0,0,0,0,0,6,4,7,4]],
[[0,0,0,0,0,0,0,1,0],[0,0,0,0,0,0,0,1,0],[0,0,0,0,0,0,0,1,0],[0,0,0,0,0,0,0,3,0],[0,0,0,0,0,0,0,3,0],[0,0,0,0,0,4,7,4,6],[1,1,1,3,3,4,6,6,4],[0,0,0,0,0,6,2,6,7],[0,0,0,0,0,7,6,4,4]],
[[0,0,0,0,0,0,0,0,1],[0,0,0,0,0,0,0,0,1],[0,0,0,0,0,0,0,0,1],[0,0,0,0,0,0,0,0,3],[0,0,0,0,0,0,0,0,3],[1,1,1,3,3,6,4,4,6],[0,0,0,0,0,6,4,7,4],[0,0,0,0,0,7,6,4,4],[0,0,0,0,0,2,7,6,6]]
]],
[3081,[1,1,1,3,3,3,3,39,39],[0,2,1,6,5,4,3,8,7],[3,3,13,13,13,13,79,79,3081],		# not Rep(G)
[
[[1,0,0,0,0,0,0,0,0],[0,1,0,0,0,0,0,0,0],[0,0,1,0,0,0,0,0,0],[0,0,0,1,0,0,0,0,0],[0,0,0,0,1,0,0,0,0],[0,0,0,0,0,1,0,0,0],[0,0,0,0,0,0,1,0,0],[0,0,0,0,0,0,0,1,0],[0,0,0,0,0,0,0,0,1]],
[[0,1,0,0,0,0,0,0,0],[0,0,1,0,0,0,0,0,0],[1,0,0,0,0,0,0,0,0],[0,0,0,1,0,0,0,0,0],[0,0,0,0,1,0,0,0,0],[0,0,0,0,0,1,0,0,0],[0,0,0,0,0,0,1,0,0],[0,0,0,0,0,0,0,1,0],[0,0,0,0,0,0,0,0,1]],
[[0,0,1,0,0,0,0,0,0],[1,0,0,0,0,0,0,0,0],[0,1,0,0,0,0,0,0,0],[0,0,0,1,0,0,0,0,0],[0,0,0,0,1,0,0,0,0],[0,0,0,0,0,1,0,0,0],[0,0,0,0,0,0,1,0,0],[0,0,0,0,0,0,0,1,0],[0,0,0,0,0,0,0,0,1]],
[[0,0,0,1,0,0,0,0,0],[0,0,0,1,0,0,0,0,0],[0,0,0,1,0,0,0,0,0],[0,0,0,0,0,1,2,0,0],[0,0,0,1,1,0,1,0,0],[0,0,0,1,1,1,0,0,0],[1,1,1,0,1,1,0,0,0],[0,0,0,0,0,0,0,3,0],[0,0,0,0,0,0,0,0,3]],
[[0,0,0,0,1,0,0,0,0],[0,0,0,0,1,0,0,0,0],[0,0,0,0,1,0,0,0,0],[0,0,0,1,1,0,1,0,0],[0,0,0,1,0,2,0,0,0],[1,1,1,1,0,0,1,0,0],[0,0,0,0,1,1,1,0,0],[0,0,0,0,0,0,0,3,0],[0,0,0,0,0,0,0,0,3]],
[[0,0,0,0,0,1,0,0,0],[0,0,0,0,0,1,0,0,0],[0,0,0,0,0,1,0,0,0],[0,0,0,1,1,1,0,0,0],[1,1,1,1,0,0,1,0,0],[0,0,0,0,2,0,1,0,0],[0,0,0,1,0,1,1,0,0],[0,0,0,0,0,0,0,3,0],[0,0,0,0,0,0,0,0,3]],
[[0,0,0,0,0,0,1,0,0],[0,0,0,0,0,0,1,0,0],[0,0,0,0,0,0,1,0,0],[1,1,1,0,1,1,0,0,0],[0,0,0,0,1,1,1,0,0],[0,0,0,1,0,1,1,0,0],[0,0,0,2,1,0,0,0,0],[0,0,0,0,0,0,0,3,0],[0,0,0,0,0,0,0,0,3]],
[[0,0,0,0,0,0,0,1,0],[0,0,0,0,0,0,0,1,0],[0,0,0,0,0,0,0,1,0],[0,0,0,0,0,0,0,3,0],[0,0,0,0,0,0,0,3,0],[0,0,0,0,0,0,0,3,0],[0,0,0,0,0,0,0,3,0],[0,0,0,0,0,0,0,19,20],[1,1,1,3,3,3,3,19,19]],
[[0,0,0,0,0,0,0,0,1],[0,0,0,0,0,0,0,0,1],[0,0,0,0,0,0,0,0,1],[0,0,0,0,0,0,0,0,3],[0,0,0,0,0,0,0,0,3],[0,0,0,0,0,0,0,0,3],[0,0,0,0,0,0,0,0,3],[1,1,1,3,3,3,3,19,19],[0,0,0,0,0,0,0,20,19]]
]],
[6105,[1,1,1,1,1,5,5,55,55],[0,4,3,2,1,6,5,8,7],[5,5,5,5,11,11,111,111,6105],		# not Rep(G)
[
[[1,0,0,0,0,0,0,0,0],[0,1,0,0,0,0,0,0,0],[0,0,1,0,0,0,0,0,0],[0,0,0,1,0,0,0,0,0],[0,0,0,0,1,0,0,0,0],[0,0,0,0,0,1,0,0,0],[0,0,0,0,0,0,1,0,0],[0,0,0,0,0,0,0,1,0],[0,0,0,0,0,0,0,0,1]],
[[0,1,0,0,0,0,0,0,0],[0,0,0,1,0,0,0,0,0],[0,0,0,0,1,0,0,0,0],[0,0,1,0,0,0,0,0,0],[1,0,0,0,0,0,0,0,0],[0,0,0,0,0,1,0,0,0],[0,0,0,0,0,0,1,0,0],[0,0,0,0,0,0,0,1,0],[0,0,0,0,0,0,0,0,1]],
[[0,0,1,0,0,0,0,0,0],[0,0,0,0,1,0,0,0,0],[0,1,0,0,0,0,0,0,0],[1,0,0,0,0,0,0,0,0],[0,0,0,1,0,0,0,0,0],[0,0,0,0,0,1,0,0,0],[0,0,0,0,0,0,1,0,0],[0,0,0,0,0,0,0,1,0],[0,0,0,0,0,0,0,0,1]],
[[0,0,0,1,0,0,0,0,0],[0,0,1,0,0,0,0,0,0],[1,0,0,0,0,0,0,0,0],[0,0,0,0,1,0,0,0,0],[0,1,0,0,0,0,0,0,0],[0,0,0,0,0,1,0,0,0],[0,0,0,0,0,0,1,0,0],[0,0,0,0,0,0,0,1,0],[0,0,0,0,0,0,0,0,1]],
[[0,0,0,0,1,0,0,0,0],[1,0,0,0,0,0,0,0,0],[0,0,0,1,0,0,0,0,0],[0,1,0,0,0,0,0,0,0],[0,0,1,0,0,0,0,0,0],[0,0,0,0,0,1,0,0,0],[0,0,0,0,0,0,1,0,0],[0,0,0,0,0,0,0,1,0],[0,0,0,0,0,0,0,0,1]],
[[0,0,0,0,0,1,0,0,0],[0,0,0,0,0,1,0,0,0],[0,0,0,0,0,1,0,0,0],[0,0,0,0,0,1,0,0,0],[0,0,0,0,0,1,0,0,0],[0,0,0,0,0,2,3,0,0],[1,1,1,1,1,2,2,0,0],[0,0,0,0,0,0,0,5,0],[0,0,0,0,0,0,0,0,5]],
[[0,0,0,0,0,0,1,0,0],[0,0,0,0,0,0,1,0,0],[0,0,0,0,0,0,1,0,0],[0,0,0,0,0,0,1,0,0],[0,0,0,0,0,0,1,0,0],[1,1,1,1,1,2,2,0,0],[0,0,0,0,0,3,2,0,0],[0,0,0,0,0,0,0,5,0],[0,0,0,0,0,0,0,0,5]],
[[0,0,0,0,0,0,0,1,0],[0,0,0,0,0,0,0,1,0],[0,0,0,0,0,0,0,1,0],[0,0,0,0,0,0,0,1,0],[0,0,0,0,0,0,0,1,0],[0,0,0,0,0,0,0,5,0],[0,0,0,0,0,0,0,5,0],[0,0,0,0,0,0,0,27,28],[1,1,1,1,1,5,5,27,27]],
[[0,0,0,0,0,0,0,0,1],[0,0,0,0,0,0,0,0,1],[0,0,0,0,0,0,0,0,1],[0,0,0,0,0,0,0,0,1],[0,0,0,0,0,0,0,0,1],[0,0,0,0,0,0,0,0,5],[0,0,0,0,0,0,0,0,5],[1,1,1,1,1,5,5,27,27],[0,0,0,0,0,0,0,28,27]]
]],
[1631721,[1,1,1,3,3,21,21,903,903],[0,2,1,4,3,6,5,8,7],[3,3,7,7,43,43,1807,1807,1631721],
[
[[1,0,0,0,0,0,0,0,0],[0,1,0,0,0,0,0,0,0],[0,0,1,0,0,0,0,0,0],[0,0,0,1,0,0,0,0,0],[0,0,0,0,1,0,0,0,0],[0,0,0,0,0,1,0,0,0],[0,0,0,0,0,0,1,0,0],[0,0,0,0,0,0,0,1,0],[0,0,0,0,0,0,0,0,1]],
[[0,1,0,0,0,0,0,0,0],[0,0,1,0,0,0,0,0,0],[1,0,0,0,0,0,0,0,0],[0,0,0,1,0,0,0,0,0],[0,0,0,0,1,0,0,0,0],[0,0,0,0,0,1,0,0,0],[0,0,0,0,0,0,1,0,0],[0,0,0,0,0,0,0,1,0],[0,0,0,0,0,0,0,0,1]],
[[0,0,1,0,0,0,0,0,0],[1,0,0,0,0,0,0,0,0],[0,1,0,0,0,0,0,0,0],[0,0,0,1,0,0,0,0,0],[0,0,0,0,1,0,0,0,0],[0,0,0,0,0,1,0,0,0],[0,0,0,0,0,0,1,0,0],[0,0,0,0,0,0,0,1,0],[0,0,0,0,0,0,0,0,1]],
[[0,0,0,1,0,0,0,0,0],[0,0,0,1,0,0,0,0,0],[0,0,0,1,0,0,0,0,0],[0,0,0,1,2,0,0,0,0],[1,1,1,1,1,0,0,0,0],[0,0,0,0,0,3,0,0,0],[0,0,0,0,0,0,3,0,0],[0,0,0,0,0,0,0,3,0],[0,0,0,0,0,0,0,0,3]],
[[0,0,0,0,1,0,0,0,0],[0,0,0,0,1,0,0,0,0],[0,0,0,0,1,0,0,0,0],[1,1,1,1,1,0,0,0,0],[0,0,0,2,1,0,0,0,0],[0,0,0,0,0,3,0,0,0],[0,0,0,0,0,0,3,0,0],[0,0,0,0,0,0,0,3,0],[0,0,0,0,0,0,0,0,3]],
[[0,0,0,0,0,1,0,0,0],[0,0,0,0,0,1,0,0,0],[0,0,0,0,0,1,0,0,0],[0,0,0,0,0,3,0,0,0],[0,0,0,0,0,3,0,0,0],[0,0,0,0,0,10,11,0,0],[1,1,1,3,3,10,10,0,0],[0,0,0,0,0,0,0,21,0],[0,0,0,0,0,0,0,0,21]],
[[0,0,0,0,0,0,1,0,0],[0,0,0,0,0,0,1,0,0],[0,0,0,0,0,0,1,0,0],[0,0,0,0,0,0,3,0,0],[0,0,0,0,0,0,3,0,0],[1,1,1,3,3,10,10,0,0],[0,0,0,0,0,11,10,0,0],[0,0,0,0,0,0,0,21,0],[0,0,0,0,0,0,0,0,21]],
[[0,0,0,0,0,0,0,1,0],[0,0,0,0,0,0,0,1,0],[0,0,0,0,0,0,0,1,0],[0,0,0,0,0,0,0,3,0],[0,0,0,0,0,0,0,3,0],[0,0,0,0,0,0,0,21,0],[0,0,0,0,0,0,0,21,0],[0,0,0,0,0,0,0,451,452],[1,1,1,3,3,21,21,451,451]],
[[0,0,0,0,0,0,0,0,1],[0,0,0,0,0,0,0,0,1],[0,0,0,0,0,0,0,0,1],[0,0,0,0,0,0,0,0,3],[0,0,0,0,0,0,0,0,3],[0,0,0,0,0,0,0,0,21],[0,0,0,0,0,0,0,0,21],[1,1,1,3,3,21,21,451,451],[0,0,0,0,0,0,0,452,451]]]]]

#### Remark: we already found the following two MNSD Drinfeld non-1-Frobenius, the first ones (work in progress):

[23529,[1,1,1,33,33,45,45,93,93],[0,2,1,4,3,6,5,8,7],[3,3,11,11,23,23,31,31,23529],[
[[1,0,0,0,0,0,0,0,0],[0,1,0,0,0,0,0,0,0],[0,0,1,0,0,0,0,0,0],[0,0,0,1,0,0,0,0,0],[0,0,0,0,1,0,0,0,0],[0,0,0,0,0,1,0,0,0],[0,0,0,0,0,0,1,0,0],[0,0,0,0,0,0,0,1,0],[0,0,0,0,0,0,0,0,1]],
[[0,1,0,0,0,0,0,0,0],[0,0,1,0,0,0,0,0,0],[1,0,0,0,0,0,0,0,0],[0,0,0,1,0,0,0,0,0],[0,0,0,0,1,0,0,0,0],[0,0,0,0,0,1,0,0,0],[0,0,0,0,0,0,1,0,0],[0,0,0,0,0,0,0,1,0],[0,0,0,0,0,0,0,0,1]],
[[0,0,1,0,0,0,0,0,0],[1,0,0,0,0,0,0,0,0],[0,1,0,0,0,0,0,0,0],[0,0,0,1,0,0,0,0,0],[0,0,0,0,1,0,0,0,0],[0,0,0,0,0,1,0,0,0],[0,0,0,0,0,0,1,0,0],[0,0,0,0,0,0,0,1,0],[0,0,0,0,0,0,0,0,1]],
[[0,0,0,1,0,0,0,0,0],[0,0,0,1,0,0,0,0,0],[0,0,0,1,0,0,0,0,0],[0,0,0,1,4,2,2,4,4],[1,1,1,1,1,1,1,5,5],[0,0,0,1,2,4,2,6,6],[0,0,0,1,2,2,4,6,6],[0,0,0,5,4,6,6,12,12],[0,0,0,5,4,6,6,12,12]],
[[0,0,0,0,1,0,0,0,0],[0,0,0,0,1,0,0,0,0],[0,0,0,0,1,0,0,0,0],[1,1,1,1,1,1,1,5,5],[0,0,0,4,1,2,2,4,4],[0,0,0,2,1,4,2,6,6],[0,0,0,2,1,2,4,6,6],[0,0,0,4,5,6,6,12,12],[0,0,0,4,5,6,6,12,12]],
[[0,0,0,0,0,1,0,0,0],[0,0,0,0,0,1,0,0,0],[0,0,0,0,0,1,0,0,0],[0,0,0,1,2,4,2,6,6],[0,0,0,2,1,4,2,6,6],[0,0,0,2,2,3,6,8,8],[1,1,1,4,4,3,3,8,8],[0,0,0,6,6,8,8,17,16],[0,0,0,6,6,8,8,16,17]],
[[0,0,0,0,0,0,1,0,0],[0,0,0,0,0,0,1,0,0],[0,0,0,0,0,0,1,0,0],[0,0,0,1,2,2,4,6,6],[0,0,0,2,1,2,4,6,6],[1,1,1,4,4,3,3,8,8],[0,0,0,2,2,6,3,8,8],[0,0,0,6,6,8,8,17,16],[0,0,0,6,6,8,8,16,17]],
[[0,0,0,0,0,0,0,1,0],[0,0,0,0,0,0,0,1,0],[0,0,0,0,0,0,0,1,0],[0,0,0,5,4,6,6,12,12],[0,0,0,4,5,6,6,12,12],[0,0,0,6,6,8,8,17,16],[0,0,0,6,6,8,8,17,16],[0,0,0,12,12,16,16,34,35],[1,1,1,12,12,17,17,34,34]],
[[0,0,0,0,0,0,0,0,1],[0,0,0,0,0,0,0,0,1],[0,0,0,0,0,0,0,0,1],[0,0,0,5,4,6,6,12,12],[0,0,0,4,5,6,6,12,12],[0,0,0,6,6,8,8,16,17],[0,0,0,6,6,8,8,16,17],[1,1,1,12,12,17,17,34,34],[0,0,0,12,12,16,16,35,34]]
]]
[389865,[1,1,1,3,3,189,189,399,399],[0,2,1,4,3,6,5,8,7],[3,3,7,7,47,47,395,395,389865],[
[[1,0,0,0,0,0,0,0,0],[0,1,0,0,0,0,0,0,0],[0,0,1,0,0,0,0,0,0],[0,0,0,1,0,0,0,0,0],[0,0,0,0,1,0,0,0,0],[0,0,0,0,0,1,0,0,0],[0,0,0,0,0,0,1,0,0],[0,0,0,0,0,0,0,1,0],[0,0,0,0,0,0,0,0,1]],
[[0,1,0,0,0,0,0,0,0],[0,0,1,0,0,0,0,0,0],[1,0,0,0,0,0,0,0,0],[0,0,0,1,0,0,0,0,0],[0,0,0,0,1,0,0,0,0],[0,0,0,0,0,1,0,0,0],[0,0,0,0,0,0,1,0,0],[0,0,0,0,0,0,0,1,0],[0,0,0,0,0,0,0,0,1]],
[[0,0,1,0,0,0,0,0,0],[1,0,0,0,0,0,0,0,0],[0,1,0,0,0,0,0,0,0],[0,0,0,1,0,0,0,0,0],[0,0,0,0,1,0,0,0,0],[0,0,0,0,0,1,0,0,0],[0,0,0,0,0,0,1,0,0],[0,0,0,0,0,0,0,1,0],[0,0,0,0,0,0,0,0,1]],
[[0,0,0,1,0,0,0,0,0],[0,0,0,1,0,0,0,0,0],[0,0,0,1,0,0,0,0,0],[0,0,0,1,2,0,0,0,0],[1,1,1,1,1,0,0,0,0],[0,0,0,0,0,3,0,0,0],[0,0,0,0,0,0,3,0,0],[0,0,0,0,0,0,0,3,0],[0,0,0,0,0,0,0,0,3]],
[[0,0,0,0,1,0,0,0,0],[0,0,0,0,1,0,0,0,0],[0,0,0,0,1,0,0,0,0],[1,1,1,1,1,0,0,0,0],[0,0,0,2,1,0,0,0,0],[0,0,0,0,0,3,0,0,0],[0,0,0,0,0,0,3,0,0],[0,0,0,0,0,0,0,3,0],[0,0,0,0,0,0,0,0,3]],
[[0,0,0,0,0,1,0,0,0],[0,0,0,0,0,1,0,0,0],[0,0,0,0,0,1,0,0,0],[0,0,0,0,0,3,0,0,0],[0,0,0,0,0,3,0,0,0],[0,0,0,0,0,10,27,36,36],[1,1,1,3,3,10,10,40,40],[0,0,0,0,0,40,36,77,76],[0,0,0,0,0,40,36,76,77]],
[[0,0,0,0,0,0,1,0,0],[0,0,0,0,0,0,1,0,0],[0,0,0,0,0,0,1,0,0],[0,0,0,0,0,0,3,0,0],[0,0,0,0,0,0,3,0,0],[1,1,1,3,3,10,10,40,40],[0,0,0,0,0,27,10,36,36],[0,0,0,0,0,36,40,77,76],[0,0,0,0,0,36,40,76,77]],
[[0,0,0,0,0,0,0,1,0],[0,0,0,0,0,0,0,1,0],[0,0,0,0,0,0,0,1,0],[0,0,0,0,0,0,0,3,0],[0,0,0,0,0,0,0,3,0],[0,0,0,0,0,40,36,77,76],[0,0,0,0,0,36,40,77,76],[0,0,0,0,0,76,76,163,164],[1,1,1,3,3,77,77,163,163]],
[[0,0,0,0,0,0,0,0,1],[0,0,0,0,0,0,0,0,1],[0,0,0,0,0,0,0,0,1],[0,0,0,0,0,0,0,0,3],[0,0,0,0,0,0,0,0,3],[0,0,0,0,0,40,36,76,77],[0,0,0,0,0,36,40,76,77],[1,1,1,3,3,77,77,163,163],[0,0,0,0,0,76,76,164,163]]
]]
