sage: L7=[7,15,27,35,39,55,63,147,171,315,903]
sage: %attach /home/sebastien/Nutstore Files/SAGE/TypesFinder.spyx
Compiling /home/sebastien/Nutstore Files/SAGE/TypesFinder.spyx...
sage: T7=[]
sage: for n in L7:
....:     print(n)
....:     T7.append([n, TypesFinderMNSD(n, 7)])
....: sum([len(t[1]) for t in T7])
11
sage: TT7=[]
sage: for t in T7:
....:     TT7.extend(t[1])
....: len(TT7)
11
sage: %attach /home/sebastien/Nutstore Files/SAGE/TypeToNormaliz.sage
sage: TypesToNormalizAloneMNSD(TT7)
# It mades 11 files
# Move to Normaliz:
for i in *; do normaliz -x=4 -c "$i"; done
# All done!!
ls *.fus > FUS.txt
# Transform FUS.txt into FUS.sage containing the list L of types
sage: %attach FUS.sage
sage: len(L)
4
sage: T=[]
sage: for l in L:
....:     t=l[0]
....:     if not t in T:
....:         T.append(t)
sage: len(T)
4		# number of types
To count the number of fusion rings:
awk 'FNR==1{sum+=$1} END{print sum}' *.out
1 (simple) + 4 (non-simple)
#
# Transform the .fus file as one line per fusion ring:
for file in *.fus
do
    # Check if the file is a regular file
    if [ -f "$file" ]; then
        # Apply the command to the file
        cat "$file" | tr -d '[:space:]' | sed -e '1s/^.//' -e '$s/.$//' -e 's/]]],\[\[\[/]]]\n\[\[\[/g' > temp.fus && mv temp.fus "$file"
    fi
done

sage: %attach /home/sebastien/Nutstore Files/SAGE/AllCriteria.sage
sage: L=FolderChecking()		# restriction to Drinfeld rings
sage: len(L)
4
sage: for l in L:
....:     print(l)
....: 
[[7,[1,1,1,1,1,1,1],[0,6,5,4,3,2,1],[7,7,7,7,7,7,7],			#C7
[
[[1,0,0,0,0,0,0],[0,1,0,0,0,0,0],[0,0,1,0,0,0,0],[0,0,0,1,0,0,0],[0,0,0,0,1,0,0],[0,0,0,0,0,1,0],[0,0,0,0,0,0,1]],
[[0,1,0,0,0,0,0],[0,0,0,0,0,1,0],[0,0,0,0,0,0,1],[0,0,0,0,1,0,0],[0,0,1,0,0,0,0],[0,0,0,1,0,0,0],[1,0,0,0,0,0,0]],
[[0,0,1,0,0,0,0],[0,0,0,0,0,0,1],[0,0,0,1,0,0,0],[0,1,0,0,0,0,0],[0,0,0,0,0,1,0],[1,0,0,0,0,0,0],[0,0,0,0,1,0,0]],
[[0,0,0,1,0,0,0],[0,0,0,0,1,0,0],[0,1,0,0,0,0,0],[0,0,0,0,0,0,1],[1,0,0,0,0,0,0],[0,0,1,0,0,0,0],[0,0,0,0,0,1,0]],
[[0,0,0,0,1,0,0],[0,0,1,0,0,0,0],[0,0,0,0,0,1,0],[1,0,0,0,0,0,0],[0,1,0,0,0,0,0],[0,0,0,0,0,0,1],[0,0,0,1,0,0,0]],
[[0,0,0,0,0,1,0],[0,0,0,1,0,0,0],[1,0,0,0,0,0,0],[0,0,1,0,0,0,0],[0,0,0,0,0,0,1],[0,0,0,0,1,0,0],[0,1,0,0,0,0,0]],
[[0,0,0,0,0,0,1],[1,0,0,0,0,0,0],[0,0,0,0,1,0,0],[0,0,0,0,0,1,0],[0,0,0,1,0,0,0],[0,1,0,0,0,0,0],[0,0,1,0,0,0,0]]
]],
[39,[1,1,1,3,3,3,3],[0,2,1,6,5,4,3],[3,3,13,13,13,13,39],		#C13⋊C3
[
[[1,0,0,0,0,0,0],[0,1,0,0,0,0,0],[0,0,1,0,0,0,0],[0,0,0,1,0,0,0],[0,0,0,0,1,0,0],[0,0,0,0,0,1,0],[0,0,0,0,0,0,1]],
[[0,1,0,0,0,0,0],[0,0,1,0,0,0,0],[1,0,0,0,0,0,0],[0,0,0,1,0,0,0],[0,0,0,0,1,0,0],[0,0,0,0,0,1,0],[0,0,0,0,0,0,1]],
[[0,0,1,0,0,0,0],[1,0,0,0,0,0,0],[0,1,0,0,0,0,0],[0,0,0,1,0,0,0],[0,0,0,0,1,0,0],[0,0,0,0,0,1,0],[0,0,0,0,0,0,1]],
[[0,0,0,1,0,0,0],[0,0,0,1,0,0,0],[0,0,0,1,0,0,0],[0,0,0,0,0,1,2],[0,0,0,1,1,0,1],[0,0,0,1,1,1,0],[1,1,1,0,1,1,0]],
[[0,0,0,0,1,0,0],[0,0,0,0,1,0,0],[0,0,0,0,1,0,0],[0,0,0,1,1,0,1],[0,0,0,1,0,2,0],[1,1,1,1,0,0,1],[0,0,0,0,1,1,1]],
[[0,0,0,0,0,1,0],[0,0,0,0,0,1,0],[0,0,0,0,0,1,0],[0,0,0,1,1,1,0],[1,1,1,1,0,0,1],[0,0,0,0,2,0,1],[0,0,0,1,0,1,1]],
[[0,0,0,0,0,0,1],[0,0,0,0,0,0,1],[0,0,0,0,0,0,1],[1,1,1,0,1,1,0],[0,0,0,0,1,1,1],[0,0,0,1,0,1,1],[0,0,0,2,1,0,0]]
]],
[55,[1,1,1,1,1,5,5],[0,4,3,2,1,6,5],[5,5,5,5,11,11,55],			#C11⋊C5
[
[[1,0,0,0,0,0,0],[0,1,0,0,0,0,0],[0,0,1,0,0,0,0],[0,0,0,1,0,0,0],[0,0,0,0,1,0,0],[0,0,0,0,0,1,0],[0,0,0,0,0,0,1]],
[[0,1,0,0,0,0,0],[0,0,0,1,0,0,0],[0,0,0,0,1,0,0],[0,0,1,0,0,0,0],[1,0,0,0,0,0,0],[0,0,0,0,0,1,0],[0,0,0,0,0,0,1]],
[[0,0,1,0,0,0,0],[0,0,0,0,1,0,0],[0,1,0,0,0,0,0],[1,0,0,0,0,0,0],[0,0,0,1,0,0,0],[0,0,0,0,0,1,0],[0,0,0,0,0,0,1]],
[[0,0,0,1,0,0,0],[0,0,1,0,0,0,0],[1,0,0,0,0,0,0],[0,0,0,0,1,0,0],[0,1,0,0,0,0,0],[0,0,0,0,0,1,0],[0,0,0,0,0,0,1]],
[[0,0,0,0,1,0,0],[1,0,0,0,0,0,0],[0,0,0,1,0,0,0],[0,1,0,0,0,0,0],[0,0,1,0,0,0,0],[0,0,0,0,0,1,0],[0,0,0,0,0,0,1]],
[[0,0,0,0,0,1,0],[0,0,0,0,0,1,0],[0,0,0,0,0,1,0],[0,0,0,0,0,1,0],[0,0,0,0,0,1,0],[0,0,0,0,0,2,3],[1,1,1,1,1,2,2]],
[[0,0,0,0,0,0,1],[0,0,0,0,0,0,1],[0,0,0,0,0,0,1],[0,0,0,0,0,0,1],[0,0,0,0,0,0,1],[1,1,1,1,1,2,2],[0,0,0,0,0,3,2]]
]],
[903,[1,1,1,3,3,21,21],[0,2,1,4,3,6,5],[3,3,7,7,43,43,903],		# now excluded, see \S 8.4
[
[[1,0,0,0,0,0,0],[0,1,0,0,0,0,0],[0,0,1,0,0,0,0],[0,0,0,1,0,0,0],[0,0,0,0,1,0,0],[0,0,0,0,0,1,0],[0,0,0,0,0,0,1]],
[[0,1,0,0,0,0,0],[0,0,1,0,0,0,0],[1,0,0,0,0,0,0],[0,0,0,1,0,0,0],[0,0,0,0,1,0,0],[0,0,0,0,0,1,0],[0,0,0,0,0,0,1]],
[[0,0,1,0,0,0,0],[1,0,0,0,0,0,0],[0,1,0,0,0,0,0],[0,0,0,1,0,0,0],[0,0,0,0,1,0,0],[0,0,0,0,0,1,0],[0,0,0,0,0,0,1]],
[[0,0,0,1,0,0,0],[0,0,0,1,0,0,0],[0,0,0,1,0,0,0],[0,0,0,1,2,0,0],[1,1,1,1,1,0,0],[0,0,0,0,0,3,0],[0,0,0,0,0,0,3]],
[[0,0,0,0,1,0,0],[0,0,0,0,1,0,0],[0,0,0,0,1,0,0],[1,1,1,1,1,0,0],[0,0,0,2,1,0,0],[0,0,0,0,0,3,0],[0,0,0,0,0,0,3]],
[[0,0,0,0,0,1,0],[0,0,0,0,0,1,0],[0,0,0,0,0,1,0],[0,0,0,0,0,3,0],[0,0,0,0,0,3,0],[0,0,0,0,0,10,11],[1,1,1,3,3,10,10]],
[[0,0,0,0,0,0,1],[0,0,0,0,0,0,1],[0,0,0,0,0,0,1],[0,0,0,0,0,0,3],[0,0,0,0,0,0,3],[1,1,1,3,3,10,10],[0,0,0,0,0,11,10]]]]]
