'''
sage: %attach /home/sebastien/Nutstore Files/SAGE/TimeFunction.sage
sage: %attach /home/sebastien/Nutstore Files/SAGE/TypeCriteria.sage
sage: %attach /home/sebastien/Nutstore Files/SAGE/TypeToNormaliz.sage
sage: [len(L) for L in FL]
[1, 4, 22, 2, 28, 0, 8, 122]
sage: FL1=[]
sage: for L in FL:
....:     LL=[]
....:     for l in L:
....:         if TypeTest(ListToType(l)):
....:             LL.append(l)
....:     FL1.append(LL)
sage: [len(L) for L in FL1]
[0, 2, 16, 1, 14, 0, 5, 84]
sage: FL2=[]
sage: for L in FLL:
....:     LL=[]
....:     for l in L:
....:         if LocalCriterionAll(l,1):
....:             LL.append(l)
....:     FL2.append(LL)
sage: [len(L) for L in FL2]
[0, 0, 2, 1, 10, 0, 4, 70]
# All the remaining one can quickly be excluded by the partiton fusion ring solver with Normaliz, all very quickly except
[1,1,72,184,207,216,414,621,1656,1656,2484,2484,2484,2484,2484,2484,2484,2484,2484,2484,2484]
which required 300s on a laptop.
'''

FL=[[[1,6,6,6,6,6,6,6,6,34,34,51,51,51]
],[
[1,6,6,6,6,6,6,6,6,34,34,51,51,51,102],
[1,12,12,51,51,51,102,136,136,136,136,136,136,136,136],
[1,1,17,24,51,68,102,136,136,136,136,136,136,136,136],
[1,12,12,17,17,34,51,68,68,68,68,68,68,68,68]
],[
[1,6,6,6,6,6,6,6,6,34,34,51,51,51,102,102],
[1,1,17,24,51,68,102,136,136,136,136,136,136,136,136,408],
[1,12,12,17,17,34,51,68,68,68,68,68,68,68,68,204],
[1,12,12,51,51,51,102,136,136,136,136,136,136,136,136,408],
[1,6,6,6,6,6,6,6,6,6,6,38,38,57,57,57],
[1,1,24,51,136,255,340,510,680,680,680,680,680,680,680,680],
[1,85,153,170,540,612,1836,2295,3060,3060,3060,3060,3060,3060,3060,3060],
[1,12,12,17,34,85,204,255,340,340,340,340,340,340,340,340],
[1,6,6,6,6,6,6,6,6,34,34,102,102,153,153,153],
[1,1,4,51,72,153,204,306,408,408,408,408,408,408,408,408],
[1,1,17,24,51,102,136,204,272,272,272,272,272,272,272,272],
[1,6,6,6,6,6,6,6,6,17,51,51,68,102,102,102],
[1,12,17,20,30,85,204,255,340,340,340,340,340,340,340,340],
[1,1,24,51,68,153,204,306,408,408,408,408,408,408,408,408],
[1,12,12,17,51,68,102,153,204,204,204,204,204,204,204,204],
[1,2,2,18,18,18,18,18,18,18,18,102,102,153,153,153],
[1,12,12,17,17,51,68,102,136,136,136,136,136,136,136,136],
[1,6,6,6,6,6,6,6,6,17,34,34,34,34,51,51],
[1,12,12,17,51,51,51,51,51,51,51,51,51,51,68,102],
[1,85,170,540,765,918,1530,2295,3060,3060,3060,3060,3060,3060,3060,3060],
[1,1,24,289,408,867,1156,1734,2312,2312,2312,2312,2312,2312,2312,2312],
[1,1,24,34,34,51,51,102,136,136,136,136,136,136,136,136]
],[
[1,6,6,6,6,6,6,6,6,6,6,38,38,57,57,57,114],
[1,6,18,19,76,171,171,171,171,171,171,171,171,171,171,228,342]
],[
[1,6,6,6,6,6,6,6,6,6,6,38,38,57,57,57,114,114],
[1,6,18,19,76,171,171,171,171,171,171,171,171,171,171,228,342,684],
[1,6,18,38,38,114,114,171,171,171,171,171,171,171,171,171,171,171],
[1,1,1,1,1,1,1,1,1,18,54,114,114,342,342,513,513,513],
[1,2,2,2,2,2,2,2,2,2,18,38,38,114,114,171,171,171],
[1,6,6,6,6,6,6,6,6,6,6,38,38,114,114,171,171,171],
[1,2,2,18,18,18,18,18,18,18,18,18,18,114,114,171,171,171],
[1,15,15,57,60,60,60,60,60,60,60,60,60,380,380,570,570,570],
[1,3,57,57,57,57,57,57,57,57,57,57,60,380,380,570,570,570],
[1,6,6,6,6,6,6,6,6,6,6,19,57,57,76,114,114,114],
[1,6,18,38,38,38,38,38,38,38,38,38,38,38,114,171,171,171],
[1,7,315,570,1330,3420,3420,3420,3420,3420,3420,3420,3420,3420,5985,11970,11970,11970],
[1,1,63,114,266,684,684,684,684,684,684,684,684,684,1197,2394,2394,2394],
[1,6,6,6,6,6,6,6,6,6,6,19,38,38,38,38,57,57],
[1,6,18,38,38,57,57,57,57,57,57,57,57,57,114,114,171,171],
[1,3,19,60,95,570,684,684,684,684,684,684,684,684,684,1140,1710,1710],
[1,6,18,38,38,285,342,342,342,342,342,342,342,342,342,570,855,855],
[1,2,30,30,38,285,342,342,342,342,342,342,342,342,342,570,855,855],
[1,3,60,95,190,228,228,228,228,228,228,228,228,228,228,285,570,570],
[1,3,60,228,228,228,228,228,228,228,228,228,228,285,285,380,380,570],
[1,6,18,19,76,228,513,513,513,513,513,513,513,513,513,513,684,1026],
[1,6,18,76,171,532,1197,1197,1197,1197,1197,1197,1197,1197,1197,1197,1596,2394],
[1,2,30,30,57,114,285,285,285,285,285,285,285,285,285,285,380,570],
[1,6,18,38,38,57,171,171,171,171,171,171,171,171,171,171,228,342],
[1,6,6,12,12,19,57,57,57,57,57,57,57,57,57,57,76,114],
[1,3,60,152,285,285,456,570,570,570,570,570,570,570,570,570,760,1140],
[1,7,315,380,3420,3990,3990,5985,5985,5985,5985,5985,5985,5985,5985,5985,7980,11970],
[1,1,63,76,684,798,798,1197,1197,1197,1197,1197,1197,1197,1197,1197,1596,2394]],
[],
[[1,2,69,115,360,828,1035,2760,2760,4140,4140,4140,4140,4140,4140,4140,4140,4140,4140,4140],
[1,2,18,27,92,276,621,621,828,1242,1242,1242,1242,1242,1242,1242,1242,1242,1242,1242],
[1,1,1,12,12,12,12,12,12,12,12,12,12,12,23,92,92,138,138,138],
[1,3,23,360,360,460,1035,1656,2070,2070,2070,2070,2070,2070,2070,2070,2070,2070,2070,4140],
[1,4,6,36,36,414,460,828,1035,1035,1035,1035,1035,1035,1035,1035,1035,1035,1035,2070],
[1,4,6,36,36,46,138,138,207,207,207,207,207,207,207,207,207,207,207,414],
[1,1,72,184,216,621,621,828,1242,1242,1242,1242,1242,1242,1242,1242,1242,1242,1242,2484],
[1,3,9,45,828,920,920,1380,2070,2070,2070,2070,2070,2070,2070,2070,2070,2070,2070,4140]
],[
[1,2,69,115,360,828,1035,2760,2760,4140,4140,4140,4140,4140,4140,4140,4140,4140,4140,4140,8280],
[1,2,18,27,92,276,621,621,828,1242,1242,1242,1242,1242,1242,1242,1242,1242,1242,1242,2484],
[1,1,1,12,12,12,12,12,12,12,12,12,12,12,23,92,92,138,138,138,276],
[1,3,23,360,360,460,1035,1656,2070,2070,2070,2070,2070,2070,2070,2070,2070,2070,2070,4140,8280],
[1,4,6,36,36,414,460,828,1035,1035,1035,1035,1035,1035,1035,1035,1035,1035,1035,2070,4140],
[1,4,6,36,36,46,138,138,207,207,207,207,207,207,207,207,207,207,207,414,828],
[1,1,72,184,216,621,621,828,1242,1242,1242,1242,1242,1242,1242,1242,1242,1242,1242,2484,4968],
[1,3,9,45,828,920,920,1380,2070,2070,2070,2070,2070,2070,2070,2070,2070,2070,2070,4140,8280],
[1,1,1,4,28,28,161,276,644,644,966,966,966,966,966,966,966,966,966,966,966],
[1,2,20,621,1035,3240,7452,9315,24840,24840,37260,37260,37260,37260,37260,37260,37260,37260,37260,37260,37260],
[1,2,69,69,92,360,828,1035,2760,2760,4140,4140,4140,4140,4140,4140,4140,4140,4140,4140,4140],
[1,12,23,50,276,575,1380,1725,4600,4600,6900,6900,6900,6900,6900,6900,6900,6900,6900,6900,6900],
[1,2,92,345,360,1035,2484,3105,8280,8280,12420,12420,12420,12420,12420,12420,12420,12420,12420,12420,12420],
[1,12,23,30,40,115,276,345,920,920,1380,1380,1380,1380,1380,1380,1380,1380,1380,1380,1380],
[1,1,23,72,216,276,414,621,1656,1656,2484,2484,2484,2484,2484,2484,2484,2484,2484,2484,2484],
[1,2,115,207,360,414,690,1035,2760,2760,4140,4140,4140,4140,4140,4140,4140,4140,4140,4140,4140],
[1,1,72,184,207,216,414,621,1656,1656,2484,2484,2484,2484,2484,2484,2484,2484,2484,2484,2484],
[1,4,16,16,69,69,69,138,368,368,552,552,552,552,552,552,552,552,552,552,552],
[1,3,9,45,46,138,207,230,690,690,1035,1035,1035,1035,1035,1035,1035,1035,1035,1035,1035],
[1,9,10,45,45,138,207,230,690,690,1035,1035,1035,1035,1035,1035,1035,1035,1035,1035,1035],
[1,2,69,345,345,360,828,920,2760,2760,4140,4140,4140,4140,4140,4140,4140,4140,4140,4140,4140],
[1,2,18,27,92,207,207,276,828,828,1242,1242,1242,1242,1242,1242,1242,1242,1242,1242,1242],
[1,2,18,27,92,276,828,1863,1863,2484,3726,3726,3726,3726,3726,3726,3726,3726,3726,3726,3726],
[1,2,9,18,18,18,92,207,207,276,414,414,414,414,414,414,414,414,414,414,414],
[1,3,9,45,230,460,828,2070,2070,2760,4140,4140,4140,4140,4140,4140,4140,4140,4140,4140,4140],
[1,5,6,12,60,60,138,345,345,460,690,690,690,690,690,690,690,690,690,690,690],
[1,2,69,115,345,360,828,2070,2070,2760,4140,4140,4140,4140,4140,4140,4140,4140,4140,4140,4140],
[1,4,6,36,36,46,69,207,207,276,414,414,414,414,414,414,414,414,414,414,414],
[1,3,3,28,28,161,276,644,644,644,644,644,644,644,644,644,644,644,966,966,966],
[1,2,69,115,360,828,1035,2760,2760,2760,2760,2760,2760,2760,2760,2760,2760,2760,4140,4140,4140],
[1,5,7,60,60,60,60,60,60,60,60,60,60,60,805,1380,3220,3220,4830,4830,4830],
[1,1,1,12,12,12,12,12,12,12,12,12,12,12,161,276,644,644,966,966,966],
[1,2,360,9016,10143,10143,10143,10143,10143,10143,10143,10143,10143,10143,10143,57960,135240,135240,202860,202860,202860],
[1,1,1,12,12,12,12,12,12,12,12,12,12,12,46,69,184,184,276,276,276],
[1,10,30,45,45,45,45,45,45,45,45,45,45,45,207,230,690,690,1035,1035,1035],
[1,5,7,60,420,420,420,420,420,420,420,420,420,420,420,805,3220,3220,4830,4830,4830],
[1,1,1,12,84,84,84,84,84,84,84,84,84,84,84,161,644,644,966,966,966],
[1,7,115,345,2520,2520,2520,2520,2520,2520,2520,2520,2520,2520,2520,4830,19320,19320,28980,28980,28980],
[1,1,23,69,504,504,504,504,504,504,504,504,504,504,504,966,3864,3864,5796,5796,5796],
[1,3,7,23,168,168,168,168,168,168,168,168,168,168,168,322,1288,1288,1932,1932,1932],
[1,1,12,23,180,180,180,180,180,180,180,180,180,180,180,345,1380,1380,2070,2070,2070],
[1,1,1,3,24,24,24,24,24,24,24,24,24,24,24,46,184,184,276,276,276],
[1,3,23,28,252,252,252,252,252,252,252,252,252,252,252,483,1932,1932,2898,2898,2898],
[1,1,3,4,36,36,36,36,36,36,36,36,36,36,36,69,276,276,414,414,414],
[1,18,42,140,460,1449,1449,1449,1449,1449,1449,1449,1449,1449,1449,1449,9660,9660,14490,14490,14490],
[1,12,46,50,92,345,345,345,345,345,345,345,345,345,345,345,2300,2300,3450,3450,3450],
[1,1,1,12,12,12,12,12,12,12,12,12,12,12,46,46,69,92,138,138,138],
[1,9,21,69,69,126,322,322,322,322,322,322,322,322,322,322,322,966,1449,1449,1449],
[1,2,138,276,360,920,1035,1035,1035,1035,1035,1035,1035,1035,1035,1035,1035,2070,4140,4140,4140],
[1,12,30,40,276,345,345,345,345,345,345,345,345,345,345,345,460,552,1380,1380,1380],
[1,9,21,23,126,161,414,414,414,414,414,414,414,414,414,414,414,414,1449,1449,1449],
[1,3,9,45,828,3220,3220,4140,4140,4140,4140,4140,4140,4140,4140,4140,4140,4140,14490,14490,14490],
[1,75,210,1932,4025,4025,4830,6900,6900,6900,6900,6900,6900,6900,6900,6900,6900,6900,24150,24150,24150],
[1,15,16,24,115,345,690,1104,1104,1104,1104,1104,1104,1104,1104,1104,1104,1104,1104,2760,2760],
[1,2,92,207,345,360,1035,1656,1656,1656,1656,1656,1656,1656,1656,1656,1656,1656,1656,4140,4140],
[1,4,45,45,90,345,460,828,828,828,828,828,828,828,828,828,828,828,828,2070,2070],
[1,3,9,45,230,276,460,828,828,828,828,828,828,828,828,828,828,828,828,2070,2070],
[1,2,69,115,360,1035,2760,2760,3312,3312,3312,3312,3312,3312,3312,3312,3312,3312,3312,8280,8280],
[1,1,5,30,180,207,690,690,828,828,828,828,828,828,828,828,828,828,828,2070,2070],
[1,1,1,10,60,69,230,230,276,276,276,276,276,276,276,276,276,276,276,690,690],
[1,2,115,207,345,360,1380,1380,1656,1656,1656,1656,1656,1656,1656,1656,1656,1656,1656,4140,4140],
[1,12,30,40,69,345,345,460,552,552,552,552,552,552,552,552,552,552,552,1380,1380],
[1,2,207,345,360,920,1035,1380,1656,1656,1656,1656,1656,1656,1656,1656,1656,1656,1656,4140,4140],
[1,2,360,3220,5796,7245,7245,7245,11592,11592,11592,11592,11592,11592,11592,11592,11592,11592,11592,28980,28980],
[1,8,15,15,60,120,184,345,552,690,690,690,690,690,690,690,690,690,690,690,1380],
[1,8,8,20,69,115,184,345,552,690,690,690,690,690,690,690,690,690,690,690,1380],
[1,5,8,69,1080,1080,1380,3105,4968,6210,6210,6210,6210,6210,6210,6210,6210,6210,6210,6210,12420],
[1,4,6,36,36,460,3726,4140,7452,9315,9315,9315,9315,9315,9315,9315,9315,9315,9315,9315,18630],
[1,1,5,8,45,92,828,920,1656,2070,2070,2070,2070,2070,2070,2070,2070,2070,2070,2070,4140],
[1,5,5,100,207,460,4140,4600,8280,10350,10350,10350,10350,10350,10350,10350,10350,10350,10350,10350,20700],
[1,2,10,10,18,46,414,460,828,1035,1035,1035,1035,1035,1035,1035,1035,1035,1035,1035,2070],
[1,2,15,15,45,90,828,920,1656,2070,2070,2070,2070,2070,2070,2070,2070,2070,2070,2070,4140],
[1,5,12,15,15,45,414,460,828,1035,1035,1035,1035,1035,1035,1035,1035,1035,1035,1035,2070],
[1,2,115,115,115,360,3312,3680,6624,8280,8280,8280,8280,8280,8280,8280,8280,8280,8280,8280,16560],
[1,5,5,100,115,207,2070,2300,4140,5175,5175,5175,5175,5175,5175,5175,5175,5175,5175,5175,10350],
[1,45,75,75,100,207,2070,2300,4140,5175,5175,5175,5175,5175,5175,5175,5175,5175,5175,5175,10350],
[1,18,20,180,900,900,10350,11500,20700,25875,25875,25875,25875,25875,25875,25875,25875,25875,25875,25875,51750],
[1,3,23,69,360,360,4140,4600,8280,10350,10350,10350,10350,10350,10350,10350,10350,10350,10350,10350,20700],
[1,10,18,30,180,180,2070,2300,4140,5175,5175,5175,5175,5175,5175,5175,5175,5175,5175,5175,10350],
[1,1,23,72,207,216,2484,2760,4968,6210,6210,6210,6210,6210,6210,6210,6210,6210,6210,6210,12420],
[1,115,115,345,540,648,7452,8280,14904,18630,18630,18630,18630,18630,18630,18630,18630,18630,18630,18630,37260],
[1,9,20,24,69,69,828,920,1656,2070,2070,2070,2070,2070,2070,2070,2070,2070,2070,2070,4140],
[1,2,115,345,345,360,4968,5520,9936,12420,12420,12420,12420,12420,12420,12420,12420,12420,12420,12420,24840],
[1,5,5,100,207,1150,1725,2300,4140,5175,5175,5175,5175,5175,5175,5175,5175,5175,5175,5175,10350],
[1,4,45,45,90,207,345,460,828,1035,1035,1035,1035,1035,1035,1035,1035,1035,1035,1035,2070],
[1,2,69,207,207,360,690,920,1656,2070,2070,2070,2070,2070,2070,2070,2070,2070,2070,2070,4140],
[1,3,115,345,360,360,552,920,1656,2070,2070,2070,2070,2070,2070,2070,2070,2070,2070,2070,4140],
[1,4,10,12,30,60,138,138,276,345,345,345,345,345,345,345,345,345,345,345,690],
[1,12,50,414,460,828,2070,2070,4140,5175,5175,5175,5175,5175,5175,5175,5175,5175,5175,5175,10350],
[1,2,115,345,345,360,690,828,1656,2070,2070,2070,2070,2070,2070,2070,2070,2070,2070,2070,4140],
[1,12,23,50,276,575,575,575,1380,1725,1725,1725,1725,1725,1725,1725,1725,1725,1725,1725,3450],
[1,35,105,105,690,690,690,805,1932,2415,2415,2415,2415,2415,2415,2415,2415,2415,2415,2415,4830],
[1,4,10,12,30,60,92,230,230,345,345,345,345,345,345,345,345,345,345,345,690],
[1,12,50,414,460,828,1380,3450,3450,5175,5175,5175,5175,5175,5175,5175,5175,5175,5175,5175,10350],
[1,23,46,69,72,144,207,552,552,828,828,828,828,828,828,828,828,828,828,828,1656],
[1,18,20,180,900,900,1150,3450,3450,5175,5175,5175,5175,5175,5175,5175,5175,5175,5175,5175,10350],
[1,3,23,69,360,360,460,1380,1380,2070,2070,2070,2070,2070,2070,2070,2070,2070,2070,2070,4140],
[1,10,18,30,180,180,230,690,690,1035,1035,1035,1035,1035,1035,1035,1035,1035,1035,1035,2070],
[1,1,23,72,207,216,276,828,828,1242,1242,1242,1242,1242,1242,1242,1242,1242,1242,1242,2484],
[1,1,5,30,180,207,207,690,690,1035,1035,1035,1035,1035,1035,1035,1035,1035,1035,1035,2070],
[1,1,1,10,60,69,69,230,230,345,345,345,345,345,345,345,345,345,345,345,690],
[1,2,115,207,345,360,414,1380,1380,2070,2070,2070,2070,2070,2070,2070,2070,2070,2070,2070,4140],
[1,36,36,92,92,108,108,414,414,621,621,621,621,621,621,621,621,621,621,621,1242],
[1,1,72,184,207,207,216,828,828,1242,1242,1242,1242,1242,1242,1242,1242,1242,1242,1242,2484],
[1,1,72,184,216,828,1863,1863,2484,3726,3726,3726,3726,3726,3726,3726,3726,3726,3726,3726,7452],
[1,12,30,40,69,138,345,345,460,690,690,690,690,690,690,690,690,690,690,690,1380],
[1,1,4,216,552,648,1863,1863,2484,3726,3726,3726,3726,3726,3726,3726,3726,3726,3726,3726,7452],
[1,2,115,138,276,360,1035,1035,1380,2070,2070,2070,2070,2070,2070,2070,2070,2070,2070,2070,4140],
[1,23,69,72,144,207,368,414,552,828,828,828,828,828,828,828,828,828,828,828,1656],
[1,5,8,27,135,2484,2760,2760,4140,6210,6210,6210,6210,6210,6210,6210,6210,6210,6210,6210,12420],
[1,1,5,8,45,828,920,920,1380,2070,2070,2070,2070,2070,2070,2070,2070,2070,2070,2070,4140],
[1,8,15,23,135,2484,2760,2760,4140,6210,6210,6210,6210,6210,6210,6210,6210,6210,6210,6210,12420],
[1,5,5,100,207,4140,4600,4600,6900,10350,10350,10350,10350,10350,10350,10350,10350,10350,10350,10350,20700],
[1,18,20,50,100,2070,2300,2300,3450,5175,5175,5175,5175,5175,5175,5175,5175,5175,5175,5175,10350],
[1,12,46,50,92,2070,2300,2300,3450,5175,5175,5175,5175,5175,5175,5175,5175,5175,5175,5175,10350],
[1,2,10,10,18,414,460,460,690,1035,1035,1035,1035,1035,1035,1035,1035,1035,1035,1035,2070],
[1,9,21,23,126,161,828,828,828,1449,1449,1449,1449,1449,1449,1449,1449,1449,1449,1449,2898],
[1,2,138,276,360,920,1035,1035,1035,2070,2070,2070,2070,2070,2070,2070,2070,2070,2070,2070,4140],
[1,2,69,360,690,828,920,1035,1035,2070,2070,2070,2070,2070,2070,2070,2070,2070,2070,2070,4140],
[1,2,69,115,360,828,1035,2070,2070,2070,2070,2070,2070,2070,2070,2070,2070,2070,2070,2760,2760],
[1,12,46,50,92,690,1380,1380,1725,1725,1725,1725,1725,1725,1725,1725,1725,1725,1725,2300,2300],
[1,2,18,27,92,276,621,621,621,621,621,621,621,621,621,621,621,621,621,621,828]]]
