List of possible types for a perfect (so simple) odd-dimensional modular fusion category of rank 25.

sage: L=[
[[1, 1], [15, 4], [205, 2], [2079, 2], [12915, 2], [20295, 2], [47355, 2], [85239, 2], [142065, 8]],
[[1, 1], [15, 4], [225, 4], [4059, 4], [11275, 2], [20295, 2], [33825, 8]],
[[1, 1], [15, 2], [21, 2], [39, 2], [225, 2], [585, 2], [975, 2], [2275, 2], [4095, 2], [6825, 8]],
[[1, 1], [15, 2], [21, 2], [39, 2], [225, 2], [975, 2], [2275, 2], [2925, 4], [6825, 8]],
[[1, 1], [15, 2], [63, 2], [115, 2], [161, 4], [315, 2], [805, 2], [1449, 2], [2415, 8]],
[[1, 1], [15, 2], [63, 2], [115, 2], [315, 2], [483, 6], [1449, 2], [2415, 8]],
[[1, 1], [15, 2], [63, 2], [115, 2], [315, 2], [483, 2], [1449, 8], [2415, 6]],
[[1, 1], [15, 2], [63, 2], [115, 2], [315, 2], [4347, 4], [12075, 2], [21735, 2], [36225, 8]],
[[1, 1], [15, 2], [93, 2], [3141, 2], [6975, 2], [97371, 4], [270475, 2], [486855, 2], [811425, 8]],
[[1, 1], [15, 2], [115, 2], [891, 2], [1755, 2], [49335, 2], [102465, 2], [121095, 2], [266409, 2], [444015, 8]],
[[1, 1], [15, 2], [115, 2], [4851, 2], [6615, 2], [50715, 2], [79695, 2], [185955, 2], [334719, 2], [557865, 8]],
[[1, 1], [15, 2], [2325, 2], [6315, 4], [117459, 4], [326275, 2], [587295, 2], [978825, 8]],
[[1, 1], [21, 2], [35, 2], [63, 2], [85, 2], [119, 2], [255, 2], [595, 2], [1071, 2], [1785, 8]],
[[1, 1], [21, 2], [297, 2], [351, 2], [385, 2], [15015, 2], [31185, 2], [36855, 2], [81081, 2], [135135, 8]],
[[1, 1], [21, 2], [2289, 2], [34335, 2], [48825, 2], [152055, 2], [253425, 2], [591325, 2], [1064385, 2], [1773975, 8]],
[[1, 1], [21, 2], [2289, 2], [34335, 2], [48825, 2], [253425, 2], [591325, 2], [760275, 4], [1773975, 8]],
[[1, 1], [21, 2], [2565, 2], [13545, 2], [28595, 2], [36765, 2], [121905, 2], [257355, 2], [463239, 2], [772065, 8]],
[[1, 1], [35, 4], [39, 2], [65, 4], [91, 4], [273, 2], [455, 8]],
[[1, 1], [35, 4], [39, 2], [65, 4], [273, 8], [455, 6]],
[[1, 1], [35, 4], [65, 4], [91, 4], [195, 4], [455, 8]],
[[1, 1], [35, 4], [65, 4], [195, 4], [273, 6], [455, 6]],
[[1, 1], [35, 4], [91, 4], [351, 2], [585, 2], [1365, 2], [2457, 2], [4095, 8]],
[[1, 1], [35, 4], [91, 4], [585, 2], [1365, 2], [1755, 4], [4095, 8]],
[[1, 1], [35, 4], [91, 2], [195, 2], [1365, 2], [2145, 2], [5005, 2], [9009, 2], [15015, 8]],
[[1, 1], [39, 4], [65, 2], [189, 2], [315, 2], [585, 2], [1365, 2], [2457, 2], [4095, 8]],
[[1, 1], [39, 2], [65, 2], [75, 2], [513, 2], [6669, 4], [18525, 2], [33345, 2], [55575, 8]],
[[1, 1], [39, 2], [231, 2], [273, 2], [1001, 2], [1287, 2], [3465, 2], [4095, 2], [9009, 2], [15015, 8]],
[[1, 1], [39, 2], [231, 2], [273, 2], [1001, 2], [3465, 2], [4095, 2], [6435, 4], [15015, 8]],
[[1, 1], [45, 4], [1287, 2], [1425, 2], [24453, 4], [67925, 2], [122265, 2], [203775, 8]],
[[1, 1], [45, 2], [95, 6], [99, 2], [495, 2], [1045, 2], [1881, 2], [3135, 8]],
[[1, 1], [45, 2], [115, 2], [171, 2], [1881, 2], [11385, 2], [14421, 2], [19665, 2], [43263, 2], [72105, 8]],
[[1, 1], [45, 2], [225, 2], [525, 4], [9891, 4], [27475, 2], [49455, 2], [82425, 8]],
[[1, 1], [45, 2], [657, 2], [693, 2], [22995, 4], [28105, 2], [84315, 2], [151767, 2], [252945, 8]],
[[1, 1], [51, 2], [153, 2], [855, 2], [1989, 2], [3315, 2], [9945, 2], [20995, 2], [37791, 2], [62985, 8]],
[[1, 1], [51, 2], [255, 2], [765, 2], [855, 2], [969, 2], [3825, 2], [8075, 2], [14535, 2], [24225, 8]],
[[1, 1], [51, 2], [425, 2], [3825, 2], [4347, 2], [73899, 4], [205275, 2], [369495, 2], [615825, 8]],
[[1, 1], [51, 2], [2035, 2], [6919, 2], [23375, 2], [311355, 4], [864875, 2], [1556775, 2], [2594625, 8]],
[[1, 1], [55, 4], [209, 2], [495, 2], [13585, 2], [28215, 2], [33345, 2], [73359, 2], [122265, 8]],
[[1, 1], [75, 2], [91, 4], [175, 2], [585, 2], [975, 2], [2275, 2], [4095, 2], [6825, 8]],
[[1, 1], [75, 2], [91, 4], [175, 2], [975, 2], [2275, 2], [2925, 4], [6825, 8]],
[[1, 1], [75, 2], [425, 2], [675, 2], [1575, 2], [22491, 4], [62475, 2], [112455, 2], [187425, 8]],
[[1, 1], [99, 2], [195, 2], [385, 2], [405, 2], [15015, 2], [31185, 2], [36855, 2], [81081, 2], [135135, 8]],
[[1, 1], [99, 2], [231, 2], [385, 2], [675, 2], [10395, 4], [28875, 2], [51975, 2], [86625, 8]],
[[1, 1], [99, 2], [231, 2], [675, 2], [17325, 4], [21175, 2], [63525, 2], [114345, 2], [190575, 8]],
[[1, 1], [99, 2], [273, 2], [1001, 2], [1365, 2], [2145, 2], [3465, 4], [9009, 2], [15015, 8]],
[[1, 1], [115, 2], [135, 2], [10575, 2], [12075, 2], [204309, 4], [567525, 2], [1021545, 2], [1702575, 8]],
[[1, 1], [135, 4], [165, 2], [189, 2], [315, 2], [385, 2], [1155, 2], [2079, 2], [3465, 8]],
[[1, 1], [153, 2], [1575, 2], [2475, 2], [5775, 2], [82467, 4], [229075, 2], [412335, 2], [687225, 8]],
[[1, 1], [159, 2], [297, 2], [6039, 2], [145485, 4], [177815, 2], [533445, 2], [960201, 2], [1600335, 8]],
[[1, 1], [187, 2], [495, 2], [675, 2], [825, 2], [15147, 4], [42075, 2], [75735, 2], [126225, 8]],
[[1, 1], [195, 4], [231, 2], [1001, 2], [1287, 2], [3465, 2], [4095, 2], [9009, 2], [15015, 8]],
[[1, 1], [195, 4], [231, 2], [1001, 2], [3465, 2], [4095, 2], [6435, 4], [15015, 8]],
[[1, 1], [205, 2], [369, 2], [805, 2], [6601, 2], [8487, 2], [12915, 2], [33005, 2], [59409, 2], [99015, 8]],
[[1, 1], [205, 2], [369, 2], [805, 2], [6601, 2], [12915, 2], [33005, 2], [42435, 4], [99015, 8]],
[[1, 1], [209, 2], [429, 2], [495, 2], [3135, 2], [19305, 2], [24453, 2], [33345, 2], [73359, 2], [122265, 8]],
[[1, 1], [219, 4], [225, 2], [657, 2], [1825, 2], [1971, 2], [5475, 2], [9855, 2], [16425, 8]],
[[1, 1], [219, 2], [225, 2], [657, 4], [12483, 4], [34675, 2], [62415, 2], [104025, 8]],
[[1, 1], [219, 2], [225, 2], [657, 2], [5475, 2], [70299, 4], [195275, 2], [351495, 2], [585825, 8]],
[[1, 1], [219, 2], [225, 2], [5037, 2], [12045, 2], [166221, 4], [461725, 2], [831105, 2], [1385175, 8]],
[[1, 1], [225, 2], [365, 6], [8541, 4], [23725, 2], [42705, 2], [71175, 8]],
[[1, 1], [225, 2], [365, 4], [1825, 2], [24309, 4], [67525, 2], [121545, 2], [202575, 8]],
[[1, 1], [225, 2], [511, 2], [657, 4], [13797, 4], [38325, 2], [68985, 2], [114975, 8]],
[[1, 1], [225, 2], [511, 2], [1971, 2], [3285, 2], [9855, 2], [16425, 2], [38325, 2], [68985, 2], [114975, 8]],
[[1, 1], [225, 2], [511, 2], [1971, 2], [3285, 2], [16425, 2], [38325, 2], [49275, 4], [114975, 8]],
[[1, 1], [225, 2], [511, 2], [2555, 2], [5621, 2], [38325, 2], [60225, 2], [140525, 2], [252945, 2], [421575, 8]],
[[1, 1], [225, 2], [657, 4], [1533, 2], [22995, 4], [63875, 2], [114975, 2], [191625, 8]],
[[1, 1], [225, 2], [657, 4], [4599, 2], [59787, 4], [166075, 2], [298935, 2], [498225, 8]],
[[1, 1], [225, 2], [657, 2], [1095, 2], [5475, 2], [71613, 4], [198925, 2], [358065, 2], [596775, 8]],
[[1, 1], [225, 2], [657, 2], [3285, 4], [59787, 4], [166075, 2], [298935, 2], [498225, 8]],
[[1, 1], [225, 2], [1095, 6], [24309, 4], [67525, 2], [121545, 2], [202575, 8]],
[[1, 1], [225, 2], [1095, 2], [4745, 2], [8541, 4], [16425, 4], [42705, 2], [71175, 8]],
[[1, 1], [225, 2], [2409, 4], [9855, 2], [260975, 2], [542025, 2], [640575, 2], [1409265, 2], [2348775, 8]],
[[1, 1], [225, 2], [2409, 4], [82125, 4], [100375, 2], [301125, 2], [542025, 2], [903375, 8]],
[[1, 1], [225, 2], [2409, 2], [5475, 2], [8541, 2], [260975, 2], [542025, 2], [640575, 2], [1409265, 2], [2348775, 8]],
[[1, 1], [225, 2], [2409, 2], [8541, 2], [213525, 4], [260975, 2], [782925, 2], [1409265, 2], [2348775, 8]],
[[1, 1], [225, 2], [3285, 2], [5475, 4], [107091, 4], [297475, 2], [535455, 2], [892425, 8]],
[[1, 1], [225, 2], [4015, 2], [6205, 4], [122859, 4], [341275, 2], [614295, 2], [1023825, 8]],
[[1, 1], [231, 2], [351, 2], [585, 2], [2079, 2], [55055, 2], [114345, 2], [135135, 2], [297297, 2], [495495, 8]],
[[1, 1], [231, 2], [777, 2], [1155, 2], [1221, 2], [3465, 2], [6105, 2], [14245, 2], [25641, 2], [42735, 8]],
[[1, 1], [255, 2], [495, 2], [1035, 2], [2805, 2], [38709, 4], [107525, 2], [193545, 2], [322575, 8]],
[[1, 1], [297, 2], [385, 2], [3465, 2], [5859, 2], [7161, 2], [15345, 2], [35805, 2], [64449, 2], [107415, 8]],
[[1, 1], [565, 2], [855, 4], [3051, 2], [5085, 2], [15255, 2], [32205, 2], [57969, 2], [96615, 8]],
[[1, 1], [621, 2], [3861, 2], [6435, 2], [21735, 2], [575575, 2], [1195425, 2], [1412775, 2], [3108105, 2], [5180175, 8]],
[[1, 1], [663, 2], [855, 2], [21879, 2], [24225, 2], [415701, 4], [1154725, 2], [2078505, 2], [3464175, 8]],
[[1, 1], [693, 2], [1771, 2], [4301, 2], [11781, 2], [24633, 2], [30107, 4], [38709, 2], [90321, 8]],
[[1, 1], [693, 2], [1771, 2], [11781, 2], [12903, 4], [24633, 2], [38709, 4], [90321, 8]],
[[1, 1], [693, 2], [1771, 2], [11781, 2], [24633, 2], [116127, 2], [270963, 2], [348381, 4], [812889, 8]],
[[1, 1], [1275, 2], [5355, 2], [28623, 2], [110925, 2], [1459773, 4], [4054925, 2], [7298865, 2], [12164775, 8]],
[[1, 1], [1295, 2], [1995, 4], [3515, 2], [4921, 2], [10545, 2], [24605, 2], [44289, 2], [73815, 8]],
[[1, 1], [1323, 2], [8575, 2], [12825, 2], [38475, 2], [527877, 4], [1466325, 2], [2639385, 2], [4398975, 8]],
[[1, 1], [3485, 2], [6273, 2], [33825, 2], [34425, 2], [621027, 4], [1725075, 2], [3105135, 2], [5175225, 8]]
]
sage: %attach /home/sebastien/Nutstore Files/SAGE/TypeCriteria.sage
sage: %attach /home/sebastien/Nutstore Files/SAGE/TypeToNormaliz.sage
sage: LL=[TypeToList(l) for l in L]
sage: len(LL)
91
sage: L2=[]
sage: for l in LL:
....:     if len(Theorem4Check(l))>0:
....:         L2.append(l)
....: 
sage: len(L2)
15
sage: %time L3=TypesCriteria(L2)
CPU times: user 884 µs, sys: 49.9 ms, total: 50.8 ms
Wall time: 127 ms
sage: len(L3)
7
sage: L3
[[1, 35, 35, 35, 35, 39, 39, 65, 65, 65, 65, 91, 91, 91, 91, 273, 273, 455, 455, 455, 455, 455, 455, 455, 455],
[1, 35, 35, 35, 35, 39, 39, 65, 65, 65, 65, 273, 273, 273, 273, 273, 273, 273, 273, 455, 455, 455, 455, 455, 455],
[1, 39, 39, 39, 39, 65, 65, 189, 189, 315, 315, 585, 585, 1365, 1365, 2457, 2457, 4095, 4095, 4095, 4095, 4095, 4095, 4095, 4095],
[1, 75, 75, 91, 91, 91, 91, 175, 175, 585, 585, 975, 975, 2275, 2275, 4095, 4095, 6825, 6825, 6825, 6825, 6825, 6825, 6825, 6825],
[1, 75, 75, 91, 91, 91, 91, 175, 175, 975, 975, 2275, 2275, 2925, 2925, 2925, 2925, 6825, 6825, 6825, 6825, 6825, 6825, 6825, 6825],
[1, 99, 99, 231, 231, 385, 385, 675, 675, 10395, 10395, 10395, 10395, 28875, 28875, 51975, 51975, 86625, 86625, 86625, 86625, 86625, 86625, 86625, 86625],
[1, 135, 135, 135, 135, 165, 165, 189, 189, 315, 315, 385, 385, 1155, 1155, 2079, 2079, 3465, 3465, 3465, 3465, 3465, 3465, 3465, 3465]]

sage: TypesToPreNormalizAlone(L3)

# with less than 1s, exclusion of:
[1, 35, 35, 35, 35, 39, 39, 65, 65, 65, 65, 273, 273, 273, 273, 273, 273, 273, 273, 455, 455, 455, 455, 455, 455],

# with less than 500s, exclusion of:
[1, 99, 99, 231, 231, 385, 385, 675, 675, 10395, 10395, 10395, 10395, 28875, 28875, 51975, 51975, 86625, 86625, 86625, 86625, 86625, 86625, 86625, 86625]

## With HPC, exclusion of
[1,35,35,35,35,39,39,65,65,65,65,91,91,91,91,273,273,455,455,455,455,455,455,455,455]

### there remain 4 unsolved types:

[1, 39, 39, 39, 39, 65, 65, 189, 189, 315, 315, 585, 585, 1365, 1365, 2457, 2457, 4095, 4095, 4095, 4095, 4095, 4095, 4095, 4095],
[1, 75, 75, 91, 91, 91, 91, 175, 175, 585, 585, 975, 975, 2275, 2275, 4095, 4095, 6825, 6825, 6825, 6825, 6825, 6825, 6825, 6825],
[1, 75, 75, 91, 91, 91, 91, 175, 175, 975, 975, 2275, 2275, 2925, 2925, 2925, 2925, 6825, 6825, 6825, 6825, 6825, 6825, 6825, 6825],
[1, 135, 135, 135, 135, 165, 165, 189, 189, 315, 315, 385, 385, 1155, 1155, 2079, 2079, 3465, 3465, 3465, 3465, 3465, 3465, 3465, 3465]



