### List of integral modular data up to rank 13 ###

We will display the non-pointed case first, then the pointed case.

HOW TO READ: 
# fusion ring: list of fusion matrices
[S,T,dim,orS,orT,c,nu2]
	S = S-matrix (as a list of list)
	T= T-matrix (as the list of topological spins)
	dim= list of FPdims
	orS= conductor of S
	orT= conductor of T (its order here)
	c= central charge
	nu2= list of 2nd Frobenius-Schur indicators

# Non-pointed case #

[[], [], [], [], [], [], [],
[[[
[[1, 0, 0, 0, 0, 0, 0, 0], [0, 1, 0, 0, 0, 0, 0, 0], [0, 0, 1, 0, 0, 0, 0, 0], [0, 0, 0, 1, 0, 0, 0, 0], [0, 0, 0, 0, 1, 0, 0, 0], [0, 0, 0, 0, 0, 1, 0, 0], [0, 0, 0, 0, 0, 0, 1, 0], [0, 0, 0, 0, 0, 0, 0, 1]],
[[0, 1, 0, 0, 0, 0, 0, 0], [1, 0, 0, 0, 0, 0, 0, 0], [0, 0, 1, 0, 0, 0, 0, 0], [0, 0, 0, 1, 0, 0, 0, 0], [0, 0, 0, 0, 1, 0, 0, 0], [0, 0, 0, 0, 0, 1, 0, 0], [0, 0, 0, 0, 0, 0, 0, 1], [0, 0, 0, 0, 0, 0, 1, 0]],
[[0, 0, 1, 0, 0, 0, 0, 0], [0, 0, 1, 0, 0, 0, 0, 0], [1, 1, 1, 0, 0, 0, 0, 0], [0, 0, 0, 0, 1, 1, 0, 0], [0, 0, 0, 1, 0, 1, 0, 0], [0, 0, 0, 1, 1, 0, 0, 0], [0, 0, 0, 0, 0, 0, 1, 1], [0, 0, 0, 0, 0, 0, 1, 1]],
[[0, 0, 0, 1, 0, 0, 0, 0], [0, 0, 0, 1, 0, 0, 0, 0], [0, 0, 0, 0, 1, 1, 0, 0], [1, 1, 0, 0, 1, 0, 0, 0], [0, 0, 1, 1, 0, 0, 0, 0], [0, 0, 1, 0, 0, 1, 0, 0], [0, 0, 0, 0, 0, 0, 1, 1], [0, 0, 0, 0, 0, 0, 1, 1]],
[[0, 0, 0, 0, 1, 0, 0, 0], [0, 0, 0, 0, 1, 0, 0, 0], [0, 0, 0, 1, 0, 1, 0, 0], [0, 0, 1, 1, 0, 0, 0, 0], [1, 1, 0, 0, 0, 1, 0, 0], [0, 0, 1, 0, 1, 0, 0, 0], [0, 0, 0, 0, 0, 0, 1, 1], [0, 0, 0, 0, 0, 0, 1, 1]],
[[0, 0, 0, 0, 0, 1, 0, 0], [0, 0, 0, 0, 0, 1, 0, 0], [0, 0, 0, 1, 1, 0, 0, 0], [0, 0, 1, 0, 0, 1, 0, 0], [0, 0, 1, 0, 1, 0, 0, 0], [1, 1, 0, 1, 0, 0, 0, 0], [0, 0, 0, 0, 0, 0, 1, 1], [0, 0, 0, 0, 0, 0, 1, 1]],
[[0, 0, 0, 0, 0, 0, 1, 0], [0, 0, 0, 0, 0, 0, 0, 1], [0, 0, 0, 0, 0, 0, 1, 1], [0, 0, 0, 0, 0, 0, 1, 1], [0, 0, 0, 0, 0, 0, 1, 1], [0, 0, 0, 0, 0, 0, 1, 1], [1, 0, 1, 1, 1, 1, 0, 0], [0, 1, 1, 1, 1, 1, 0, 0]],
[[0, 0, 0, 0, 0, 0, 0, 1], [0, 0, 0, 0, 0, 0, 1, 0], [0, 0, 0, 0, 0, 0, 1, 1], [0, 0, 0, 0, 0, 0, 1, 1], [0, 0, 0, 0, 0, 0, 1, 1], [0, 0, 0, 0, 0, 0, 1, 1], [0, 1, 1, 1, 1, 1, 0, 0], [1, 0, 1, 1, 1, 1, 0, 0]]],
[[1, 1, 2, 2, 2, 2, 3, 3],
[1, 1, 2, 2, 2, 2, -3, -3],
[2, 2, 4, -2, -2, -2, 0, 0],
[2, 2, -2, 2*E(9)^2 + 2*E(9)^7, 2*E(9)^4 + 2*E(9)^5, -2*E(9)^2 - 2*E(9)^4 - 2*E(9)^5 - 2*E(9)^7, 0, 0],
[2, 2, -2, 2*E(9)^4 + 2*E(9)^5, -2*E(9)^2 - 2*E(9)^4 - 2*E(9)^5 - 2*E(9)^7, 2*E(9)^2 + 2*E(9)^7, 0, 0],
[2, 2, -2, -2*E(9)^2 - 2*E(9)^4 - 2*E(9)^5 - 2*E(9)^7, 2*E(9)^2 + 2*E(9)^7, 2*E(9)^4 + 2*E(9)^5, 0, 0],
[3, -3, 0, 0, 0, 0, -3, 3],
[3, -3, 0, 0, 0, 0, 3, -3]],
[0, 0, 0, -4/9, 2/9, -1/9, 1/4, -1/4],
[1, 1, 2, 2, 2, 2, 3, 3], 9, 36, 0, [1, 1, 1, 1, 1, 1, -1, -1]],
[[
[[1, 0, 0, 0, 0, 0, 0, 0], [0, 1, 0, 0, 0, 0, 0, 0], [0, 0, 1, 0, 0, 0, 0, 0], [0, 0, 0, 1, 0, 0, 0, 0], [0, 0, 0, 0, 1, 0, 0, 0], [0, 0, 0, 0, 0, 1, 0, 0], [0, 0, 0, 0, 0, 0, 1, 0], [0, 0, 0, 0, 0, 0, 0, 1]],
[[0, 1, 0, 0, 0, 0, 0, 0], [1, 0, 0, 0, 0, 0, 0, 0], [0, 0, 1, 0, 0, 0, 0, 0], [0, 0, 0, 1, 0, 0, 0, 0], [0, 0, 0, 0, 1, 0, 0, 0], [0, 0, 0, 0, 0, 1, 0, 0], [0, 0, 0, 0, 0, 0, 0, 1], [0, 0, 0, 0, 0, 0, 1, 0]],
[[0, 0, 1, 0, 0, 0, 0, 0], [0, 0, 1, 0, 0, 0, 0, 0], [1, 1, 1, 0, 0, 0, 0, 0], [0, 0, 0, 0, 1, 1, 0, 0], [0, 0, 0, 1, 0, 1, 0, 0], [0, 0, 0, 1, 1, 0, 0, 0], [0, 0, 0, 0, 0, 0, 1, 1], [0, 0, 0, 0, 0, 0, 1, 1]],
[[0, 0, 0, 1, 0, 0, 0, 0], [0, 0, 0, 1, 0, 0, 0, 0], [0, 0, 0, 0, 1, 1, 0, 0], [1, 1, 0, 0, 1, 0, 0, 0], [0, 0, 1, 1, 0, 0, 0, 0], [0, 0, 1, 0, 0, 1, 0, 0], [0, 0, 0, 0, 0, 0, 1, 1], [0, 0, 0, 0, 0, 0, 1, 1]],
[[0, 0, 0, 0, 1, 0, 0, 0], [0, 0, 0, 0, 1, 0, 0, 0], [0, 0, 0, 1, 0, 1, 0, 0], [0, 0, 1, 1, 0, 0, 0, 0], [1, 1, 0, 0, 0, 1, 0, 0], [0, 0, 1, 0, 1, 0, 0, 0], [0, 0, 0, 0, 0, 0, 1, 1], [0, 0, 0, 0, 0, 0, 1, 1]],
[[0, 0, 0, 0, 0, 1, 0, 0], [0, 0, 0, 0, 0, 1, 0, 0], [0, 0, 0, 1, 1, 0, 0, 0], [0, 0, 1, 0, 0, 1, 0, 0], [0, 0, 1, 0, 1, 0, 0, 0], [1, 1, 0, 1, 0, 0, 0, 0], [0, 0, 0, 0, 0, 0, 1, 1], [0, 0, 0, 0, 0, 0, 1, 1]],
[[0, 0, 0, 0, 0, 0, 1, 0], [0, 0, 0, 0, 0, 0, 0, 1], [0, 0, 0, 0, 0, 0, 1, 1], [0, 0, 0, 0, 0, 0, 1, 1], [0, 0, 0, 0, 0, 0, 1, 1], [0, 0, 0, 0, 0, 0, 1, 1], [1, 0, 1, 1, 1, 1, 0, 0], [0, 1, 1, 1, 1, 1, 0, 0]],
[[0, 0, 0, 0, 0, 0, 0, 1], [0, 0, 0, 0, 0, 0, 1, 0], [0, 0, 0, 0, 0, 0, 1, 1], [0, 0, 0, 0, 0, 0, 1, 1], [0, 0, 0, 0, 0, 0, 1, 1], [0, 0, 0, 0, 0, 0, 1, 1], [0, 1, 1, 1, 1, 1, 0, 0], [1, 0, 1, 1, 1, 1, 0, 0]]],
[[1, 1, 2, 2, 2, 2, 3, 3],
[1, 1, 2, 2, 2, 2, -3, -3],
[2, 2, 4, -2, -2, -2, 0, 0],
[2, 2, -2, 2*E(9)^2 + 2*E(9)^7, 2*E(9)^4 + 2*E(9)^5, -2*E(9)^2 - 2*E(9)^4 - 2*E(9)^5 - 2*E(9)^7, 0, 0],
[2, 2, -2, 2*E(9)^4 + 2*E(9)^5, -2*E(9)^2 - 2*E(9)^4 - 2*E(9)^5 - 2*E(9)^7, 2*E(9)^2 + 2*E(9)^7, 0, 0],
[2, 2, -2, -2*E(9)^2 - 2*E(9)^4 - 2*E(9)^5 - 2*E(9)^7, 2*E(9)^2 + 2*E(9)^7, 2*E(9)^4 + 2*E(9)^5, 0, 0],
[3, -3, 0, 0, 0, 0, -3, 3],
[3, -3, 0, 0, 0, 0, 3, -3]],
[0, 0, 0, 1/9, 4/9, -2/9, 1/2, 0],
[1, 1, 2, 2, 2, 2, 3, 3], 9, 18, 0, [1, 1, 1, 1, 1, 1, 1, 1]],
[[
[[1, 0, 0, 0, 0, 0, 0, 0], [0, 1, 0, 0, 0, 0, 0, 0], [0, 0, 1, 0, 0, 0, 0, 0], [0, 0, 0, 1, 0, 0, 0, 0], [0, 0, 0, 0, 1, 0, 0, 0], [0, 0, 0, 0, 0, 1, 0, 0], [0, 0, 0, 0, 0, 0, 1, 0], [0, 0, 0, 0, 0, 0, 0, 1]],
[[0, 1, 0, 0, 0, 0, 0, 0], [1, 0, 0, 0, 0, 0, 0, 0], [0, 0, 1, 0, 0, 0, 0, 0], [0, 0, 0, 1, 0, 0, 0, 0], [0, 0, 0, 0, 1, 0, 0, 0], [0, 0, 0, 0, 0, 1, 0, 0], [0, 0, 0, 0, 0, 0, 0, 1], [0, 0, 0, 0, 0, 0, 1, 0]],
[[0, 0, 1, 0, 0, 0, 0, 0], [0, 0, 1, 0, 0, 0, 0, 0], [1, 1, 1, 0, 0, 0, 0, 0], [0, 0, 0, 0, 1, 1, 0, 0], [0, 0, 0, 1, 0, 1, 0, 0], [0, 0, 0, 1, 1, 0, 0, 0], [0, 0, 0, 0, 0, 0, 1, 1], [0, 0, 0, 0, 0, 0, 1, 1]],
[[0, 0, 0, 1, 0, 0, 0, 0], [0, 0, 0, 1, 0, 0, 0, 0], [0, 0, 0, 0, 1, 1, 0, 0], [1, 1, 0, 0, 1, 0, 0, 0], [0, 0, 1, 1, 0, 0, 0, 0], [0, 0, 1, 0, 0, 1, 0, 0], [0, 0, 0, 0, 0, 0, 1, 1], [0, 0, 0, 0, 0, 0, 1, 1]],
[[0, 0, 0, 0, 1, 0, 0, 0], [0, 0, 0, 0, 1, 0, 0, 0], [0, 0, 0, 1, 0, 1, 0, 0], [0, 0, 1, 1, 0, 0, 0, 0], [1, 1, 0, 0, 0, 1, 0, 0], [0, 0, 1, 0, 1, 0, 0, 0], [0, 0, 0, 0, 0, 0, 1, 1], [0, 0, 0, 0, 0, 0, 1, 1]],
[[0, 0, 0, 0, 0, 1, 0, 0], [0, 0, 0, 0, 0, 1, 0, 0], [0, 0, 0, 1, 1, 0, 0, 0], [0, 0, 1, 0, 0, 1, 0, 0], [0, 0, 1, 0, 1, 0, 0, 0], [1, 1, 0, 1, 0, 0, 0, 0], [0, 0, 0, 0, 0, 0, 1, 1], [0, 0, 0, 0, 0, 0, 1, 1]],
[[0, 0, 0, 0, 0, 0, 1, 0], [0, 0, 0, 0, 0, 0, 0, 1], [0, 0, 0, 0, 0, 0, 1, 1], [0, 0, 0, 0, 0, 0, 1, 1], [0, 0, 0, 0, 0, 0, 1, 1], [0, 0, 0, 0, 0, 0, 1, 1], [1, 0, 1, 1, 1, 1, 0, 0], [0, 1, 1, 1, 1, 1, 0, 0]],
[[0, 0, 0, 0, 0, 0, 0, 1], [0, 0, 0, 0, 0, 0, 1, 0], [0, 0, 0, 0, 0, 0, 1, 1], [0, 0, 0, 0, 0, 0, 1, 1], [0, 0, 0, 0, 0, 0, 1, 1], [0, 0, 0, 0, 0, 0, 1, 1], [0, 1, 1, 1, 1, 1, 0, 0], [1, 0, 1, 1, 1, 1, 0, 0]]],
[[1, 1, 2, 2, 2, 2, 3, 3],
[1, 1, 2, 2, 2, 2, -3, -3],
[2, 2, 4, -2, -2, -2, 0, 0],
[2, 2, -2, 2*E(9)^2 + 2*E(9)^7, 2*E(9)^4 + 2*E(9)^5, -2*E(9)^2 - 2*E(9)^4 - 2*E(9)^5 - 2*E(9)^7, 0, 0],
[2, 2, -2, 2*E(9)^4 + 2*E(9)^5, -2*E(9)^2 - 2*E(9)^4 - 2*E(9)^5 - 2*E(9)^7, 2*E(9)^2 + 2*E(9)^7, 0, 0],
[2, 2, -2, -2*E(9)^2 - 2*E(9)^4 - 2*E(9)^5 - 2*E(9)^7, 2*E(9)^2 + 2*E(9)^7, 2*E(9)^4 + 2*E(9)^5, 0, 0],
[3, -3, 0, 0, 0, 0, -3, 3],
[3, -3, 0, 0, 0, 0, 3, -3]],
[0, 0, 0, 2/9, -1/9, -4/9, 0, 1/2],
[1, 1, 2, 2, 2, 2, 3, 3], 9, 18, 0, [1, 1, 1, 1, 1, 1, 1, 1]],
[[
[[1, 0, 0, 0, 0, 0, 0, 0], [0, 1, 0, 0, 0, 0, 0, 0], [0, 0, 1, 0, 0, 0, 0, 0], [0, 0, 0, 1, 0, 0, 0, 0], [0, 0, 0, 0, 1, 0, 0, 0], [0, 0, 0, 0, 0, 1, 0, 0], [0, 0, 0, 0, 0, 0, 1, 0], [0, 0, 0, 0, 0, 0, 0, 1]],
[[0, 1, 0, 0, 0, 0, 0, 0], [1, 0, 0, 0, 0, 0, 0, 0], [0, 0, 1, 0, 0, 0, 0, 0], [0, 0, 0, 1, 0, 0, 0, 0], [0, 0, 0, 0, 1, 0, 0, 0], [0, 0, 0, 0, 0, 1, 0, 0], [0, 0, 0, 0, 0, 0, 0, 1], [0, 0, 0, 0, 0, 0, 1, 0]],
[[0, 0, 1, 0, 0, 0, 0, 0], [0, 0, 1, 0, 0, 0, 0, 0], [1, 1, 1, 0, 0, 0, 0, 0], [0, 0, 0, 0, 1, 1, 0, 0], [0, 0, 0, 1, 0, 1, 0, 0], [0, 0, 0, 1, 1, 0, 0, 0], [0, 0, 0, 0, 0, 0, 1, 1], [0, 0, 0, 0, 0, 0, 1, 1]],
[[0, 0, 0, 1, 0, 0, 0, 0], [0, 0, 0, 1, 0, 0, 0, 0], [0, 0, 0, 0, 1, 1, 0, 0], [1, 1, 0, 0, 1, 0, 0, 0], [0, 0, 1, 1, 0, 0, 0, 0], [0, 0, 1, 0, 0, 1, 0, 0], [0, 0, 0, 0, 0, 0, 1, 1], [0, 0, 0, 0, 0, 0, 1, 1]],
[[0, 0, 0, 0, 1, 0, 0, 0], [0, 0, 0, 0, 1, 0, 0, 0], [0, 0, 0, 1, 0, 1, 0, 0], [0, 0, 1, 1, 0, 0, 0, 0], [1, 1, 0, 0, 0, 1, 0, 0], [0, 0, 1, 0, 1, 0, 0, 0], [0, 0, 0, 0, 0, 0, 1, 1], [0, 0, 0, 0, 0, 0, 1, 1]],
[[0, 0, 0, 0, 0, 1, 0, 0], [0, 0, 0, 0, 0, 1, 0, 0], [0, 0, 0, 1, 1, 0, 0, 0], [0, 0, 1, 0, 0, 1, 0, 0], [0, 0, 1, 0, 1, 0, 0, 0], [1, 1, 0, 1, 0, 0, 0, 0], [0, 0, 0, 0, 0, 0, 1, 1], [0, 0, 0, 0, 0, 0, 1, 1]],
[[0, 0, 0, 0, 0, 0, 1, 0], [0, 0, 0, 0, 0, 0, 0, 1], [0, 0, 0, 0, 0, 0, 1, 1], [0, 0, 0, 0, 0, 0, 1, 1], [0, 0, 0, 0, 0, 0, 1, 1], [0, 0, 0, 0, 0, 0, 1, 1], [1, 0, 1, 1, 1, 1, 0, 0], [0, 1, 1, 1, 1, 1, 0, 0]],
[[0, 0, 0, 0, 0, 0, 0, 1], [0, 0, 0, 0, 0, 0, 1, 0], [0, 0, 0, 0, 0, 0, 1, 1], [0, 0, 0, 0, 0, 0, 1, 1], [0, 0, 0, 0, 0, 0, 1, 1], [0, 0, 0, 0, 0, 0, 1, 1], [0, 1, 1, 1, 1, 1, 0, 0], [1, 0, 1, 1, 1, 1, 0, 0]]],
[[1, 1, 2, 2, 2, 2, 3, 3],
[1, 1, 2, 2, 2, 2, -3, -3],
[2, 2, 4, -2, -2, -2, 0, 0],
[2, 2, -2, 2*E(9)^2 + 2*E(9)^7, 2*E(9)^4 + 2*E(9)^5, -2*E(9)^2 - 2*E(9)^4 - 2*E(9)^5 - 2*E(9)^7, 0, 0],
[2, 2, -2, 2*E(9)^4 + 2*E(9)^5, -2*E(9)^2 - 2*E(9)^4 - 2*E(9)^5 - 2*E(9)^7, 2*E(9)^2 + 2*E(9)^7, 0, 0],
[2, 2, -2, -2*E(9)^2 - 2*E(9)^4 - 2*E(9)^5 - 2*E(9)^7, 2*E(9)^2 + 2*E(9)^7, 2*E(9)^4 + 2*E(9)^5, 0, 0],
[3, -3, 0, 0, 0, 0, -3, 3],
[3, -3, 0, 0, 0, 0, 3, -3]],
[0, 0, 0, -2/9, 1/9, 4/9, 1/4, -1/4],
[1, 1, 2, 2, 2, 2, 3, 3], 9, 36, 0, [1, 1, 1, 1, 1, 1, -1, -1]],
[[
[[1, 0, 0, 0, 0, 0, 0, 0], [0, 1, 0, 0, 0, 0, 0, 0], [0, 0, 1, 0, 0, 0, 0, 0], [0, 0, 0, 1, 0, 0, 0, 0], [0, 0, 0, 0, 1, 0, 0, 0], [0, 0, 0, 0, 0, 1, 0, 0], [0, 0, 0, 0, 0, 0, 1, 0], [0, 0, 0, 0, 0, 0, 0, 1]],
[[0, 1, 0, 0, 0, 0, 0, 0], [1, 0, 0, 0, 0, 0, 0, 0], [0, 0, 1, 0, 0, 0, 0, 0], [0, 0, 0, 1, 0, 0, 0, 0], [0, 0, 0, 0, 1, 0, 0, 0], [0, 0, 0, 0, 0, 1, 0, 0], [0, 0, 0, 0, 0, 0, 0, 1], [0, 0, 0, 0, 0, 0, 1, 0]],
[[0, 0, 1, 0, 0, 0, 0, 0], [0, 0, 1, 0, 0, 0, 0, 0], [1, 1, 1, 0, 0, 0, 0, 0], [0, 0, 0, 0, 1, 1, 0, 0], [0, 0, 0, 1, 0, 1, 0, 0], [0, 0, 0, 1, 1, 0, 0, 0], [0, 0, 0, 0, 0, 0, 1, 1], [0, 0, 0, 0, 0, 0, 1, 1]],
[[0, 0, 0, 1, 0, 0, 0, 0], [0, 0, 0, 1, 0, 0, 0, 0], [0, 0, 0, 0, 1, 1, 0, 0], [1, 1, 0, 1, 0, 0, 0, 0], [0, 0, 1, 0, 0, 1, 0, 0], [0, 0, 1, 0, 1, 0, 0, 0], [0, 0, 0, 0, 0, 0, 1, 1], [0, 0, 0, 0, 0, 0, 1, 1]],
[[0, 0, 0, 0, 1, 0, 0, 0], [0, 0, 0, 0, 1, 0, 0, 0], [0, 0, 0, 1, 0, 1, 0, 0], [0, 0, 1, 0, 0, 1, 0, 0], [1, 1, 0, 0, 1, 0, 0, 0], [0, 0, 1, 1, 0, 0, 0, 0], [0, 0, 0, 0, 0, 0, 1, 1], [0, 0, 0, 0, 0, 0, 1, 1]],
[[0, 0, 0, 0, 0, 1, 0, 0], [0, 0, 0, 0, 0, 1, 0, 0], [0, 0, 0, 1, 1, 0, 0, 0], [0, 0, 1, 0, 1, 0, 0, 0], [0, 0, 1, 1, 0, 0, 0, 0], [1, 1, 0, 0, 0, 1, 0, 0], [0, 0, 0, 0, 0, 0, 1, 1], [0, 0, 0, 0, 0, 0, 1, 1]],
[[0, 0, 0, 0, 0, 0, 1, 0], [0, 0, 0, 0, 0, 0, 0, 1], [0, 0, 0, 0, 0, 0, 1, 1], [0, 0, 0, 0, 0, 0, 1, 1], [0, 0, 0, 0, 0, 0, 1, 1], [0, 0, 0, 0, 0, 0, 1, 1], [1, 0, 1, 1, 1, 1, 0, 0], [0, 1, 1, 1, 1, 1, 0, 0]],
[[0, 0, 0, 0, 0, 0, 0, 1], [0, 0, 0, 0, 0, 0, 1, 0], [0, 0, 0, 0, 0, 0, 1, 1], [0, 0, 0, 0, 0, 0, 1, 1], [0, 0, 0, 0, 0, 0, 1, 1], [0, 0, 0, 0, 0, 0, 1, 1], [0, 1, 1, 1, 1, 1, 0, 0], [1, 0, 1, 1, 1, 1, 0, 0]]],
[[1, 1, 2, 2, 2, 2, 3, 3],
[1, 1, 2, 2, 2, 2, -3, -3],
[2, 2, -2, 4, -2, -2, 0, 0],
[2, 2, 4, -2, -2, -2, 0, 0],
[2, 2, -2, -2, 4, -2, 0, 0],
[2, 2, -2, -2, -2, 4, 0, 0],
[3, -3, 0, 0, 0, 0, -3, 3],
[3, -3, 0, 0, 0, 0, 3, -3]],
[0, 0, 1/3, -1/3, 1/3, -1/3, 0, 1/2],
[1, 1, 2, 2, 2, 2, 3, 3], 1, 6, 4, [1, 1, 1, 1, 1, 1, -1, -1]],
[[
[[1, 0, 0, 0, 0, 0, 0, 0], [0, 1, 0, 0, 0, 0, 0, 0], [0, 0, 1, 0, 0, 0, 0, 0], [0, 0, 0, 1, 0, 0, 0, 0], [0, 0, 0, 0, 1, 0, 0, 0], [0, 0, 0, 0, 0, 1, 0, 0], [0, 0, 0, 0, 0, 0, 1, 0], [0, 0, 0, 0, 0, 0, 0, 1]],
[[0, 1, 0, 0, 0, 0, 0, 0], [1, 0, 0, 0, 0, 0, 0, 0], [0, 0, 1, 0, 0, 0, 0, 0], [0, 0, 0, 1, 0, 0, 0, 0], [0, 0, 0, 0, 1, 0, 0, 0], [0, 0, 0, 0, 0, 1, 0, 0], [0, 0, 0, 0, 0, 0, 0, 1], [0, 0, 0, 0, 0, 0, 1, 0]],
[[0, 0, 1, 0, 0, 0, 0, 0], [0, 0, 1, 0, 0, 0, 0, 0], [1, 1, 1, 0, 0, 0, 0, 0], [0, 0, 0, 0, 1, 1, 0, 0], [0, 0, 0, 1, 0, 1, 0, 0], [0, 0, 0, 1, 1, 0, 0, 0], [0, 0, 0, 0, 0, 0, 1, 1], [0, 0, 0, 0, 0, 0, 1, 1]],
[[0, 0, 0, 1, 0, 0, 0, 0], [0, 0, 0, 1, 0, 0, 0, 0], [0, 0, 0, 0, 1, 1, 0, 0], [1, 1, 0, 1, 0, 0, 0, 0], [0, 0, 1, 0, 0, 1, 0, 0], [0, 0, 1, 0, 1, 0, 0, 0], [0, 0, 0, 0, 0, 0, 1, 1], [0, 0, 0, 0, 0, 0, 1, 1]],
[[0, 0, 0, 0, 1, 0, 0, 0], [0, 0, 0, 0, 1, 0, 0, 0], [0, 0, 0, 1, 0, 1, 0, 0], [0, 0, 1, 0, 0, 1, 0, 0], [1, 1, 0, 0, 1, 0, 0, 0], [0, 0, 1, 1, 0, 0, 0, 0], [0, 0, 0, 0, 0, 0, 1, 1], [0, 0, 0, 0, 0, 0, 1, 1]],
[[0, 0, 0, 0, 0, 1, 0, 0], [0, 0, 0, 0, 0, 1, 0, 0], [0, 0, 0, 1, 1, 0, 0, 0], [0, 0, 1, 0, 1, 0, 0, 0], [0, 0, 1, 1, 0, 0, 0, 0], [1, 1, 0, 0, 0, 1, 0, 0], [0, 0, 0, 0, 0, 0, 1, 1], [0, 0, 0, 0, 0, 0, 1, 1]],
[[0, 0, 0, 0, 0, 0, 1, 0], [0, 0, 0, 0, 0, 0, 0, 1], [0, 0, 0, 0, 0, 0, 1, 1], [0, 0, 0, 0, 0, 0, 1, 1], [0, 0, 0, 0, 0, 0, 1, 1], [0, 0, 0, 0, 0, 0, 1, 1], [1, 0, 1, 1, 1, 1, 0, 0], [0, 1, 1, 1, 1, 1, 0, 0]],
[[0, 0, 0, 0, 0, 0, 0, 1], [0, 0, 0, 0, 0, 0, 1, 0], [0, 0, 0, 0, 0, 0, 1, 1], [0, 0, 0, 0, 0, 0, 1, 1], [0, 0, 0, 0, 0, 0, 1, 1], [0, 0, 0, 0, 0, 0, 1, 1], [0, 1, 1, 1, 1, 1, 0, 0], [1, 0, 1, 1, 1, 1, 0, 0]]],
[[1, 1, 2, 2, 2, 2, 3, 3],
[1, 1, 2, 2, 2, 2, -3, -3],
[2, 2, -2, 4, -2, -2, 0, 0],
[2, 2, 4, -2, -2, -2, 0, 0],
[2, 2, -2, -2, 4, -2, 0, 0],
[2, 2, -2, -2, -2, 4, 0, 0],
[3, -3, 0, 0, 0, 0, -3, 3],
[3, -3, 0, 0, 0, 0, 3, -3]],
[0, 0, -1/3, 0, 0, 1/3, 0, 1/2],
[1, 1, 2, 2, 2, 2, 3, 3], 1, 6, 0, [1, 1, 1, 1, 1, 1, 1, 1]],
[[
[[1, 0, 0, 0, 0, 0, 0, 0], [0, 1, 0, 0, 0, 0, 0, 0], [0, 0, 1, 0, 0, 0, 0, 0], [0, 0, 0, 1, 0, 0, 0, 0], [0, 0, 0, 0, 1, 0, 0, 0], [0, 0, 0, 0, 0, 1, 0, 0], [0, 0, 0, 0, 0, 0, 1, 0], [0, 0, 0, 0, 0, 0, 0, 1]],
[[0, 1, 0, 0, 0, 0, 0, 0], [1, 0, 0, 0, 0, 0, 0, 0], [0, 0, 1, 0, 0, 0, 0, 0], [0, 0, 0, 1, 0, 0, 0, 0], [0, 0, 0, 0, 1, 0, 0, 0], [0, 0, 0, 0, 0, 1, 0, 0], [0, 0, 0, 0, 0, 0, 0, 1], [0, 0, 0, 0, 0, 0, 1, 0]],
[[0, 0, 1, 0, 0, 0, 0, 0], [0, 0, 1, 0, 0, 0, 0, 0], [1, 1, 1, 0, 0, 0, 0, 0], [0, 0, 0, 0, 1, 1, 0, 0], [0, 0, 0, 1, 0, 1, 0, 0], [0, 0, 0, 1, 1, 0, 0, 0], [0, 0, 0, 0, 0, 0, 1, 1], [0, 0, 0, 0, 0, 0, 1, 1]],
[[0, 0, 0, 1, 0, 0, 0, 0], [0, 0, 0, 1, 0, 0, 0, 0], [0, 0, 0, 0, 1, 1, 0, 0], [1, 1, 0, 1, 0, 0, 0, 0], [0, 0, 1, 0, 0, 1, 0, 0], [0, 0, 1, 0, 1, 0, 0, 0], [0, 0, 0, 0, 0, 0, 1, 1], [0, 0, 0, 0, 0, 0, 1, 1]],
[[0, 0, 0, 0, 1, 0, 0, 0], [0, 0, 0, 0, 1, 0, 0, 0], [0, 0, 0, 1, 0, 1, 0, 0], [0, 0, 1, 0, 0, 1, 0, 0], [1, 1, 0, 0, 1, 0, 0, 0], [0, 0, 1, 1, 0, 0, 0, 0], [0, 0, 0, 0, 0, 0, 1, 1], [0, 0, 0, 0, 0, 0, 1, 1]],
[[0, 0, 0, 0, 0, 1, 0, 0], [0, 0, 0, 0, 0, 1, 0, 0], [0, 0, 0, 1, 1, 0, 0, 0], [0, 0, 1, 0, 1, 0, 0, 0], [0, 0, 1, 1, 0, 0, 0, 0], [1, 1, 0, 0, 0, 1, 0, 0], [0, 0, 0, 0, 0, 0, 1, 1], [0, 0, 0, 0, 0, 0, 1, 1]],
[[0, 0, 0, 0, 0, 0, 1, 0], [0, 0, 0, 0, 0, 0, 0, 1], [0, 0, 0, 0, 0, 0, 1, 1], [0, 0, 0, 0, 0, 0, 1, 1], [0, 0, 0, 0, 0, 0, 1, 1], [0, 0, 0, 0, 0, 0, 1, 1], [1, 0, 1, 1, 1, 1, 0, 0], [0, 1, 1, 1, 1, 1, 0, 0]],
[[0, 0, 0, 0, 0, 0, 0, 1], [0, 0, 0, 0, 0, 0, 1, 0], [0, 0, 0, 0, 0, 0, 1, 1], [0, 0, 0, 0, 0, 0, 1, 1], [0, 0, 0, 0, 0, 0, 1, 1], [0, 0, 0, 0, 0, 0, 1, 1], [0, 1, 1, 1, 1, 1, 0, 0], [1, 0, 1, 1, 1, 1, 0, 0]]],
[[1, 1, 2, 2, 2, 2, 3, 3],
[1, 1, 2, 2, 2, 2, -3, -3],
[2, 2, -2, 4, -2, -2, 0, 0],
[2, 2, 4, -2, -2, -2, 0, 0],
[2, 2, -2, -2, 4, -2, 0, 0],
[2, 2, -2, -2, -2, 4, 0, 0],
[3, -3, 0, 0, 0, 0, -3, 3],
[3, -3, 0, 0, 0, 0, 3, -3]],
[0, 0, -1/3, 1/3, 0, 0, -1/4, 1/4],
[1, 1, 2, 2, 2, 2, 3, 3], 1, 12, 0, [1, 1, 1, 1, 1, 1, -1, -1]],
[[
[[1, 0, 0, 0, 0, 0, 0, 0], [0, 1, 0, 0, 0, 0, 0, 0], [0, 0, 1, 0, 0, 0, 0, 0], [0, 0, 0, 1, 0, 0, 0, 0], [0, 0, 0, 0, 1, 0, 0, 0], [0, 0, 0, 0, 0, 1, 0, 0], [0, 0, 0, 0, 0, 0, 1, 0], [0, 0, 0, 0, 0, 0, 0, 1]],
[[0, 1, 0, 0, 0, 0, 0, 0], [1, 0, 0, 0, 0, 0, 0, 0], [0, 0, 1, 0, 0, 0, 0, 0], [0, 0, 0, 1, 0, 0, 0, 0], [0, 0, 0, 0, 1, 0, 0, 0], [0, 0, 0, 0, 0, 1, 0, 0], [0, 0, 0, 0, 0, 0, 0, 1], [0, 0, 0, 0, 0, 0, 1, 0]],
[[0, 0, 1, 0, 0, 0, 0, 0], [0, 0, 1, 0, 0, 0, 0, 0], [1, 1, 1, 0, 0, 0, 0, 0], [0, 0, 0, 0, 1, 1, 0, 0], [0, 0, 0, 1, 0, 1, 0, 0], [0, 0, 0, 1, 1, 0, 0, 0], [0, 0, 0, 0, 0, 0, 1, 1], [0, 0, 0, 0, 0, 0, 1, 1]],
[[0, 0, 0, 1, 0, 0, 0, 0], [0, 0, 0, 1, 0, 0, 0, 0], [0, 0, 0, 0, 1, 1, 0, 0], [1, 1, 0, 1, 0, 0, 0, 0], [0, 0, 1, 0, 0, 1, 0, 0], [0, 0, 1, 0, 1, 0, 0, 0], [0, 0, 0, 0, 0, 0, 1, 1], [0, 0, 0, 0, 0, 0, 1, 1]],
[[0, 0, 0, 0, 1, 0, 0, 0], [0, 0, 0, 0, 1, 0, 0, 0], [0, 0, 0, 1, 0, 1, 0, 0], [0, 0, 1, 0, 0, 1, 0, 0], [1, 1, 0, 0, 1, 0, 0, 0], [0, 0, 1, 1, 0, 0, 0, 0], [0, 0, 0, 0, 0, 0, 1, 1], [0, 0, 0, 0, 0, 0, 1, 1]],
[[0, 0, 0, 0, 0, 1, 0, 0], [0, 0, 0, 0, 0, 1, 0, 0], [0, 0, 0, 1, 1, 0, 0, 0], [0, 0, 1, 0, 1, 0, 0, 0], [0, 0, 1, 1, 0, 0, 0, 0], [1, 1, 0, 0, 0, 1, 0, 0], [0, 0, 0, 0, 0, 0, 1, 1], [0, 0, 0, 0, 0, 0, 1, 1]],
[[0, 0, 0, 0, 0, 0, 1, 0], [0, 0, 0, 0, 0, 0, 0, 1], [0, 0, 0, 0, 0, 0, 1, 1], [0, 0, 0, 0, 0, 0, 1, 1], [0, 0, 0, 0, 0, 0, 1, 1], [0, 0, 0, 0, 0, 0, 1, 1], [1, 0, 1, 1, 1, 1, 0, 0], [0, 1, 1, 1, 1, 1, 0, 0]],
[[0, 0, 0, 0, 0, 0, 0, 1], [0, 0, 0, 0, 0, 0, 1, 0], [0, 0, 0, 0, 0, 0, 1, 1], [0, 0, 0, 0, 0, 0, 1, 1], [0, 0, 0, 0, 0, 0, 1, 1], [0, 0, 0, 0, 0, 0, 1, 1], [0, 1, 1, 1, 1, 1, 0, 0], [1, 0, 1, 1, 1, 1, 0, 0]]],
[[1, 1, 2, 2, 2, 2, 3, 3],
[1, 1, 2, 2, 2, 2, -3, -3],
[2, 2, -2, 4, -2, -2, 0, 0],
[2, 2, 4, -2, -2, -2, 0, 0],
[2, 2, -2, -2, 4, -2, 0, 0],
[2, 2, -2, -2, -2, 4, 0, 0],
[3, -3, 0, 0, 0, 0, -3, 3],
[3, -3, 0, 0, 0, 0, 3, -3]],
[0, 0, 1/3, -1/3, -1/3, 1/3, -1/4, 1/4],
[1, 1, 2, 2, 2, 2, 3, 3], 1, 12, 4, [1, 1, 1, 1, 1, 1, 1, 1]]],
[],
[[[
[[1, 0, 0, 0, 0, 0, 0, 0, 0, 0], [0, 1, 0, 0, 0, 0, 0, 0, 0, 0], [0, 0, 1, 0, 0, 0, 0, 0, 0, 0], [0, 0, 0, 1, 0, 0, 0, 0, 0, 0], [0, 0, 0, 0, 1, 0, 0, 0, 0, 0], [0, 0, 0, 0, 0, 1, 0, 0, 0, 0], [0, 0, 0, 0, 0, 0, 1, 0, 0, 0], [0, 0, 0, 0, 0, 0, 0, 1, 0, 0], [0, 0, 0, 0, 0, 0, 0, 0, 1, 0], [0, 0, 0, 0, 0, 0, 0, 0, 0, 1]],
[[0, 1, 0, 0, 0, 0, 0, 0, 0, 0], [0, 0, 1, 0, 0, 0, 0, 0, 0, 0], [1, 0, 0, 0, 0, 0, 0, 0, 0, 0], [0, 0, 0, 0, 1, 0, 0, 0, 0, 0], [0, 0, 0, 0, 0, 1, 0, 0, 0, 0], [0, 0, 0, 1, 0, 0, 0, 0, 0, 0], [0, 0, 0, 0, 0, 0, 0, 1, 0, 0], [0, 0, 0, 0, 0, 0, 0, 0, 1, 0], [0, 0, 0, 0, 0, 0, 1, 0, 0, 0], [0, 0, 0, 0, 0, 0, 0, 0, 0, 1]],
[[0, 0, 1, 0, 0, 0, 0, 0, 0, 0], [1, 0, 0, 0, 0, 0, 0, 0, 0, 0], [0, 1, 0, 0, 0, 0, 0, 0, 0, 0], [0, 0, 0, 0, 0, 1, 0, 0, 0, 0], [0, 0, 0, 1, 0, 0, 0, 0, 0, 0], [0, 0, 0, 0, 1, 0, 0, 0, 0, 0], [0, 0, 0, 0, 0, 0, 0, 0, 1, 0], [0, 0, 0, 0, 0, 0, 1, 0, 0, 0], [0, 0, 0, 0, 0, 0, 0, 1, 0, 0], [0, 0, 0, 0, 0, 0, 0, 0, 0, 1]],
[[0, 0, 0, 1, 0, 0, 0, 0, 0, 0], [0, 0, 0, 0, 1, 0, 0, 0, 0, 0], [0, 0, 0, 0, 0, 1, 0, 0, 0, 0], [0, 0, 0, 0, 0, 0, 0, 1, 1, 0], [0, 0, 0, 0, 0, 0, 1, 0, 1, 0], [0, 0, 0, 0, 0, 0, 1, 1, 0, 0], [0, 1, 0, 0, 0, 0, 0, 0, 0, 1], [0, 0, 1, 0, 0, 0, 0, 0, 0, 1], [1, 0, 0, 0, 0, 0, 0, 0, 0, 1], [0, 0, 0, 1, 1, 1, 0, 0, 0, 0]],
[[0, 0, 0, 0, 1, 0, 0, 0, 0, 0], [0, 0, 0, 0, 0, 1, 0, 0, 0, 0], [0, 0, 0, 1, 0, 0, 0, 0, 0, 0], [0, 0, 0, 0, 0, 0, 1, 0, 1, 0], [0, 0, 0, 0, 0, 0, 1, 1, 0, 0], [0, 0, 0, 0, 0, 0, 0, 1, 1, 0], [0, 0, 1, 0, 0, 0, 0, 0, 0, 1], [1, 0, 0, 0, 0, 0, 0, 0, 0, 1], [0, 1, 0, 0, 0, 0, 0, 0, 0, 1], [0, 0, 0, 1, 1, 1, 0, 0, 0, 0]],
[[0, 0, 0, 0, 0, 1, 0, 0, 0, 0], [0, 0, 0, 1, 0, 0, 0, 0, 0, 0], [0, 0, 0, 0, 1, 0, 0, 0, 0, 0], [0, 0, 0, 0, 0, 0, 1, 1, 0, 0], [0, 0, 0, 0, 0, 0, 0, 1, 1, 0], [0, 0, 0, 0, 0, 0, 1, 0, 1, 0], [1, 0, 0, 0, 0, 0, 0, 0, 0, 1], [0, 1, 0, 0, 0, 0, 0, 0, 0, 1], [0, 0, 1, 0, 0, 0, 0, 0, 0, 1], [0, 0, 0, 1, 1, 1, 0, 0, 0, 0]],
[[0, 0, 0, 0, 0, 0, 1, 0, 0, 0], [0, 0, 0, 0, 0, 0, 0, 1, 0, 0], [0, 0, 0, 0, 0, 0, 0, 0, 1, 0], [0, 1, 0, 0, 0, 0, 0, 0, 0, 1], [0, 0, 1, 0, 0, 0, 0, 0, 0, 1], [1, 0, 0, 0, 0, 0, 0, 0, 0, 1], [0, 0, 0, 1, 0, 1, 0, 0, 0, 0], [0, 0, 0, 1, 1, 0, 0, 0, 0, 0], [0, 0, 0, 0, 1, 1, 0, 0, 0, 0], [0, 0, 0, 0, 0, 0, 1, 1, 1, 0]],
[[0, 0, 0, 0, 0, 0, 0, 1, 0, 0], [0, 0, 0, 0, 0, 0, 0, 0, 1, 0], [0, 0, 0, 0, 0, 0, 1, 0, 0, 0], [0, 0, 1, 0, 0, 0, 0, 0, 0, 1], [1, 0, 0, 0, 0, 0, 0, 0, 0, 1], [0, 1, 0, 0, 0, 0, 0, 0, 0, 1], [0, 0, 0, 1, 1, 0, 0, 0, 0, 0], [0, 0, 0, 0, 1, 1, 0, 0, 0, 0], [0, 0, 0, 1, 0, 1, 0, 0, 0, 0], [0, 0, 0, 0, 0, 0, 1, 1, 1, 0]],
[[0, 0, 0, 0, 0, 0, 0, 0, 1, 0], [0, 0, 0, 0, 0, 0, 1, 0, 0, 0], [0, 0, 0, 0, 0, 0, 0, 1, 0, 0], [1, 0, 0, 0, 0, 0, 0, 0, 0, 1], [0, 1, 0, 0, 0, 0, 0, 0, 0, 1], [0, 0, 1, 0, 0, 0, 0, 0, 0, 1], [0, 0, 0, 0, 1, 1, 0, 0, 0, 0], [0, 0, 0, 1, 0, 1, 0, 0, 0, 0], [0, 0, 0, 1, 1, 0, 0, 0, 0, 0], [0, 0, 0, 0, 0, 0, 1, 1, 1, 0]],
[[0, 0, 0, 0, 0, 0, 0, 0, 0, 1], [0, 0, 0, 0, 0, 0, 0, 0, 0, 1], [0, 0, 0, 0, 0, 0, 0, 0, 0, 1], [0, 0, 0, 1, 1, 1, 0, 0, 0, 0], [0, 0, 0, 1, 1, 1, 0, 0, 0, 0], [0, 0, 0, 1, 1, 1, 0, 0, 0, 0], [0, 0, 0, 0, 0, 0, 1, 1, 1, 0], [0, 0, 0, 0, 0, 0, 1, 1, 1, 0], [0, 0, 0, 0, 0, 0, 1, 1, 1, 0], [1, 1, 1, 0, 0, 0, 0, 0, 0, 2]]],
[[1, 1, 1, 2, 2, 2, 2, 2, 2, 3],
[1, 1, 1, 2*E(3), 2*E(3), 2*E(3), 2*E(3)^2, 2*E(3)^2, 2*E(3)^2, 3],
[1, 1, 1, 2*E(3)^2, 2*E(3)^2, 2*E(3)^2, 2*E(3), 2*E(3), 2*E(3), 3],
[2, 2*E(3), 2*E(3)^2, -2*E(9)^4, -2*E(9)^7, 2*E(9)^4 + 2*E(9)^7, 2*E(9)^2 + 2*E(9)^5, -2*E(9)^2, -2*E(9)^5, 0],
[2, 2*E(3), 2*E(3)^2, -2*E(9)^7, 2*E(9)^4 + 2*E(9)^7, -2*E(9)^4, -2*E(9)^5, 2*E(9)^2 + 2*E(9)^5, -2*E(9)^2, 0],
[2, 2*E(3), 2*E(3)^2, 2*E(9)^4 + 2*E(9)^7, -2*E(9)^4, -2*E(9)^7, -2*E(9)^2, -2*E(9)^5, 2*E(9)^2 + 2*E(9)^5, 0],
[2, 2*E(3)^2, 2*E(3), 2*E(9)^2 + 2*E(9)^5, -2*E(9)^5, -2*E(9)^2, -2*E(9)^7, -2*E(9)^4, 2*E(9)^4 + 2*E(9)^7, 0],
[2, 2*E(3)^2, 2*E(3), -2*E(9)^2, 2*E(9)^2 + 2*E(9)^5, -2*E(9)^5, -2*E(9)^4, 2*E(9)^4 + 2*E(9)^7, -2*E(9)^7, 0],
[2, 2*E(3)^2, 2*E(3), -2*E(9)^5, -2*E(9)^2, 2*E(9)^2 + 2*E(9)^5, 2*E(9)^4 + 2*E(9)^7, -2*E(9)^7, -2*E(9)^4, 0],
[3, 3, 3, 0, 0, 0, 0, 0, 0, -3]],
[0, 0, 0, -2/9, 4/9, 1/9, 1/9, 4/9, -2/9, 1/2],
[1, 1, 1, 2, 2, 2, 2, 2, 2, 3], 9, 18, 4, [1, 0, 0, 0, 0, 0, 0, 0, 0, 1]],
[[
[[1, 0, 0, 0, 0, 0, 0, 0, 0, 0], [0, 1, 0, 0, 0, 0, 0, 0, 0, 0], [0, 0, 1, 0, 0, 0, 0, 0, 0, 0], [0, 0, 0, 1, 0, 0, 0, 0, 0, 0], [0, 0, 0, 0, 1, 0, 0, 0, 0, 0], [0, 0, 0, 0, 0, 1, 0, 0, 0, 0], [0, 0, 0, 0, 0, 0, 1, 0, 0, 0], [0, 0, 0, 0, 0, 0, 0, 1, 0, 0], [0, 0, 0, 0, 0, 0, 0, 0, 1, 0], [0, 0, 0, 0, 0, 0, 0, 0, 0, 1]],
[[0, 1, 0, 0, 0, 0, 0, 0, 0, 0], [0, 0, 1, 0, 0, 0, 0, 0, 0, 0], [1, 0, 0, 0, 0, 0, 0, 0, 0, 0], [0, 0, 0, 0, 1, 0, 0, 0, 0, 0], [0, 0, 0, 0, 0, 1, 0, 0, 0, 0], [0, 0, 0, 1, 0, 0, 0, 0, 0, 0], [0, 0, 0, 0, 0, 0, 0, 1, 0, 0], [0, 0, 0, 0, 0, 0, 0, 0, 1, 0], [0, 0, 0, 0, 0, 0, 1, 0, 0, 0], [0, 0, 0, 0, 0, 0, 0, 0, 0, 1]],
[[0, 0, 1, 0, 0, 0, 0, 0, 0, 0], [1, 0, 0, 0, 0, 0, 0, 0, 0, 0], [0, 1, 0, 0, 0, 0, 0, 0, 0, 0], [0, 0, 0, 0, 0, 1, 0, 0, 0, 0], [0, 0, 0, 1, 0, 0, 0, 0, 0, 0], [0, 0, 0, 0, 1, 0, 0, 0, 0, 0], [0, 0, 0, 0, 0, 0, 0, 0, 1, 0], [0, 0, 0, 0, 0, 0, 1, 0, 0, 0], [0, 0, 0, 0, 0, 0, 0, 1, 0, 0], [0, 0, 0, 0, 0, 0, 0, 0, 0, 1]],
[[0, 0, 0, 1, 0, 0, 0, 0, 0, 0], [0, 0, 0, 0, 1, 0, 0, 0, 0, 0], [0, 0, 0, 0, 0, 1, 0, 0, 0, 0], [0, 0, 0, 0, 0, 0, 0, 1, 1, 0], [0, 0, 0, 0, 0, 0, 1, 0, 1, 0], [0, 0, 0, 0, 0, 0, 1, 1, 0, 0], [0, 1, 0, 0, 0, 0, 0, 0, 0, 1], [0, 0, 1, 0, 0, 0, 0, 0, 0, 1], [1, 0, 0, 0, 0, 0, 0, 0, 0, 1], [0, 0, 0, 1, 1, 1, 0, 0, 0, 0]],
[[0, 0, 0, 0, 1, 0, 0, 0, 0, 0], [0, 0, 0, 0, 0, 1, 0, 0, 0, 0], [0, 0, 0, 1, 0, 0, 0, 0, 0, 0], [0, 0, 0, 0, 0, 0, 1, 0, 1, 0], [0, 0, 0, 0, 0, 0, 1, 1, 0, 0], [0, 0, 0, 0, 0, 0, 0, 1, 1, 0], [0, 0, 1, 0, 0, 0, 0, 0, 0, 1], [1, 0, 0, 0, 0, 0, 0, 0, 0, 1], [0, 1, 0, 0, 0, 0, 0, 0, 0, 1], [0, 0, 0, 1, 1, 1, 0, 0, 0, 0]],
[[0, 0, 0, 0, 0, 1, 0, 0, 0, 0], [0, 0, 0, 1, 0, 0, 0, 0, 0, 0], [0, 0, 0, 0, 1, 0, 0, 0, 0, 0], [0, 0, 0, 0, 0, 0, 1, 1, 0, 0], [0, 0, 0, 0, 0, 0, 0, 1, 1, 0], [0, 0, 0, 0, 0, 0, 1, 0, 1, 0], [1, 0, 0, 0, 0, 0, 0, 0, 0, 1], [0, 1, 0, 0, 0, 0, 0, 0, 0, 1], [0, 0, 1, 0, 0, 0, 0, 0, 0, 1], [0, 0, 0, 1, 1, 1, 0, 0, 0, 0]],
[[0, 0, 0, 0, 0, 0, 1, 0, 0, 0], [0, 0, 0, 0, 0, 0, 0, 1, 0, 0], [0, 0, 0, 0, 0, 0, 0, 0, 1, 0], [0, 1, 0, 0, 0, 0, 0, 0, 0, 1], [0, 0, 1, 0, 0, 0, 0, 0, 0, 1], [1, 0, 0, 0, 0, 0, 0, 0, 0, 1], [0, 0, 0, 1, 0, 1, 0, 0, 0, 0], [0, 0, 0, 1, 1, 0, 0, 0, 0, 0], [0, 0, 0, 0, 1, 1, 0, 0, 0, 0], [0, 0, 0, 0, 0, 0, 1, 1, 1, 0]],
[[0, 0, 0, 0, 0, 0, 0, 1, 0, 0], [0, 0, 0, 0, 0, 0, 0, 0, 1, 0], [0, 0, 0, 0, 0, 0, 1, 0, 0, 0], [0, 0, 1, 0, 0, 0, 0, 0, 0, 1], [1, 0, 0, 0, 0, 0, 0, 0, 0, 1], [0, 1, 0, 0, 0, 0, 0, 0, 0, 1], [0, 0, 0, 1, 1, 0, 0, 0, 0, 0], [0, 0, 0, 0, 1, 1, 0, 0, 0, 0], [0, 0, 0, 1, 0, 1, 0, 0, 0, 0], [0, 0, 0, 0, 0, 0, 1, 1, 1, 0]],
[[0, 0, 0, 0, 0, 0, 0, 0, 1, 0], [0, 0, 0, 0, 0, 0, 1, 0, 0, 0], [0, 0, 0, 0, 0, 0, 0, 1, 0, 0], [1, 0, 0, 0, 0, 0, 0, 0, 0, 1], [0, 1, 0, 0, 0, 0, 0, 0, 0, 1], [0, 0, 1, 0, 0, 0, 0, 0, 0, 1], [0, 0, 0, 0, 1, 1, 0, 0, 0, 0], [0, 0, 0, 1, 0, 1, 0, 0, 0, 0], [0, 0, 0, 1, 1, 0, 0, 0, 0, 0], [0, 0, 0, 0, 0, 0, 1, 1, 1, 0]],
[[0, 0, 0, 0, 0, 0, 0, 0, 0, 1], [0, 0, 0, 0, 0, 0, 0, 0, 0, 1], [0, 0, 0, 0, 0, 0, 0, 0, 0, 1], [0, 0, 0, 1, 1, 1, 0, 0, 0, 0], [0, 0, 0, 1, 1, 1, 0, 0, 0, 0], [0, 0, 0, 1, 1, 1, 0, 0, 0, 0], [0, 0, 0, 0, 0, 0, 1, 1, 1, 0], [0, 0, 0, 0, 0, 0, 1, 1, 1, 0], [0, 0, 0, 0, 0, 0, 1, 1, 1, 0], [1, 1, 1, 0, 0, 0, 0, 0, 0, 2]]],
[[1, 1, 1, 2, 2, 2, 2, 2, 2, 3],
[1, 1, 1, 2*E(3), 2*E(3), 2*E(3), 2*E(3)^2, 2*E(3)^2, 2*E(3)^2, 3],
[1, 1, 1, 2*E(3)^2, 2*E(3)^2, 2*E(3)^2, 2*E(3), 2*E(3), 2*E(3), 3],
[2, 2*E(3), 2*E(3)^2, -2*E(9)^4, -2*E(9)^7, 2*E(9)^4 + 2*E(9)^7, 2*E(9)^2 + 2*E(9)^5, -2*E(9)^2, -2*E(9)^5, 0],
[2, 2*E(3), 2*E(3)^2, -2*E(9)^7, 2*E(9)^4 + 2*E(9)^7, -2*E(9)^4, -2*E(9)^5, 2*E(9)^2 + 2*E(9)^5, -2*E(9)^2, 0],
[2, 2*E(3), 2*E(3)^2, 2*E(9)^4 + 2*E(9)^7, -2*E(9)^4, -2*E(9)^7, -2*E(9)^2, -2*E(9)^5, 2*E(9)^2 + 2*E(9)^5, 0],
[2, 2*E(3)^2, 2*E(3), 2*E(9)^2 + 2*E(9)^5, -2*E(9)^5, -2*E(9)^2, -2*E(9)^7, -2*E(9)^4, 2*E(9)^4 + 2*E(9)^7, 0],
[2, 2*E(3)^2, 2*E(3), -2*E(9)^2, 2*E(9)^2 + 2*E(9)^5, -2*E(9)^5, -2*E(9)^4, 2*E(9)^4 + 2*E(9)^7, -2*E(9)^7, 0],
[2, 2*E(3)^2, 2*E(3), -2*E(9)^5, -2*E(9)^2, 2*E(9)^2 + 2*E(9)^5, 2*E(9)^4 + 2*E(9)^7, -2*E(9)^7, -2*E(9)^4, 0],
[3, 3, 3, 0, 0, 0, 0, 0, 0, -3]],
[0, 0, 0, -1/9, 2/9, -4/9, -4/9, 2/9, -1/9, 1/2],
[1, 1, 1, 2, 2, 2, 2, 2, 2, 3], 9, 18, 4, [1, 0, 0, 0, 0, 0, 0, 0, 0, 1]],
[[
[[1, 0, 0, 0, 0, 0, 0, 0, 0, 0], [0, 1, 0, 0, 0, 0, 0, 0, 0, 0], [0, 0, 1, 0, 0, 0, 0, 0, 0, 0], [0, 0, 0, 1, 0, 0, 0, 0, 0, 0], [0, 0, 0, 0, 1, 0, 0, 0, 0, 0], [0, 0, 0, 0, 0, 1, 0, 0, 0, 0], [0, 0, 0, 0, 0, 0, 1, 0, 0, 0], [0, 0, 0, 0, 0, 0, 0, 1, 0, 0], [0, 0, 0, 0, 0, 0, 0, 0, 1, 0], [0, 0, 0, 0, 0, 0, 0, 0, 0, 1]],
[[0, 1, 0, 0, 0, 0, 0, 0, 0, 0], [0, 0, 1, 0, 0, 0, 0, 0, 0, 0], [1, 0, 0, 0, 0, 0, 0, 0, 0, 0], [0, 0, 0, 0, 1, 0, 0, 0, 0, 0], [0, 0, 0, 0, 0, 1, 0, 0, 0, 0], [0, 0, 0, 1, 0, 0, 0, 0, 0, 0], [0, 0, 0, 0, 0, 0, 0, 1, 0, 0], [0, 0, 0, 0, 0, 0, 0, 0, 1, 0], [0, 0, 0, 0, 0, 0, 1, 0, 0, 0], [0, 0, 0, 0, 0, 0, 0, 0, 0, 1]],
[[0, 0, 1, 0, 0, 0, 0, 0, 0, 0], [1, 0, 0, 0, 0, 0, 0, 0, 0, 0], [0, 1, 0, 0, 0, 0, 0, 0, 0, 0], [0, 0, 0, 0, 0, 1, 0, 0, 0, 0], [0, 0, 0, 1, 0, 0, 0, 0, 0, 0], [0, 0, 0, 0, 1, 0, 0, 0, 0, 0], [0, 0, 0, 0, 0, 0, 0, 0, 1, 0], [0, 0, 0, 0, 0, 0, 1, 0, 0, 0], [0, 0, 0, 0, 0, 0, 0, 1, 0, 0], [0, 0, 0, 0, 0, 0, 0, 0, 0, 1]],
[[0, 0, 0, 1, 0, 0, 0, 0, 0, 0], [0, 0, 0, 0, 1, 0, 0, 0, 0, 0], [0, 0, 0, 0, 0, 1, 0, 0, 0, 0], [0, 0, 0, 0, 0, 0, 1, 1, 0, 0], [0, 0, 0, 0, 0, 0, 0, 1, 1, 0], [0, 0, 0, 0, 0, 0, 1, 0, 1, 0], [0, 1, 0, 0, 0, 0, 0, 0, 0, 1], [0, 0, 1, 0, 0, 0, 0, 0, 0, 1], [1, 0, 0, 0, 0, 0, 0, 0, 0, 1], [0, 0, 0, 1, 1, 1, 0, 0, 0, 0]],
[[0, 0, 0, 0, 1, 0, 0, 0, 0, 0], [0, 0, 0, 0, 0, 1, 0, 0, 0, 0], [0, 0, 0, 1, 0, 0, 0, 0, 0, 0], [0, 0, 0, 0, 0, 0, 0, 1, 1, 0], [0, 0, 0, 0, 0, 0, 1, 0, 1, 0], [0, 0, 0, 0, 0, 0, 1, 1, 0, 0], [0, 0, 1, 0, 0, 0, 0, 0, 0, 1], [1, 0, 0, 0, 0, 0, 0, 0, 0, 1], [0, 1, 0, 0, 0, 0, 0, 0, 0, 1], [0, 0, 0, 1, 1, 1, 0, 0, 0, 0]],
[[0, 0, 0, 0, 0, 1, 0, 0, 0, 0], [0, 0, 0, 1, 0, 0, 0, 0, 0, 0], [0, 0, 0, 0, 1, 0, 0, 0, 0, 0], [0, 0, 0, 0, 0, 0, 1, 0, 1, 0], [0, 0, 0, 0, 0, 0, 1, 1, 0, 0], [0, 0, 0, 0, 0, 0, 0, 1, 1, 0], [1, 0, 0, 0, 0, 0, 0, 0, 0, 1], [0, 1, 0, 0, 0, 0, 0, 0, 0, 1], [0, 0, 1, 0, 0, 0, 0, 0, 0, 1], [0, 0, 0, 1, 1, 1, 0, 0, 0, 0]],
[[0, 0, 0, 0, 0, 0, 1, 0, 0, 0], [0, 0, 0, 0, 0, 0, 0, 1, 0, 0], [0, 0, 0, 0, 0, 0, 0, 0, 1, 0], [0, 1, 0, 0, 0, 0, 0, 0, 0, 1], [0, 0, 1, 0, 0, 0, 0, 0, 0, 1], [1, 0, 0, 0, 0, 0, 0, 0, 0, 1], [0, 0, 0, 1, 1, 0, 0, 0, 0, 0], [0, 0, 0, 0, 1, 1, 0, 0, 0, 0], [0, 0, 0, 1, 0, 1, 0, 0, 0, 0], [0, 0, 0, 0, 0, 0, 1, 1, 1, 0]],
[[0, 0, 0, 0, 0, 0, 0, 1, 0, 0], [0, 0, 0, 0, 0, 0, 0, 0, 1, 0], [0, 0, 0, 0, 0, 0, 1, 0, 0, 0], [0, 0, 1, 0, 0, 0, 0, 0, 0, 1], [1, 0, 0, 0, 0, 0, 0, 0, 0, 1], [0, 1, 0, 0, 0, 0, 0, 0, 0, 1], [0, 0, 0, 0, 1, 1, 0, 0, 0, 0], [0, 0, 0, 1, 0, 1, 0, 0, 0, 0], [0, 0, 0, 1, 1, 0, 0, 0, 0, 0], [0, 0, 0, 0, 0, 0, 1, 1, 1, 0]],
[[0, 0, 0, 0, 0, 0, 0, 0, 1, 0], [0, 0, 0, 0, 0, 0, 1, 0, 0, 0], [0, 0, 0, 0, 0, 0, 0, 1, 0, 0], [1, 0, 0, 0, 0, 0, 0, 0, 0, 1], [0, 1, 0, 0, 0, 0, 0, 0, 0, 1], [0, 0, 1, 0, 0, 0, 0, 0, 0, 1], [0, 0, 0, 1, 0, 1, 0, 0, 0, 0], [0, 0, 0, 1, 1, 0, 0, 0, 0, 0], [0, 0, 0, 0, 1, 1, 0, 0, 0, 0], [0, 0, 0, 0, 0, 0, 1, 1, 1, 0]],
[[0, 0, 0, 0, 0, 0, 0, 0, 0, 1], [0, 0, 0, 0, 0, 0, 0, 0, 0, 1], [0, 0, 0, 0, 0, 0, 0, 0, 0, 1], [0, 0, 0, 1, 1, 1, 0, 0, 0, 0], [0, 0, 0, 1, 1, 1, 0, 0, 0, 0], [0, 0, 0, 1, 1, 1, 0, 0, 0, 0], [0, 0, 0, 0, 0, 0, 1, 1, 1, 0], [0, 0, 0, 0, 0, 0, 1, 1, 1, 0], [0, 0, 0, 0, 0, 0, 1, 1, 1, 0], [1, 1, 1, 0, 0, 0, 0, 0, 0, 2]]],
[[1, 1, 1, 2, 2, 2, 2, 2, 2, 3],
[1, 1, 1, 2*E(3)^2, 2*E(3)^2, 2*E(3)^2, 2*E(3), 2*E(3), 2*E(3), 3],
[1, 1, 1, 2*E(3), 2*E(3), 2*E(3), 2*E(3)^2, 2*E(3)^2, 2*E(3)^2, 3],
[2, 2*E(3)^2, 2*E(3), -2*E(3)^2, -2*E(3), -2, -2, -2*E(3)^2, -2*E(3), 0],
[2, 2*E(3)^2, 2*E(3), -2*E(3), -2, -2*E(3)^2, -2*E(3), -2, -2*E(3)^2, 0],
[2, 2*E(3)^2, 2*E(3), -2, -2*E(3)^2, -2*E(3), -2*E(3)^2, -2*E(3), -2, 0],
[2, 2*E(3), 2*E(3)^2, -2, -2*E(3), -2*E(3)^2, -2*E(3), -2*E(3)^2, -2, 0],
[2, 2*E(3), 2*E(3)^2, -2*E(3)^2, -2, -2*E(3), -2*E(3)^2, -2, -2*E(3), 0],
[2, 2*E(3), 2*E(3)^2, -2*E(3), -2*E(3)^2, -2, -2, -2*E(3), -2*E(3)^2, 0],
[3, 3, 3, 0, 0, 0, 0, 0, 0, -3]],
[0, 0, 0, 0, 1/3, -1/3, -1/3, 1/3, 0, 1/2],
[1, 1, 1, 2, 2, 2, 2, 2, 2, 3], 3, 6, 4, [1, 0, 0, 0, 0, 0, 0, 0, 0, 1]]],
[[[
[[1, 0, 0, 0, 0, 0, 0, 0, 0, 0, 0], [0, 1, 0, 0, 0, 0, 0, 0, 0, 0, 0], [0, 0, 1, 0, 0, 0, 0, 0, 0, 0, 0], [0, 0, 0, 1, 0, 0, 0, 0, 0, 0, 0], [0, 0, 0, 0, 1, 0, 0, 0, 0, 0, 0], [0, 0, 0, 0, 0, 1, 0, 0, 0, 0, 0], [0, 0, 0, 0, 0, 0, 1, 0, 0, 0, 0], [0, 0, 0, 0, 0, 0, 0, 1, 0, 0, 0], [0, 0, 0, 0, 0, 0, 0, 0, 1, 0, 0], [0, 0, 0, 0, 0, 0, 0, 0, 0, 1, 0], [0, 0, 0, 0, 0, 0, 0, 0, 0, 0, 1]],
[[0, 1, 0, 0, 0, 0, 0, 0, 0, 0, 0], [1, 0, 0, 0, 0, 0, 0, 0, 0, 0, 0], [0, 0, 0, 1, 0, 0, 0, 0, 0, 0, 0], [0, 0, 1, 0, 0, 0, 0, 0, 0, 0, 0], [0, 0, 0, 0, 1, 0, 0, 0, 0, 0, 0], [0, 0, 0, 0, 0, 1, 0, 0, 0, 0, 0], [0, 0, 0, 0, 0, 0, 1, 0, 0, 0, 0], [0, 0, 0, 0, 0, 0, 0, 0, 1, 0, 0], [0, 0, 0, 0, 0, 0, 0, 1, 0, 0, 0], [0, 0, 0, 0, 0, 0, 0, 0, 0, 0, 1], [0, 0, 0, 0, 0, 0, 0, 0, 0, 1, 0]],
[[0, 0, 1, 0, 0, 0, 0, 0, 0, 0, 0], [0, 0, 0, 1, 0, 0, 0, 0, 0, 0, 0], [1, 0, 0, 0, 0, 0, 0, 0, 0, 0, 0], [0, 1, 0, 0, 0, 0, 0, 0, 0, 0, 0], [0, 0, 0, 0, 1, 0, 0, 0, 0, 0, 0], [0, 0, 0, 0, 0, 0, 1, 0, 0, 0, 0], [0, 0, 0, 0, 0, 1, 0, 0, 0, 0, 0], [0, 0, 0, 0, 0, 0, 0, 1, 0, 0, 0], [0, 0, 0, 0, 0, 0, 0, 0, 1, 0, 0], [0, 0, 0, 0, 0, 0, 0, 0, 0, 0, 1], [0, 0, 0, 0, 0, 0, 0, 0, 0, 1, 0]],
[[0, 0, 0, 1, 0, 0, 0, 0, 0, 0, 0], [0, 0, 1, 0, 0, 0, 0, 0, 0, 0, 0], [0, 1, 0, 0, 0, 0, 0, 0, 0, 0, 0], [1, 0, 0, 0, 0, 0, 0, 0, 0, 0, 0], [0, 0, 0, 0, 1, 0, 0, 0, 0, 0, 0], [0, 0, 0, 0, 0, 0, 1, 0, 0, 0, 0], [0, 0, 0, 0, 0, 1, 0, 0, 0, 0, 0], [0, 0, 0, 0, 0, 0, 0, 0, 1, 0, 0], [0, 0, 0, 0, 0, 0, 0, 1, 0, 0, 0], [0, 0, 0, 0, 0, 0, 0, 0, 0, 1, 0], [0, 0, 0, 0, 0, 0, 0, 0, 0, 0, 1]],
[[0, 0, 0, 0, 1, 0, 0, 0, 0, 0, 0], [0, 0, 0, 0, 1, 0, 0, 0, 0, 0, 0], [0, 0, 0, 0, 1, 0, 0, 0, 0, 0, 0], [0, 0, 0, 0, 1, 0, 0, 0, 0, 0, 0], [1, 1, 1, 1, 0, 0, 0, 0, 0, 0, 0], [0, 0, 0, 0, 0, 1, 1, 0, 0, 0, 0], [0, 0, 0, 0, 0, 1, 1, 0, 0, 0, 0], [0, 0, 0, 0, 0, 0, 0, 1, 1, 0, 0], [0, 0, 0, 0, 0, 0, 0, 1, 1, 0, 0], [0, 0, 0, 0, 0, 0, 0, 0, 0, 1, 1], [0, 0, 0, 0, 0, 0, 0, 0, 0, 1, 1]],
[[0, 0, 0, 0, 0, 1, 0, 0, 0, 0, 0], [0, 0, 0, 0, 0, 1, 0, 0, 0, 0, 0], [0, 0, 0, 0, 0, 0, 1, 0, 0, 0, 0], [0, 0, 0, 0, 0, 0, 1, 0, 0, 0, 0], [0, 0, 0, 0, 0, 1, 1, 0, 0, 0, 0], [1, 1, 0, 0, 1, 0, 0, 0, 0, 0, 0], [0, 0, 1, 1, 1, 0, 0, 0, 0, 0, 0], [0, 0, 0, 0, 0, 0, 0, 0, 0, 1, 1], [0, 0, 0, 0, 0, 0, 0, 0, 0, 1, 1], [0, 0, 0, 0, 0, 0, 0, 1, 1, 0, 0], [0, 0, 0, 0, 0, 0, 0, 1, 1, 0, 0]],
[[0, 0, 0, 0, 0, 0, 1, 0, 0, 0, 0], [0, 0, 0, 0, 0, 0, 1, 0, 0, 0, 0], [0, 0, 0, 0, 0, 1, 0, 0, 0, 0, 0], [0, 0, 0, 0, 0, 1, 0, 0, 0, 0, 0], [0, 0, 0, 0, 0, 1, 1, 0, 0, 0, 0], [0, 0, 1, 1, 1, 0, 0, 0, 0, 0, 0], [1, 1, 0, 0, 1, 0, 0, 0, 0, 0, 0], [0, 0, 0, 0, 0, 0, 0, 0, 0, 1, 1], [0, 0, 0, 0, 0, 0, 0, 0, 0, 1, 1], [0, 0, 0, 0, 0, 0, 0, 1, 1, 0, 0], [0, 0, 0, 0, 0, 0, 0, 1, 1, 0, 0]],
[[0, 0, 0, 0, 0, 0, 0, 1, 0, 0, 0], [0, 0, 0, 0, 0, 0, 0, 0, 1, 0, 0], [0, 0, 0, 0, 0, 0, 0, 1, 0, 0, 0], [0, 0, 0, 0, 0, 0, 0, 0, 1, 0, 0], [0, 0, 0, 0, 0, 0, 0, 1, 1, 0, 0], [0, 0, 0, 0, 0, 0, 0, 0, 0, 1, 1], [0, 0, 0, 0, 0, 0, 0, 0, 0, 1, 1], [1, 0, 1, 0, 1, 0, 0, 0, 0, 0, 0], [0, 1, 0, 1, 1, 0, 0, 0, 0, 0, 0], [0, 0, 0, 0, 0, 1, 1, 0, 0, 0, 0], [0, 0, 0, 0, 0, 1, 1, 0, 0, 0, 0]],
[[0, 0, 0, 0, 0, 0, 0, 0, 1, 0, 0], [0, 0, 0, 0, 0, 0, 0, 1, 0, 0, 0], [0, 0, 0, 0, 0, 0, 0, 0, 1, 0, 0], [0, 0, 0, 0, 0, 0, 0, 1, 0, 0, 0], [0, 0, 0, 0, 0, 0, 0, 1, 1, 0, 0], [0, 0, 0, 0, 0, 0, 0, 0, 0, 1, 1], [0, 0, 0, 0, 0, 0, 0, 0, 0, 1, 1], [0, 1, 0, 1, 1, 0, 0, 0, 0, 0, 0], [1, 0, 1, 0, 1, 0, 0, 0, 0, 0, 0], [0, 0, 0, 0, 0, 1, 1, 0, 0, 0, 0], [0, 0, 0, 0, 0, 1, 1, 0, 0, 0, 0]],
[[0, 0, 0, 0, 0, 0, 0, 0, 0, 1, 0], [0, 0, 0, 0, 0, 0, 0, 0, 0, 0, 1], [0, 0, 0, 0, 0, 0, 0, 0, 0, 0, 1], [0, 0, 0, 0, 0, 0, 0, 0, 0, 1, 0], [0, 0, 0, 0, 0, 0, 0, 0, 0, 1, 1], [0, 0, 0, 0, 0, 0, 0, 1, 1, 0, 0], [0, 0, 0, 0, 0, 0, 0, 1, 1, 0, 0], [0, 0, 0, 0, 0, 1, 1, 0, 0, 0, 0], [0, 0, 0, 0, 0, 1, 1, 0, 0, 0, 0], [1, 0, 0, 1, 1, 0, 0, 0, 0, 0, 0], [0, 1, 1, 0, 1, 0, 0, 0, 0, 0, 0]],
[[0, 0, 0, 0, 0, 0, 0, 0, 0, 0, 1], [0, 0, 0, 0, 0, 0, 0, 0, 0, 1, 0], [0, 0, 0, 0, 0, 0, 0, 0, 0, 1, 0], [0, 0, 0, 0, 0, 0, 0, 0, 0, 0, 1], [0, 0, 0, 0, 0, 0, 0, 0, 0, 1, 1], [0, 0, 0, 0, 0, 0, 0, 1, 1, 0, 0], [0, 0, 0, 0, 0, 0, 0, 1, 1, 0, 0], [0, 0, 0, 0, 0, 1, 1, 0, 0, 0, 0], [0, 0, 0, 0, 0, 1, 1, 0, 0, 0, 0], [0, 1, 1, 0, 1, 0, 0, 0, 0, 0, 0], [1, 0, 0, 1, 1, 0, 0, 0, 0, 0, 0]]],
[[1, 1, 1, 1, 2, 2, 2, 2, 2, 2, 2],
[1, 1, 1, 1, 2, -2, -2, -2, -2, 2, 2],
[1, 1, 1, 1, 2, -2, -2, 2, 2, -2, -2],
[1, 1, 1, 1, 2, 2, 2, -2, -2, -2, -2],
[2, 2, 2, 2, -4, 0, 0, 0, 0, 0, 0],
[2, -2, -2, 2, 0, 0, 0, 0, 0, 2*E(8) - 2*E(8)^3, -2*E(8) + 2*E(8)^3],
[2, -2, -2, 2, 0, 0, 0, 0, 0, -2*E(8) + 2*E(8)^3, 2*E(8) - 2*E(8)^3],
[2, -2, 2, -2, 0, 0, 0, 2*E(8) - 2*E(8)^3, -2*E(8) + 2*E(8)^3, 0, 0],
[2, -2, 2, -2, 0, 0, 0, -2*E(8) + 2*E(8)^3, 2*E(8) - 2*E(8)^3, 0, 0],
[2, 2, -2, -2, 0, 2*E(8) - 2*E(8)^3, -2*E(8) + 2*E(8)^3, 0, 0, 0, 0],
[2, 2, -2, -2, 0, -2*E(8) + 2*E(8)^3, 2*E(8) - 2*E(8)^3, 0, 0, 0, 0]],
[0, 0, 0, 0, -1/4, -1/16, 7/16, -5/16, 3/16, 3/16, -5/16],
[1, 1, 1, 1, 2, 2, 2, 2, 2, 2, 2], 8, 16, -1, [1, 1, 1, 1, 1, 1, 1, -1, -1, -1, -1]],
[[
[[1, 0, 0, 0, 0, 0, 0, 0, 0, 0, 0], [0, 1, 0, 0, 0, 0, 0, 0, 0, 0, 0], [0, 0, 1, 0, 0, 0, 0, 0, 0, 0, 0], [0, 0, 0, 1, 0, 0, 0, 0, 0, 0, 0], [0, 0, 0, 0, 1, 0, 0, 0, 0, 0, 0], [0, 0, 0, 0, 0, 1, 0, 0, 0, 0, 0], [0, 0, 0, 0, 0, 0, 1, 0, 0, 0, 0], [0, 0, 0, 0, 0, 0, 0, 1, 0, 0, 0], [0, 0, 0, 0, 0, 0, 0, 0, 1, 0, 0], [0, 0, 0, 0, 0, 0, 0, 0, 0, 1, 0], [0, 0, 0, 0, 0, 0, 0, 0, 0, 0, 1]],
[[0, 1, 0, 0, 0, 0, 0, 0, 0, 0, 0], [1, 0, 0, 0, 0, 0, 0, 0, 0, 0, 0], [0, 0, 0, 1, 0, 0, 0, 0, 0, 0, 0], [0, 0, 1, 0, 0, 0, 0, 0, 0, 0, 0], [0, 0, 0, 0, 1, 0, 0, 0, 0, 0, 0], [0, 0, 0, 0, 0, 1, 0, 0, 0, 0, 0], [0, 0, 0, 0, 0, 0, 1, 0, 0, 0, 0], [0, 0, 0, 0, 0, 0, 0, 0, 1, 0, 0], [0, 0, 0, 0, 0, 0, 0, 1, 0, 0, 0], [0, 0, 0, 0, 0, 0, 0, 0, 0, 0, 1], [0, 0, 0, 0, 0, 0, 0, 0, 0, 1, 0]],
[[0, 0, 1, 0, 0, 0, 0, 0, 0, 0, 0], [0, 0, 0, 1, 0, 0, 0, 0, 0, 0, 0], [1, 0, 0, 0, 0, 0, 0, 0, 0, 0, 0], [0, 1, 0, 0, 0, 0, 0, 0, 0, 0, 0], [0, 0, 0, 0, 1, 0, 0, 0, 0, 0, 0], [0, 0, 0, 0, 0, 0, 1, 0, 0, 0, 0], [0, 0, 0, 0, 0, 1, 0, 0, 0, 0, 0], [0, 0, 0, 0, 0, 0, 0, 1, 0, 0, 0], [0, 0, 0, 0, 0, 0, 0, 0, 1, 0, 0], [0, 0, 0, 0, 0, 0, 0, 0, 0, 0, 1], [0, 0, 0, 0, 0, 0, 0, 0, 0, 1, 0]],
[[0, 0, 0, 1, 0, 0, 0, 0, 0, 0, 0], [0, 0, 1, 0, 0, 0, 0, 0, 0, 0, 0], [0, 1, 0, 0, 0, 0, 0, 0, 0, 0, 0], [1, 0, 0, 0, 0, 0, 0, 0, 0, 0, 0], [0, 0, 0, 0, 1, 0, 0, 0, 0, 0, 0], [0, 0, 0, 0, 0, 0, 1, 0, 0, 0, 0], [0, 0, 0, 0, 0, 1, 0, 0, 0, 0, 0], [0, 0, 0, 0, 0, 0, 0, 0, 1, 0, 0], [0, 0, 0, 0, 0, 0, 0, 1, 0, 0, 0], [0, 0, 0, 0, 0, 0, 0, 0, 0, 1, 0], [0, 0, 0, 0, 0, 0, 0, 0, 0, 0, 1]],
[[0, 0, 0, 0, 1, 0, 0, 0, 0, 0, 0], [0, 0, 0, 0, 1, 0, 0, 0, 0, 0, 0], [0, 0, 0, 0, 1, 0, 0, 0, 0, 0, 0], [0, 0, 0, 0, 1, 0, 0, 0, 0, 0, 0], [1, 1, 1, 1, 0, 0, 0, 0, 0, 0, 0], [0, 0, 0, 0, 0, 1, 1, 0, 0, 0, 0], [0, 0, 0, 0, 0, 1, 1, 0, 0, 0, 0], [0, 0, 0, 0, 0, 0, 0, 1, 1, 0, 0], [0, 0, 0, 0, 0, 0, 0, 1, 1, 0, 0], [0, 0, 0, 0, 0, 0, 0, 0, 0, 1, 1], [0, 0, 0, 0, 0, 0, 0, 0, 0, 1, 1]],
[[0, 0, 0, 0, 0, 1, 0, 0, 0, 0, 0], [0, 0, 0, 0, 0, 1, 0, 0, 0, 0, 0], [0, 0, 0, 0, 0, 0, 1, 0, 0, 0, 0], [0, 0, 0, 0, 0, 0, 1, 0, 0, 0, 0], [0, 0, 0, 0, 0, 1, 1, 0, 0, 0, 0], [1, 1, 0, 0, 1, 0, 0, 0, 0, 0, 0], [0, 0, 1, 1, 1, 0, 0, 0, 0, 0, 0], [0, 0, 0, 0, 0, 0, 0, 0, 0, 1, 1], [0, 0, 0, 0, 0, 0, 0, 0, 0, 1, 1], [0, 0, 0, 0, 0, 0, 0, 1, 1, 0, 0], [0, 0, 0, 0, 0, 0, 0, 1, 1, 0, 0]],
[[0, 0, 0, 0, 0, 0, 1, 0, 0, 0, 0], [0, 0, 0, 0, 0, 0, 1, 0, 0, 0, 0], [0, 0, 0, 0, 0, 1, 0, 0, 0, 0, 0], [0, 0, 0, 0, 0, 1, 0, 0, 0, 0, 0], [0, 0, 0, 0, 0, 1, 1, 0, 0, 0, 0], [0, 0, 1, 1, 1, 0, 0, 0, 0, 0, 0], [1, 1, 0, 0, 1, 0, 0, 0, 0, 0, 0], [0, 0, 0, 0, 0, 0, 0, 0, 0, 1, 1], [0, 0, 0, 0, 0, 0, 0, 0, 0, 1, 1], [0, 0, 0, 0, 0, 0, 0, 1, 1, 0, 0], [0, 0, 0, 0, 0, 0, 0, 1, 1, 0, 0]],
[[0, 0, 0, 0, 0, 0, 0, 1, 0, 0, 0], [0, 0, 0, 0, 0, 0, 0, 0, 1, 0, 0], [0, 0, 0, 0, 0, 0, 0, 1, 0, 0, 0], [0, 0, 0, 0, 0, 0, 0, 0, 1, 0, 0], [0, 0, 0, 0, 0, 0, 0, 1, 1, 0, 0], [0, 0, 0, 0, 0, 0, 0, 0, 0, 1, 1], [0, 0, 0, 0, 0, 0, 0, 0, 0, 1, 1], [1, 0, 1, 0, 1, 0, 0, 0, 0, 0, 0], [0, 1, 0, 1, 1, 0, 0, 0, 0, 0, 0], [0, 0, 0, 0, 0, 1, 1, 0, 0, 0, 0], [0, 0, 0, 0, 0, 1, 1, 0, 0, 0, 0]],
[[0, 0, 0, 0, 0, 0, 0, 0, 1, 0, 0], [0, 0, 0, 0, 0, 0, 0, 1, 0, 0, 0], [0, 0, 0, 0, 0, 0, 0, 0, 1, 0, 0], [0, 0, 0, 0, 0, 0, 0, 1, 0, 0, 0], [0, 0, 0, 0, 0, 0, 0, 1, 1, 0, 0], [0, 0, 0, 0, 0, 0, 0, 0, 0, 1, 1], [0, 0, 0, 0, 0, 0, 0, 0, 0, 1, 1], [0, 1, 0, 1, 1, 0, 0, 0, 0, 0, 0], [1, 0, 1, 0, 1, 0, 0, 0, 0, 0, 0], [0, 0, 0, 0, 0, 1, 1, 0, 0, 0, 0], [0, 0, 0, 0, 0, 1, 1, 0, 0, 0, 0]],
[[0, 0, 0, 0, 0, 0, 0, 0, 0, 1, 0], [0, 0, 0, 0, 0, 0, 0, 0, 0, 0, 1], [0, 0, 0, 0, 0, 0, 0, 0, 0, 0, 1], [0, 0, 0, 0, 0, 0, 0, 0, 0, 1, 0], [0, 0, 0, 0, 0, 0, 0, 0, 0, 1, 1], [0, 0, 0, 0, 0, 0, 0, 1, 1, 0, 0], [0, 0, 0, 0, 0, 0, 0, 1, 1, 0, 0], [0, 0, 0, 0, 0, 1, 1, 0, 0, 0, 0], [0, 0, 0, 0, 0, 1, 1, 0, 0, 0, 0], [1, 0, 0, 1, 1, 0, 0, 0, 0, 0, 0], [0, 1, 1, 0, 1, 0, 0, 0, 0, 0, 0]],
[[0, 0, 0, 0, 0, 0, 0, 0, 0, 0, 1], [0, 0, 0, 0, 0, 0, 0, 0, 0, 1, 0], [0, 0, 0, 0, 0, 0, 0, 0, 0, 1, 0], [0, 0, 0, 0, 0, 0, 0, 0, 0, 0, 1], [0, 0, 0, 0, 0, 0, 0, 0, 0, 1, 1], [0, 0, 0, 0, 0, 0, 0, 1, 1, 0, 0], [0, 0, 0, 0, 0, 0, 0, 1, 1, 0, 0], [0, 0, 0, 0, 0, 1, 1, 0, 0, 0, 0], [0, 0, 0, 0, 0, 1, 1, 0, 0, 0, 0], [0, 1, 1, 0, 1, 0, 0, 0, 0, 0, 0], [1, 0, 0, 1, 1, 0, 0, 0, 0, 0, 0]]],
[[1, 1, 1, 1, 2, 2, 2, 2, 2, 2, 2],
[1, 1, 1, 1, 2, -2, -2, -2, -2, 2, 2],
[1, 1, 1, 1, 2, -2, -2, 2, 2, -2, -2],
[1, 1, 1, 1, 2, 2, 2, -2, -2, -2, -2],
[2, 2, 2, 2, -4, 0, 0, 0, 0, 0, 0],
[2, -2, -2, 2, 0, 0, 0, 0, 0, 2*E(8) - 2*E(8)^3, -2*E(8) + 2*E(8)^3],
[2, -2, -2, 2, 0, 0, 0, 0, 0, -2*E(8) + 2*E(8)^3, 2*E(8) - 2*E(8)^3],
[2, -2, 2, -2, 0, 0, 0, 2*E(8) - 2*E(8)^3, -2*E(8) + 2*E(8)^3, 0, 0],
[2, -2, 2, -2, 0, 0, 0, -2*E(8) + 2*E(8)^3, 2*E(8) - 2*E(8)^3, 0, 0],
[2, 2, -2, -2, 0, 2*E(8) - 2*E(8)^3, -2*E(8) + 2*E(8)^3, 0, 0, 0, 0],
[2, 2, -2, -2, 0, -2*E(8) + 2*E(8)^3, 2*E(8) - 2*E(8)^3, 0, 0, 0, 0]],
[0, 0, 0, 0, -1/4, -5/16, 3/16, 3/16, -5/16, -5/16, 3/16],
[1, 1, 1, 1, 2, 2, 2, 2, 2, 2, 2], 8, 16, -1, [1, 1, 1, 1, 1, 1, 1, 1, 1, 1, 1]],
[[
[[1, 0, 0, 0, 0, 0, 0, 0, 0, 0, 0], [0, 1, 0, 0, 0, 0, 0, 0, 0, 0, 0], [0, 0, 1, 0, 0, 0, 0, 0, 0, 0, 0], [0, 0, 0, 1, 0, 0, 0, 0, 0, 0, 0], [0, 0, 0, 0, 1, 0, 0, 0, 0, 0, 0], [0, 0, 0, 0, 0, 1, 0, 0, 0, 0, 0], [0, 0, 0, 0, 0, 0, 1, 0, 0, 0, 0], [0, 0, 0, 0, 0, 0, 0, 1, 0, 0, 0], [0, 0, 0, 0, 0, 0, 0, 0, 1, 0, 0], [0, 0, 0, 0, 0, 0, 0, 0, 0, 1, 0], [0, 0, 0, 0, 0, 0, 0, 0, 0, 0, 1]],
[[0, 1, 0, 0, 0, 0, 0, 0, 0, 0, 0], [1, 0, 0, 0, 0, 0, 0, 0, 0, 0, 0], [0, 0, 0, 1, 0, 0, 0, 0, 0, 0, 0], [0, 0, 1, 0, 0, 0, 0, 0, 0, 0, 0], [0, 0, 0, 0, 1, 0, 0, 0, 0, 0, 0], [0, 0, 0, 0, 0, 1, 0, 0, 0, 0, 0], [0, 0, 0, 0, 0, 0, 1, 0, 0, 0, 0], [0, 0, 0, 0, 0, 0, 0, 0, 1, 0, 0], [0, 0, 0, 0, 0, 0, 0, 1, 0, 0, 0], [0, 0, 0, 0, 0, 0, 0, 0, 0, 0, 1], [0, 0, 0, 0, 0, 0, 0, 0, 0, 1, 0]],
[[0, 0, 1, 0, 0, 0, 0, 0, 0, 0, 0], [0, 0, 0, 1, 0, 0, 0, 0, 0, 0, 0], [1, 0, 0, 0, 0, 0, 0, 0, 0, 0, 0], [0, 1, 0, 0, 0, 0, 0, 0, 0, 0, 0], [0, 0, 0, 0, 1, 0, 0, 0, 0, 0, 0], [0, 0, 0, 0, 0, 0, 1, 0, 0, 0, 0], [0, 0, 0, 0, 0, 1, 0, 0, 0, 0, 0], [0, 0, 0, 0, 0, 0, 0, 1, 0, 0, 0], [0, 0, 0, 0, 0, 0, 0, 0, 1, 0, 0], [0, 0, 0, 0, 0, 0, 0, 0, 0, 0, 1], [0, 0, 0, 0, 0, 0, 0, 0, 0, 1, 0]],
[[0, 0, 0, 1, 0, 0, 0, 0, 0, 0, 0], [0, 0, 1, 0, 0, 0, 0, 0, 0, 0, 0], [0, 1, 0, 0, 0, 0, 0, 0, 0, 0, 0], [1, 0, 0, 0, 0, 0, 0, 0, 0, 0, 0], [0, 0, 0, 0, 1, 0, 0, 0, 0, 0, 0], [0, 0, 0, 0, 0, 0, 1, 0, 0, 0, 0], [0, 0, 0, 0, 0, 1, 0, 0, 0, 0, 0], [0, 0, 0, 0, 0, 0, 0, 0, 1, 0, 0], [0, 0, 0, 0, 0, 0, 0, 1, 0, 0, 0], [0, 0, 0, 0, 0, 0, 0, 0, 0, 1, 0], [0, 0, 0, 0, 0, 0, 0, 0, 0, 0, 1]],
[[0, 0, 0, 0, 1, 0, 0, 0, 0, 0, 0], [0, 0, 0, 0, 1, 0, 0, 0, 0, 0, 0], [0, 0, 0, 0, 1, 0, 0, 0, 0, 0, 0], [0, 0, 0, 0, 1, 0, 0, 0, 0, 0, 0], [1, 1, 1, 1, 0, 0, 0, 0, 0, 0, 0], [0, 0, 0, 0, 0, 1, 1, 0, 0, 0, 0], [0, 0, 0, 0, 0, 1, 1, 0, 0, 0, 0], [0, 0, 0, 0, 0, 0, 0, 1, 1, 0, 0], [0, 0, 0, 0, 0, 0, 0, 1, 1, 0, 0], [0, 0, 0, 0, 0, 0, 0, 0, 0, 1, 1], [0, 0, 0, 0, 0, 0, 0, 0, 0, 1, 1]],
[[0, 0, 0, 0, 0, 1, 0, 0, 0, 0, 0], [0, 0, 0, 0, 0, 1, 0, 0, 0, 0, 0], [0, 0, 0, 0, 0, 0, 1, 0, 0, 0, 0], [0, 0, 0, 0, 0, 0, 1, 0, 0, 0, 0], [0, 0, 0, 0, 0, 1, 1, 0, 0, 0, 0], [1, 1, 0, 0, 1, 0, 0, 0, 0, 0, 0], [0, 0, 1, 1, 1, 0, 0, 0, 0, 0, 0], [0, 0, 0, 0, 0, 0, 0, 0, 0, 1, 1], [0, 0, 0, 0, 0, 0, 0, 0, 0, 1, 1], [0, 0, 0, 0, 0, 0, 0, 1, 1, 0, 0], [0, 0, 0, 0, 0, 0, 0, 1, 1, 0, 0]],
[[0, 0, 0, 0, 0, 0, 1, 0, 0, 0, 0], [0, 0, 0, 0, 0, 0, 1, 0, 0, 0, 0], [0, 0, 0, 0, 0, 1, 0, 0, 0, 0, 0], [0, 0, 0, 0, 0, 1, 0, 0, 0, 0, 0], [0, 0, 0, 0, 0, 1, 1, 0, 0, 0, 0], [0, 0, 1, 1, 1, 0, 0, 0, 0, 0, 0], [1, 1, 0, 0, 1, 0, 0, 0, 0, 0, 0], [0, 0, 0, 0, 0, 0, 0, 0, 0, 1, 1], [0, 0, 0, 0, 0, 0, 0, 0, 0, 1, 1], [0, 0, 0, 0, 0, 0, 0, 1, 1, 0, 0], [0, 0, 0, 0, 0, 0, 0, 1, 1, 0, 0]],
[[0, 0, 0, 0, 0, 0, 0, 1, 0, 0, 0], [0, 0, 0, 0, 0, 0, 0, 0, 1, 0, 0], [0, 0, 0, 0, 0, 0, 0, 1, 0, 0, 0], [0, 0, 0, 0, 0, 0, 0, 0, 1, 0, 0], [0, 0, 0, 0, 0, 0, 0, 1, 1, 0, 0], [0, 0, 0, 0, 0, 0, 0, 0, 0, 1, 1], [0, 0, 0, 0, 0, 0, 0, 0, 0, 1, 1], [1, 0, 1, 0, 1, 0, 0, 0, 0, 0, 0], [0, 1, 0, 1, 1, 0, 0, 0, 0, 0, 0], [0, 0, 0, 0, 0, 1, 1, 0, 0, 0, 0], [0, 0, 0, 0, 0, 1, 1, 0, 0, 0, 0]],
[[0, 0, 0, 0, 0, 0, 0, 0, 1, 0, 0], [0, 0, 0, 0, 0, 0, 0, 1, 0, 0, 0], [0, 0, 0, 0, 0, 0, 0, 0, 1, 0, 0], [0, 0, 0, 0, 0, 0, 0, 1, 0, 0, 0], [0, 0, 0, 0, 0, 0, 0, 1, 1, 0, 0], [0, 0, 0, 0, 0, 0, 0, 0, 0, 1, 1], [0, 0, 0, 0, 0, 0, 0, 0, 0, 1, 1], [0, 1, 0, 1, 1, 0, 0, 0, 0, 0, 0], [1, 0, 1, 0, 1, 0, 0, 0, 0, 0, 0], [0, 0, 0, 0, 0, 1, 1, 0, 0, 0, 0], [0, 0, 0, 0, 0, 1, 1, 0, 0, 0, 0]],
[[0, 0, 0, 0, 0, 0, 0, 0, 0, 1, 0], [0, 0, 0, 0, 0, 0, 0, 0, 0, 0, 1], [0, 0, 0, 0, 0, 0, 0, 0, 0, 0, 1], [0, 0, 0, 0, 0, 0, 0, 0, 0, 1, 0], [0, 0, 0, 0, 0, 0, 0, 0, 0, 1, 1], [0, 0, 0, 0, 0, 0, 0, 1, 1, 0, 0], [0, 0, 0, 0, 0, 0, 0, 1, 1, 0, 0], [0, 0, 0, 0, 0, 1, 1, 0, 0, 0, 0], [0, 0, 0, 0, 0, 1, 1, 0, 0, 0, 0], [1, 0, 0, 1, 1, 0, 0, 0, 0, 0, 0], [0, 1, 1, 0, 1, 0, 0, 0, 0, 0, 0]],
[[0, 0, 0, 0, 0, 0, 0, 0, 0, 0, 1], [0, 0, 0, 0, 0, 0, 0, 0, 0, 1, 0], [0, 0, 0, 0, 0, 0, 0, 0, 0, 1, 0], [0, 0, 0, 0, 0, 0, 0, 0, 0, 0, 1], [0, 0, 0, 0, 0, 0, 0, 0, 0, 1, 1], [0, 0, 0, 0, 0, 0, 0, 1, 1, 0, 0], [0, 0, 0, 0, 0, 0, 0, 1, 1, 0, 0], [0, 0, 0, 0, 0, 1, 1, 0, 0, 0, 0], [0, 0, 0, 0, 0, 1, 1, 0, 0, 0, 0], [0, 1, 1, 0, 1, 0, 0, 0, 0, 0, 0], [1, 0, 0, 1, 1, 0, 0, 0, 0, 0, 0]]],
[[1, 1, 1, 1, 2, 2, 2, 2, 2, 2, 2],
[1, 1, 1, 1, 2, -2, -2, -2, -2, 2, 2],
[1, 1, 1, 1, 2, -2, -2, 2, 2, -2, -2],
[1, 1, 1, 1, 2, 2, 2, -2, -2, -2, -2],
[2, 2, 2, 2, -4, 0, 0, 0, 0, 0, 0],
[2, -2, -2, 2, 0, 0, 0, 0, 0, 2*E(8) - 2*E(8)^3, -2*E(8) + 2*E(8)^3],
[2, -2, -2, 2, 0, 0, 0, 0, 0, -2*E(8) + 2*E(8)^3, 2*E(8) - 2*E(8)^3],
[2, -2, 2, -2, 0, 0, 0, 2*E(8) - 2*E(8)^3, -2*E(8) + 2*E(8)^3, 0, 0],
[2, -2, 2, -2, 0, 0, 0, -2*E(8) + 2*E(8)^3, 2*E(8) - 2*E(8)^3, 0, 0],
[2, 2, -2, -2, 0, 2*E(8) - 2*E(8)^3, -2*E(8) + 2*E(8)^3, 0, 0, 0, 0],
[2, 2, -2, -2, 0, -2*E(8) + 2*E(8)^3, 2*E(8) - 2*E(8)^3, 0, 0, 0, 0]],
[0, 0, 0, 0, -1/4, 7/16, -1/16, 7/16, -1/16, 3/16, -5/16],
[1, 1, 1, 1, 2, 2, 2, 2, 2, 2, 2], 8, 16, -1, [1, 1, 1, 1, 1, -1, -1, -1, -1, 1, 1]],
[[
[[1, 0, 0, 0, 0, 0, 0, 0, 0, 0, 0], [0, 1, 0, 0, 0, 0, 0, 0, 0, 0, 0], [0, 0, 1, 0, 0, 0, 0, 0, 0, 0, 0], [0, 0, 0, 1, 0, 0, 0, 0, 0, 0, 0], [0, 0, 0, 0, 1, 0, 0, 0, 0, 0, 0], [0, 0, 0, 0, 0, 1, 0, 0, 0, 0, 0], [0, 0, 0, 0, 0, 0, 1, 0, 0, 0, 0], [0, 0, 0, 0, 0, 0, 0, 1, 0, 0, 0], [0, 0, 0, 0, 0, 0, 0, 0, 1, 0, 0], [0, 0, 0, 0, 0, 0, 0, 0, 0, 1, 0], [0, 0, 0, 0, 0, 0, 0, 0, 0, 0, 1]],
[[0, 1, 0, 0, 0, 0, 0, 0, 0, 0, 0], [1, 0, 0, 0, 0, 0, 0, 0, 0, 0, 0], [0, 0, 0, 1, 0, 0, 0, 0, 0, 0, 0], [0, 0, 1, 0, 0, 0, 0, 0, 0, 0, 0], [0, 0, 0, 0, 1, 0, 0, 0, 0, 0, 0], [0, 0, 0, 0, 0, 1, 0, 0, 0, 0, 0], [0, 0, 0, 0, 0, 0, 1, 0, 0, 0, 0], [0, 0, 0, 0, 0, 0, 0, 0, 1, 0, 0], [0, 0, 0, 0, 0, 0, 0, 1, 0, 0, 0], [0, 0, 0, 0, 0, 0, 0, 0, 0, 0, 1], [0, 0, 0, 0, 0, 0, 0, 0, 0, 1, 0]],
[[0, 0, 1, 0, 0, 0, 0, 0, 0, 0, 0], [0, 0, 0, 1, 0, 0, 0, 0, 0, 0, 0], [1, 0, 0, 0, 0, 0, 0, 0, 0, 0, 0], [0, 1, 0, 0, 0, 0, 0, 0, 0, 0, 0], [0, 0, 0, 0, 1, 0, 0, 0, 0, 0, 0], [0, 0, 0, 0, 0, 0, 1, 0, 0, 0, 0], [0, 0, 0, 0, 0, 1, 0, 0, 0, 0, 0], [0, 0, 0, 0, 0, 0, 0, 1, 0, 0, 0], [0, 0, 0, 0, 0, 0, 0, 0, 1, 0, 0], [0, 0, 0, 0, 0, 0, 0, 0, 0, 0, 1], [0, 0, 0, 0, 0, 0, 0, 0, 0, 1, 0]],
[[0, 0, 0, 1, 0, 0, 0, 0, 0, 0, 0], [0, 0, 1, 0, 0, 0, 0, 0, 0, 0, 0], [0, 1, 0, 0, 0, 0, 0, 0, 0, 0, 0], [1, 0, 0, 0, 0, 0, 0, 0, 0, 0, 0], [0, 0, 0, 0, 1, 0, 0, 0, 0, 0, 0], [0, 0, 0, 0, 0, 0, 1, 0, 0, 0, 0], [0, 0, 0, 0, 0, 1, 0, 0, 0, 0, 0], [0, 0, 0, 0, 0, 0, 0, 0, 1, 0, 0], [0, 0, 0, 0, 0, 0, 0, 1, 0, 0, 0], [0, 0, 0, 0, 0, 0, 0, 0, 0, 1, 0], [0, 0, 0, 0, 0, 0, 0, 0, 0, 0, 1]],
[[0, 0, 0, 0, 1, 0, 0, 0, 0, 0, 0], [0, 0, 0, 0, 1, 0, 0, 0, 0, 0, 0], [0, 0, 0, 0, 1, 0, 0, 0, 0, 0, 0], [0, 0, 0, 0, 1, 0, 0, 0, 0, 0, 0], [1, 1, 1, 1, 0, 0, 0, 0, 0, 0, 0], [0, 0, 0, 0, 0, 1, 1, 0, 0, 0, 0], [0, 0, 0, 0, 0, 1, 1, 0, 0, 0, 0], [0, 0, 0, 0, 0, 0, 0, 1, 1, 0, 0], [0, 0, 0, 0, 0, 0, 0, 1, 1, 0, 0], [0, 0, 0, 0, 0, 0, 0, 0, 0, 1, 1], [0, 0, 0, 0, 0, 0, 0, 0, 0, 1, 1]],
[[0, 0, 0, 0, 0, 1, 0, 0, 0, 0, 0], [0, 0, 0, 0, 0, 1, 0, 0, 0, 0, 0], [0, 0, 0, 0, 0, 0, 1, 0, 0, 0, 0], [0, 0, 0, 0, 0, 0, 1, 0, 0, 0, 0], [0, 0, 0, 0, 0, 1, 1, 0, 0, 0, 0], [1, 1, 0, 0, 1, 0, 0, 0, 0, 0, 0], [0, 0, 1, 1, 1, 0, 0, 0, 0, 0, 0], [0, 0, 0, 0, 0, 0, 0, 0, 0, 1, 1], [0, 0, 0, 0, 0, 0, 0, 0, 0, 1, 1], [0, 0, 0, 0, 0, 0, 0, 1, 1, 0, 0], [0, 0, 0, 0, 0, 0, 0, 1, 1, 0, 0]],
[[0, 0, 0, 0, 0, 0, 1, 0, 0, 0, 0], [0, 0, 0, 0, 0, 0, 1, 0, 0, 0, 0], [0, 0, 0, 0, 0, 1, 0, 0, 0, 0, 0], [0, 0, 0, 0, 0, 1, 0, 0, 0, 0, 0], [0, 0, 0, 0, 0, 1, 1, 0, 0, 0, 0], [0, 0, 1, 1, 1, 0, 0, 0, 0, 0, 0], [1, 1, 0, 0, 1, 0, 0, 0, 0, 0, 0], [0, 0, 0, 0, 0, 0, 0, 0, 0, 1, 1], [0, 0, 0, 0, 0, 0, 0, 0, 0, 1, 1], [0, 0, 0, 0, 0, 0, 0, 1, 1, 0, 0], [0, 0, 0, 0, 0, 0, 0, 1, 1, 0, 0]],
[[0, 0, 0, 0, 0, 0, 0, 1, 0, 0, 0], [0, 0, 0, 0, 0, 0, 0, 0, 1, 0, 0], [0, 0, 0, 0, 0, 0, 0, 1, 0, 0, 0], [0, 0, 0, 0, 0, 0, 0, 0, 1, 0, 0], [0, 0, 0, 0, 0, 0, 0, 1, 1, 0, 0], [0, 0, 0, 0, 0, 0, 0, 0, 0, 1, 1], [0, 0, 0, 0, 0, 0, 0, 0, 0, 1, 1], [1, 0, 1, 0, 1, 0, 0, 0, 0, 0, 0], [0, 1, 0, 1, 1, 0, 0, 0, 0, 0, 0], [0, 0, 0, 0, 0, 1, 1, 0, 0, 0, 0], [0, 0, 0, 0, 0, 1, 1, 0, 0, 0, 0]],
[[0, 0, 0, 0, 0, 0, 0, 0, 1, 0, 0], [0, 0, 0, 0, 0, 0, 0, 1, 0, 0, 0], [0, 0, 0, 0, 0, 0, 0, 0, 1, 0, 0], [0, 0, 0, 0, 0, 0, 0, 1, 0, 0, 0], [0, 0, 0, 0, 0, 0, 0, 1, 1, 0, 0], [0, 0, 0, 0, 0, 0, 0, 0, 0, 1, 1], [0, 0, 0, 0, 0, 0, 0, 0, 0, 1, 1], [0, 1, 0, 1, 1, 0, 0, 0, 0, 0, 0], [1, 0, 1, 0, 1, 0, 0, 0, 0, 0, 0], [0, 0, 0, 0, 0, 1, 1, 0, 0, 0, 0], [0, 0, 0, 0, 0, 1, 1, 0, 0, 0, 0]],
[[0, 0, 0, 0, 0, 0, 0, 0, 0, 1, 0], [0, 0, 0, 0, 0, 0, 0, 0, 0, 0, 1], [0, 0, 0, 0, 0, 0, 0, 0, 0, 0, 1], [0, 0, 0, 0, 0, 0, 0, 0, 0, 1, 0], [0, 0, 0, 0, 0, 0, 0, 0, 0, 1, 1], [0, 0, 0, 0, 0, 0, 0, 1, 1, 0, 0], [0, 0, 0, 0, 0, 0, 0, 1, 1, 0, 0], [0, 0, 0, 0, 0, 1, 1, 0, 0, 0, 0], [0, 0, 0, 0, 0, 1, 1, 0, 0, 0, 0], [1, 0, 0, 1, 1, 0, 0, 0, 0, 0, 0], [0, 1, 1, 0, 1, 0, 0, 0, 0, 0, 0]],
[[0, 0, 0, 0, 0, 0, 0, 0, 0, 0, 1], [0, 0, 0, 0, 0, 0, 0, 0, 0, 1, 0], [0, 0, 0, 0, 0, 0, 0, 0, 0, 1, 0], [0, 0, 0, 0, 0, 0, 0, 0, 0, 0, 1], [0, 0, 0, 0, 0, 0, 0, 0, 0, 1, 1], [0, 0, 0, 0, 0, 0, 0, 1, 1, 0, 0], [0, 0, 0, 0, 0, 0, 0, 1, 1, 0, 0], [0, 0, 0, 0, 0, 1, 1, 0, 0, 0, 0], [0, 0, 0, 0, 0, 1, 1, 0, 0, 0, 0], [0, 1, 1, 0, 1, 0, 0, 0, 0, 0, 0], [1, 0, 0, 1, 1, 0, 0, 0, 0, 0, 0]]],
[[1, 1, 1, 1, 2, 2, 2, 2, 2, 2, 2],
[1, 1, 1, 1, 2, -2, -2, -2, -2, 2, 2],
[1, 1, 1, 1, 2, -2, -2, 2, 2, -2, -2],
[1, 1, 1, 1, 2, 2, 2, -2, -2, -2, -2],
[2, 2, 2, 2, -4, 0, 0, 0, 0, 0, 0],
[2, -2, -2, 2, 0, 0, 0, 0, 0, 2*E(8) - 2*E(8)^3, -2*E(8) + 2*E(8)^3],
[2, -2, -2, 2, 0, 0, 0, 0, 0, -2*E(8) + 2*E(8)^3, 2*E(8) - 2*E(8)^3],
[2, -2, 2, -2, 0, 0, 0, 2*E(8) - 2*E(8)^3, -2*E(8) + 2*E(8)^3, 0, 0],
[2, -2, 2, -2, 0, 0, 0, -2*E(8) + 2*E(8)^3, 2*E(8) - 2*E(8)^3, 0, 0],
[2, 2, -2, -2, 0, 2*E(8) - 2*E(8)^3, -2*E(8) + 2*E(8)^3, 0, 0, 0, 0],
[2, 2, -2, -2, 0, -2*E(8) + 2*E(8)^3, 2*E(8) - 2*E(8)^3, 0, 0, 0, 0]],
[0, 0, 0, 0, 1/4, -3/16, 5/16, 1/16, -7/16, -7/16, 1/16],
[1, 1, 1, 1, 2, 2, 2, 2, 2, 2, 2], 8, 16, 1, [1, 1, 1, 1, 1, 1, 1, -1, -1, -1, -1]],
[[
[[1, 0, 0, 0, 0, 0, 0, 0, 0, 0, 0], [0, 1, 0, 0, 0, 0, 0, 0, 0, 0, 0], [0, 0, 1, 0, 0, 0, 0, 0, 0, 0, 0], [0, 0, 0, 1, 0, 0, 0, 0, 0, 0, 0], [0, 0, 0, 0, 1, 0, 0, 0, 0, 0, 0], [0, 0, 0, 0, 0, 1, 0, 0, 0, 0, 0], [0, 0, 0, 0, 0, 0, 1, 0, 0, 0, 0], [0, 0, 0, 0, 0, 0, 0, 1, 0, 0, 0], [0, 0, 0, 0, 0, 0, 0, 0, 1, 0, 0], [0, 0, 0, 0, 0, 0, 0, 0, 0, 1, 0], [0, 0, 0, 0, 0, 0, 0, 0, 0, 0, 1]],
[[0, 1, 0, 0, 0, 0, 0, 0, 0, 0, 0], [1, 0, 0, 0, 0, 0, 0, 0, 0, 0, 0], [0, 0, 0, 1, 0, 0, 0, 0, 0, 0, 0], [0, 0, 1, 0, 0, 0, 0, 0, 0, 0, 0], [0, 0, 0, 0, 1, 0, 0, 0, 0, 0, 0], [0, 0, 0, 0, 0, 1, 0, 0, 0, 0, 0], [0, 0, 0, 0, 0, 0, 1, 0, 0, 0, 0], [0, 0, 0, 0, 0, 0, 0, 0, 1, 0, 0], [0, 0, 0, 0, 0, 0, 0, 1, 0, 0, 0], [0, 0, 0, 0, 0, 0, 0, 0, 0, 0, 1], [0, 0, 0, 0, 0, 0, 0, 0, 0, 1, 0]],
[[0, 0, 1, 0, 0, 0, 0, 0, 0, 0, 0], [0, 0, 0, 1, 0, 0, 0, 0, 0, 0, 0], [1, 0, 0, 0, 0, 0, 0, 0, 0, 0, 0], [0, 1, 0, 0, 0, 0, 0, 0, 0, 0, 0], [0, 0, 0, 0, 1, 0, 0, 0, 0, 0, 0], [0, 0, 0, 0, 0, 0, 1, 0, 0, 0, 0], [0, 0, 0, 0, 0, 1, 0, 0, 0, 0, 0], [0, 0, 0, 0, 0, 0, 0, 1, 0, 0, 0], [0, 0, 0, 0, 0, 0, 0, 0, 1, 0, 0], [0, 0, 0, 0, 0, 0, 0, 0, 0, 0, 1], [0, 0, 0, 0, 0, 0, 0, 0, 0, 1, 0]],
[[0, 0, 0, 1, 0, 0, 0, 0, 0, 0, 0], [0, 0, 1, 0, 0, 0, 0, 0, 0, 0, 0], [0, 1, 0, 0, 0, 0, 0, 0, 0, 0, 0], [1, 0, 0, 0, 0, 0, 0, 0, 0, 0, 0], [0, 0, 0, 0, 1, 0, 0, 0, 0, 0, 0], [0, 0, 0, 0, 0, 0, 1, 0, 0, 0, 0], [0, 0, 0, 0, 0, 1, 0, 0, 0, 0, 0], [0, 0, 0, 0, 0, 0, 0, 0, 1, 0, 0], [0, 0, 0, 0, 0, 0, 0, 1, 0, 0, 0], [0, 0, 0, 0, 0, 0, 0, 0, 0, 1, 0], [0, 0, 0, 0, 0, 0, 0, 0, 0, 0, 1]],
[[0, 0, 0, 0, 1, 0, 0, 0, 0, 0, 0], [0, 0, 0, 0, 1, 0, 0, 0, 0, 0, 0], [0, 0, 0, 0, 1, 0, 0, 0, 0, 0, 0], [0, 0, 0, 0, 1, 0, 0, 0, 0, 0, 0], [1, 1, 1, 1, 0, 0, 0, 0, 0, 0, 0], [0, 0, 0, 0, 0, 1, 1, 0, 0, 0, 0], [0, 0, 0, 0, 0, 1, 1, 0, 0, 0, 0], [0, 0, 0, 0, 0, 0, 0, 1, 1, 0, 0], [0, 0, 0, 0, 0, 0, 0, 1, 1, 0, 0], [0, 0, 0, 0, 0, 0, 0, 0, 0, 1, 1], [0, 0, 0, 0, 0, 0, 0, 0, 0, 1, 1]],
[[0, 0, 0, 0, 0, 1, 0, 0, 0, 0, 0], [0, 0, 0, 0, 0, 1, 0, 0, 0, 0, 0], [0, 0, 0, 0, 0, 0, 1, 0, 0, 0, 0], [0, 0, 0, 0, 0, 0, 1, 0, 0, 0, 0], [0, 0, 0, 0, 0, 1, 1, 0, 0, 0, 0], [1, 1, 0, 0, 1, 0, 0, 0, 0, 0, 0], [0, 0, 1, 1, 1, 0, 0, 0, 0, 0, 0], [0, 0, 0, 0, 0, 0, 0, 0, 0, 1, 1], [0, 0, 0, 0, 0, 0, 0, 0, 0, 1, 1], [0, 0, 0, 0, 0, 0, 0, 1, 1, 0, 0], [0, 0, 0, 0, 0, 0, 0, 1, 1, 0, 0]],
[[0, 0, 0, 0, 0, 0, 1, 0, 0, 0, 0], [0, 0, 0, 0, 0, 0, 1, 0, 0, 0, 0], [0, 0, 0, 0, 0, 1, 0, 0, 0, 0, 0], [0, 0, 0, 0, 0, 1, 0, 0, 0, 0, 0], [0, 0, 0, 0, 0, 1, 1, 0, 0, 0, 0], [0, 0, 1, 1, 1, 0, 0, 0, 0, 0, 0], [1, 1, 0, 0, 1, 0, 0, 0, 0, 0, 0], [0, 0, 0, 0, 0, 0, 0, 0, 0, 1, 1], [0, 0, 0, 0, 0, 0, 0, 0, 0, 1, 1], [0, 0, 0, 0, 0, 0, 0, 1, 1, 0, 0], [0, 0, 0, 0, 0, 0, 0, 1, 1, 0, 0]],
[[0, 0, 0, 0, 0, 0, 0, 1, 0, 0, 0], [0, 0, 0, 0, 0, 0, 0, 0, 1, 0, 0], [0, 0, 0, 0, 0, 0, 0, 1, 0, 0, 0], [0, 0, 0, 0, 0, 0, 0, 0, 1, 0, 0], [0, 0, 0, 0, 0, 0, 0, 1, 1, 0, 0], [0, 0, 0, 0, 0, 0, 0, 0, 0, 1, 1], [0, 0, 0, 0, 0, 0, 0, 0, 0, 1, 1], [1, 0, 1, 0, 1, 0, 0, 0, 0, 0, 0], [0, 1, 0, 1, 1, 0, 0, 0, 0, 0, 0], [0, 0, 0, 0, 0, 1, 1, 0, 0, 0, 0], [0, 0, 0, 0, 0, 1, 1, 0, 0, 0, 0]],
[[0, 0, 0, 0, 0, 0, 0, 0, 1, 0, 0], [0, 0, 0, 0, 0, 0, 0, 1, 0, 0, 0], [0, 0, 0, 0, 0, 0, 0, 0, 1, 0, 0], [0, 0, 0, 0, 0, 0, 0, 1, 0, 0, 0], [0, 0, 0, 0, 0, 0, 0, 1, 1, 0, 0], [0, 0, 0, 0, 0, 0, 0, 0, 0, 1, 1], [0, 0, 0, 0, 0, 0, 0, 0, 0, 1, 1], [0, 1, 0, 1, 1, 0, 0, 0, 0, 0, 0], [1, 0, 1, 0, 1, 0, 0, 0, 0, 0, 0], [0, 0, 0, 0, 0, 1, 1, 0, 0, 0, 0], [0, 0, 0, 0, 0, 1, 1, 0, 0, 0, 0]],
[[0, 0, 0, 0, 0, 0, 0, 0, 0, 1, 0], [0, 0, 0, 0, 0, 0, 0, 0, 0, 0, 1], [0, 0, 0, 0, 0, 0, 0, 0, 0, 0, 1], [0, 0, 0, 0, 0, 0, 0, 0, 0, 1, 0], [0, 0, 0, 0, 0, 0, 0, 0, 0, 1, 1], [0, 0, 0, 0, 0, 0, 0, 1, 1, 0, 0], [0, 0, 0, 0, 0, 0, 0, 1, 1, 0, 0], [0, 0, 0, 0, 0, 1, 1, 0, 0, 0, 0], [0, 0, 0, 0, 0, 1, 1, 0, 0, 0, 0], [1, 0, 0, 1, 1, 0, 0, 0, 0, 0, 0], [0, 1, 1, 0, 1, 0, 0, 0, 0, 0, 0]],
[[0, 0, 0, 0, 0, 0, 0, 0, 0, 0, 1], [0, 0, 0, 0, 0, 0, 0, 0, 0, 1, 0], [0, 0, 0, 0, 0, 0, 0, 0, 0, 1, 0], [0, 0, 0, 0, 0, 0, 0, 0, 0, 0, 1], [0, 0, 0, 0, 0, 0, 0, 0, 0, 1, 1], [0, 0, 0, 0, 0, 0, 0, 1, 1, 0, 0], [0, 0, 0, 0, 0, 0, 0, 1, 1, 0, 0], [0, 0, 0, 0, 0, 1, 1, 0, 0, 0, 0], [0, 0, 0, 0, 0, 1, 1, 0, 0, 0, 0], [0, 1, 1, 0, 1, 0, 0, 0, 0, 0, 0], [1, 0, 0, 1, 1, 0, 0, 0, 0, 0, 0]]],
[[1, 1, 1, 1, 2, 2, 2, 2, 2, 2, 2],
[1, 1, 1, 1, 2, -2, -2, -2, -2, 2, 2],
[1, 1, 1, 1, 2, -2, -2, 2, 2, -2, -2],
[1, 1, 1, 1, 2, 2, 2, -2, -2, -2, -2],
[2, 2, 2, 2, -4, 0, 0, 0, 0, 0, 0],
[2, -2, -2, 2, 0, 0, 0, 0, 0, 2*E(8) - 2*E(8)^3, -2*E(8) + 2*E(8)^3],
[2, -2, -2, 2, 0, 0, 0, 0, 0, -2*E(8) + 2*E(8)^3, 2*E(8) - 2*E(8)^3],
[2, -2, 2, -2, 0, 0, 0, 2*E(8) - 2*E(8)^3, -2*E(8) + 2*E(8)^3, 0, 0],
[2, -2, 2, -2, 0, 0, 0, -2*E(8) + 2*E(8)^3, 2*E(8) - 2*E(8)^3, 0, 0],
[2, 2, -2, -2, 0, 2*E(8) - 2*E(8)^3, -2*E(8) + 2*E(8)^3, 0, 0, 0, 0],
[2, 2, -2, -2, 0, -2*E(8) + 2*E(8)^3, 2*E(8) - 2*E(8)^3, 0, 0, 0, 0]],
[0, 0, 0, 0, 1/4, -7/16, 1/16, -7/16, 1/16, 1/16, -7/16],
[1, 1, 1, 1, 2, 2, 2, 2, 2, 2, 2], 8, 16, 1, [1, 1, 1, 1, 1, 1, 1, 1, 1, 1, 1]],
[[
[[1, 0, 0, 0, 0, 0, 0, 0, 0, 0, 0], [0, 1, 0, 0, 0, 0, 0, 0, 0, 0, 0], [0, 0, 1, 0, 0, 0, 0, 0, 0, 0, 0], [0, 0, 0, 1, 0, 0, 0, 0, 0, 0, 0], [0, 0, 0, 0, 1, 0, 0, 0, 0, 0, 0], [0, 0, 0, 0, 0, 1, 0, 0, 0, 0, 0], [0, 0, 0, 0, 0, 0, 1, 0, 0, 0, 0], [0, 0, 0, 0, 0, 0, 0, 1, 0, 0, 0], [0, 0, 0, 0, 0, 0, 0, 0, 1, 0, 0], [0, 0, 0, 0, 0, 0, 0, 0, 0, 1, 0], [0, 0, 0, 0, 0, 0, 0, 0, 0, 0, 1]],
[[0, 1, 0, 0, 0, 0, 0, 0, 0, 0, 0], [1, 0, 0, 0, 0, 0, 0, 0, 0, 0, 0], [0, 0, 0, 1, 0, 0, 0, 0, 0, 0, 0], [0, 0, 1, 0, 0, 0, 0, 0, 0, 0, 0], [0, 0, 0, 0, 1, 0, 0, 0, 0, 0, 0], [0, 0, 0, 0, 0, 1, 0, 0, 0, 0, 0], [0, 0, 0, 0, 0, 0, 1, 0, 0, 0, 0], [0, 0, 0, 0, 0, 0, 0, 0, 1, 0, 0], [0, 0, 0, 0, 0, 0, 0, 1, 0, 0, 0], [0, 0, 0, 0, 0, 0, 0, 0, 0, 0, 1], [0, 0, 0, 0, 0, 0, 0, 0, 0, 1, 0]],
[[0, 0, 1, 0, 0, 0, 0, 0, 0, 0, 0], [0, 0, 0, 1, 0, 0, 0, 0, 0, 0, 0], [1, 0, 0, 0, 0, 0, 0, 0, 0, 0, 0], [0, 1, 0, 0, 0, 0, 0, 0, 0, 0, 0], [0, 0, 0, 0, 1, 0, 0, 0, 0, 0, 0], [0, 0, 0, 0, 0, 0, 1, 0, 0, 0, 0], [0, 0, 0, 0, 0, 1, 0, 0, 0, 0, 0], [0, 0, 0, 0, 0, 0, 0, 1, 0, 0, 0], [0, 0, 0, 0, 0, 0, 0, 0, 1, 0, 0], [0, 0, 0, 0, 0, 0, 0, 0, 0, 0, 1], [0, 0, 0, 0, 0, 0, 0, 0, 0, 1, 0]],
[[0, 0, 0, 1, 0, 0, 0, 0, 0, 0, 0], [0, 0, 1, 0, 0, 0, 0, 0, 0, 0, 0], [0, 1, 0, 0, 0, 0, 0, 0, 0, 0, 0], [1, 0, 0, 0, 0, 0, 0, 0, 0, 0, 0], [0, 0, 0, 0, 1, 0, 0, 0, 0, 0, 0], [0, 0, 0, 0, 0, 0, 1, 0, 0, 0, 0], [0, 0, 0, 0, 0, 1, 0, 0, 0, 0, 0], [0, 0, 0, 0, 0, 0, 0, 0, 1, 0, 0], [0, 0, 0, 0, 0, 0, 0, 1, 0, 0, 0], [0, 0, 0, 0, 0, 0, 0, 0, 0, 1, 0], [0, 0, 0, 0, 0, 0, 0, 0, 0, 0, 1]],
[[0, 0, 0, 0, 1, 0, 0, 0, 0, 0, 0], [0, 0, 0, 0, 1, 0, 0, 0, 0, 0, 0], [0, 0, 0, 0, 1, 0, 0, 0, 0, 0, 0], [0, 0, 0, 0, 1, 0, 0, 0, 0, 0, 0], [1, 1, 1, 1, 0, 0, 0, 0, 0, 0, 0], [0, 0, 0, 0, 0, 1, 1, 0, 0, 0, 0], [0, 0, 0, 0, 0, 1, 1, 0, 0, 0, 0], [0, 0, 0, 0, 0, 0, 0, 1, 1, 0, 0], [0, 0, 0, 0, 0, 0, 0, 1, 1, 0, 0], [0, 0, 0, 0, 0, 0, 0, 0, 0, 1, 1], [0, 0, 0, 0, 0, 0, 0, 0, 0, 1, 1]],
[[0, 0, 0, 0, 0, 1, 0, 0, 0, 0, 0], [0, 0, 0, 0, 0, 1, 0, 0, 0, 0, 0], [0, 0, 0, 0, 0, 0, 1, 0, 0, 0, 0], [0, 0, 0, 0, 0, 0, 1, 0, 0, 0, 0], [0, 0, 0, 0, 0, 1, 1, 0, 0, 0, 0], [1, 1, 0, 0, 1, 0, 0, 0, 0, 0, 0], [0, 0, 1, 1, 1, 0, 0, 0, 0, 0, 0], [0, 0, 0, 0, 0, 0, 0, 0, 0, 1, 1], [0, 0, 0, 0, 0, 0, 0, 0, 0, 1, 1], [0, 0, 0, 0, 0, 0, 0, 1, 1, 0, 0], [0, 0, 0, 0, 0, 0, 0, 1, 1, 0, 0]],
[[0, 0, 0, 0, 0, 0, 1, 0, 0, 0, 0], [0, 0, 0, 0, 0, 0, 1, 0, 0, 0, 0], [0, 0, 0, 0, 0, 1, 0, 0, 0, 0, 0], [0, 0, 0, 0, 0, 1, 0, 0, 0, 0, 0], [0, 0, 0, 0, 0, 1, 1, 0, 0, 0, 0], [0, 0, 1, 1, 1, 0, 0, 0, 0, 0, 0], [1, 1, 0, 0, 1, 0, 0, 0, 0, 0, 0], [0, 0, 0, 0, 0, 0, 0, 0, 0, 1, 1], [0, 0, 0, 0, 0, 0, 0, 0, 0, 1, 1], [0, 0, 0, 0, 0, 0, 0, 1, 1, 0, 0], [0, 0, 0, 0, 0, 0, 0, 1, 1, 0, 0]],
[[0, 0, 0, 0, 0, 0, 0, 1, 0, 0, 0], [0, 0, 0, 0, 0, 0, 0, 0, 1, 0, 0], [0, 0, 0, 0, 0, 0, 0, 1, 0, 0, 0], [0, 0, 0, 0, 0, 0, 0, 0, 1, 0, 0], [0, 0, 0, 0, 0, 0, 0, 1, 1, 0, 0], [0, 0, 0, 0, 0, 0, 0, 0, 0, 1, 1], [0, 0, 0, 0, 0, 0, 0, 0, 0, 1, 1], [1, 0, 1, 0, 1, 0, 0, 0, 0, 0, 0], [0, 1, 0, 1, 1, 0, 0, 0, 0, 0, 0], [0, 0, 0, 0, 0, 1, 1, 0, 0, 0, 0], [0, 0, 0, 0, 0, 1, 1, 0, 0, 0, 0]],
[[0, 0, 0, 0, 0, 0, 0, 0, 1, 0, 0], [0, 0, 0, 0, 0, 0, 0, 1, 0, 0, 0], [0, 0, 0, 0, 0, 0, 0, 0, 1, 0, 0], [0, 0, 0, 0, 0, 0, 0, 1, 0, 0, 0], [0, 0, 0, 0, 0, 0, 0, 1, 1, 0, 0], [0, 0, 0, 0, 0, 0, 0, 0, 0, 1, 1], [0, 0, 0, 0, 0, 0, 0, 0, 0, 1, 1], [0, 1, 0, 1, 1, 0, 0, 0, 0, 0, 0], [1, 0, 1, 0, 1, 0, 0, 0, 0, 0, 0], [0, 0, 0, 0, 0, 1, 1, 0, 0, 0, 0], [0, 0, 0, 0, 0, 1, 1, 0, 0, 0, 0]],
[[0, 0, 0, 0, 0, 0, 0, 0, 0, 1, 0], [0, 0, 0, 0, 0, 0, 0, 0, 0, 0, 1], [0, 0, 0, 0, 0, 0, 0, 0, 0, 0, 1], [0, 0, 0, 0, 0, 0, 0, 0, 0, 1, 0], [0, 0, 0, 0, 0, 0, 0, 0, 0, 1, 1], [0, 0, 0, 0, 0, 0, 0, 1, 1, 0, 0], [0, 0, 0, 0, 0, 0, 0, 1, 1, 0, 0], [0, 0, 0, 0, 0, 1, 1, 0, 0, 0, 0], [0, 0, 0, 0, 0, 1, 1, 0, 0, 0, 0], [1, 0, 0, 1, 1, 0, 0, 0, 0, 0, 0], [0, 1, 1, 0, 1, 0, 0, 0, 0, 0, 0]],
[[0, 0, 0, 0, 0, 0, 0, 0, 0, 0, 1], [0, 0, 0, 0, 0, 0, 0, 0, 0, 1, 0], [0, 0, 0, 0, 0, 0, 0, 0, 0, 1, 0], [0, 0, 0, 0, 0, 0, 0, 0, 0, 0, 1], [0, 0, 0, 0, 0, 0, 0, 0, 0, 1, 1], [0, 0, 0, 0, 0, 0, 0, 1, 1, 0, 0], [0, 0, 0, 0, 0, 0, 0, 1, 1, 0, 0], [0, 0, 0, 0, 0, 1, 1, 0, 0, 0, 0], [0, 0, 0, 0, 0, 1, 1, 0, 0, 0, 0], [0, 1, 1, 0, 1, 0, 0, 0, 0, 0, 0], [1, 0, 0, 1, 1, 0, 0, 0, 0, 0, 0]]],
[[1, 1, 1, 1, 2, 2, 2, 2, 2, 2, 2],
[1, 1, 1, 1, 2, -2, -2, -2, -2, 2, 2],
[1, 1, 1, 1, 2, -2, -2, 2, 2, -2, -2],
[1, 1, 1, 1, 2, 2, 2, -2, -2, -2, -2],
[2, 2, 2, 2, -4, 0, 0, 0, 0, 0, 0],
[2, -2, -2, 2, 0, 0, 0, 0, 0, 2*E(8) - 2*E(8)^3, -2*E(8) + 2*E(8)^3],
[2, -2, -2, 2, 0, 0, 0, 0, 0, -2*E(8) + 2*E(8)^3, 2*E(8) - 2*E(8)^3],
[2, -2, 2, -2, 0, 0, 0, 2*E(8) - 2*E(8)^3, -2*E(8) + 2*E(8)^3, 0, 0],
[2, -2, 2, -2, 0, 0, 0, -2*E(8) + 2*E(8)^3, 2*E(8) - 2*E(8)^3, 0, 0],
[2, 2, -2, -2, 0, 2*E(8) - 2*E(8)^3, -2*E(8) + 2*E(8)^3, 0, 0, 0, 0],
[2, 2, -2, -2, 0, -2*E(8) + 2*E(8)^3, 2*E(8) - 2*E(8)^3, 0, 0, 0, 0]],
[0, 0, 0, 0, 1/4, 5/16, -3/16, -3/16, 5/16, -7/16, 1/16],
[1, 1, 1, 1, 2, 2, 2, 2, 2, 2, 2], 8, 16, 1, [1, 1, 1, 1, 1, -1, -1, -1, -1, 1, 1]],
[[
[[1, 0, 0, 0, 0, 0, 0, 0, 0, 0, 0], [0, 1, 0, 0, 0, 0, 0, 0, 0, 0, 0], [0, 0, 1, 0, 0, 0, 0, 0, 0, 0, 0], [0, 0, 0, 1, 0, 0, 0, 0, 0, 0, 0], [0, 0, 0, 0, 1, 0, 0, 0, 0, 0, 0], [0, 0, 0, 0, 0, 1, 0, 0, 0, 0, 0], [0, 0, 0, 0, 0, 0, 1, 0, 0, 0, 0], [0, 0, 0, 0, 0, 0, 0, 1, 0, 0, 0], [0, 0, 0, 0, 0, 0, 0, 0, 1, 0, 0], [0, 0, 0, 0, 0, 0, 0, 0, 0, 1, 0], [0, 0, 0, 0, 0, 0, 0, 0, 0, 0, 1]],
[[0, 1, 0, 0, 0, 0, 0, 0, 0, 0, 0], [1, 0, 0, 0, 0, 0, 0, 0, 0, 0, 0], [0, 0, 0, 1, 0, 0, 0, 0, 0, 0, 0], [0, 0, 1, 0, 0, 0, 0, 0, 0, 0, 0], [0, 0, 0, 0, 1, 0, 0, 0, 0, 0, 0], [0, 0, 0, 0, 0, 1, 0, 0, 0, 0, 0], [0, 0, 0, 0, 0, 0, 1, 0, 0, 0, 0], [0, 0, 0, 0, 0, 0, 0, 0, 1, 0, 0], [0, 0, 0, 0, 0, 0, 0, 1, 0, 0, 0], [0, 0, 0, 0, 0, 0, 0, 0, 0, 0, 1], [0, 0, 0, 0, 0, 0, 0, 0, 0, 1, 0]],
[[0, 0, 1, 0, 0, 0, 0, 0, 0, 0, 0], [0, 0, 0, 1, 0, 0, 0, 0, 0, 0, 0], [1, 0, 0, 0, 0, 0, 0, 0, 0, 0, 0], [0, 1, 0, 0, 0, 0, 0, 0, 0, 0, 0], [0, 0, 0, 0, 1, 0, 0, 0, 0, 0, 0], [0, 0, 0, 0, 0, 0, 1, 0, 0, 0, 0], [0, 0, 0, 0, 0, 1, 0, 0, 0, 0, 0], [0, 0, 0, 0, 0, 0, 0, 1, 0, 0, 0], [0, 0, 0, 0, 0, 0, 0, 0, 1, 0, 0], [0, 0, 0, 0, 0, 0, 0, 0, 0, 0, 1], [0, 0, 0, 0, 0, 0, 0, 0, 0, 1, 0]],
[[0, 0, 0, 1, 0, 0, 0, 0, 0, 0, 0], [0, 0, 1, 0, 0, 0, 0, 0, 0, 0, 0], [0, 1, 0, 0, 0, 0, 0, 0, 0, 0, 0], [1, 0, 0, 0, 0, 0, 0, 0, 0, 0, 0], [0, 0, 0, 0, 1, 0, 0, 0, 0, 0, 0], [0, 0, 0, 0, 0, 0, 1, 0, 0, 0, 0], [0, 0, 0, 0, 0, 1, 0, 0, 0, 0, 0], [0, 0, 0, 0, 0, 0, 0, 0, 1, 0, 0], [0, 0, 0, 0, 0, 0, 0, 1, 0, 0, 0], [0, 0, 0, 0, 0, 0, 0, 0, 0, 1, 0], [0, 0, 0, 0, 0, 0, 0, 0, 0, 0, 1]],
[[0, 0, 0, 0, 1, 0, 0, 0, 0, 0, 0], [0, 0, 0, 0, 1, 0, 0, 0, 0, 0, 0], [0, 0, 0, 0, 1, 0, 0, 0, 0, 0, 0], [0, 0, 0, 0, 1, 0, 0, 0, 0, 0, 0], [1, 1, 1, 1, 0, 0, 0, 0, 0, 0, 0], [0, 0, 0, 0, 0, 1, 1, 0, 0, 0, 0], [0, 0, 0, 0, 0, 1, 1, 0, 0, 0, 0], [0, 0, 0, 0, 0, 0, 0, 1, 1, 0, 0], [0, 0, 0, 0, 0, 0, 0, 1, 1, 0, 0], [0, 0, 0, 0, 0, 0, 0, 0, 0, 1, 1], [0, 0, 0, 0, 0, 0, 0, 0, 0, 1, 1]],
[[0, 0, 0, 0, 0, 1, 0, 0, 0, 0, 0], [0, 0, 0, 0, 0, 1, 0, 0, 0, 0, 0], [0, 0, 0, 0, 0, 0, 1, 0, 0, 0, 0], [0, 0, 0, 0, 0, 0, 1, 0, 0, 0, 0], [0, 0, 0, 0, 0, 1, 1, 0, 0, 0, 0], [1, 1, 0, 0, 1, 0, 0, 0, 0, 0, 0], [0, 0, 1, 1, 1, 0, 0, 0, 0, 0, 0], [0, 0, 0, 0, 0, 0, 0, 0, 0, 1, 1], [0, 0, 0, 0, 0, 0, 0, 0, 0, 1, 1], [0, 0, 0, 0, 0, 0, 0, 1, 1, 0, 0], [0, 0, 0, 0, 0, 0, 0, 1, 1, 0, 0]],
[[0, 0, 0, 0, 0, 0, 1, 0, 0, 0, 0], [0, 0, 0, 0, 0, 0, 1, 0, 0, 0, 0], [0, 0, 0, 0, 0, 1, 0, 0, 0, 0, 0], [0, 0, 0, 0, 0, 1, 0, 0, 0, 0, 0], [0, 0, 0, 0, 0, 1, 1, 0, 0, 0, 0], [0, 0, 1, 1, 1, 0, 0, 0, 0, 0, 0], [1, 1, 0, 0, 1, 0, 0, 0, 0, 0, 0], [0, 0, 0, 0, 0, 0, 0, 0, 0, 1, 1], [0, 0, 0, 0, 0, 0, 0, 0, 0, 1, 1], [0, 0, 0, 0, 0, 0, 0, 1, 1, 0, 0], [0, 0, 0, 0, 0, 0, 0, 1, 1, 0, 0]],
[[0, 0, 0, 0, 0, 0, 0, 1, 0, 0, 0], [0, 0, 0, 0, 0, 0, 0, 0, 1, 0, 0], [0, 0, 0, 0, 0, 0, 0, 1, 0, 0, 0], [0, 0, 0, 0, 0, 0, 0, 0, 1, 0, 0], [0, 0, 0, 0, 0, 0, 0, 1, 1, 0, 0], [0, 0, 0, 0, 0, 0, 0, 0, 0, 1, 1], [0, 0, 0, 0, 0, 0, 0, 0, 0, 1, 1], [1, 0, 1, 0, 1, 0, 0, 0, 0, 0, 0], [0, 1, 0, 1, 1, 0, 0, 0, 0, 0, 0], [0, 0, 0, 0, 0, 1, 1, 0, 0, 0, 0], [0, 0, 0, 0, 0, 1, 1, 0, 0, 0, 0]],
[[0, 0, 0, 0, 0, 0, 0, 0, 1, 0, 0], [0, 0, 0, 0, 0, 0, 0, 1, 0, 0, 0], [0, 0, 0, 0, 0, 0, 0, 0, 1, 0, 0], [0, 0, 0, 0, 0, 0, 0, 1, 0, 0, 0], [0, 0, 0, 0, 0, 0, 0, 1, 1, 0, 0], [0, 0, 0, 0, 0, 0, 0, 0, 0, 1, 1], [0, 0, 0, 0, 0, 0, 0, 0, 0, 1, 1], [0, 1, 0, 1, 1, 0, 0, 0, 0, 0, 0], [1, 0, 1, 0, 1, 0, 0, 0, 0, 0, 0], [0, 0, 0, 0, 0, 1, 1, 0, 0, 0, 0], [0, 0, 0, 0, 0, 1, 1, 0, 0, 0, 0]],
[[0, 0, 0, 0, 0, 0, 0, 0, 0, 1, 0], [0, 0, 0, 0, 0, 0, 0, 0, 0, 0, 1], [0, 0, 0, 0, 0, 0, 0, 0, 0, 0, 1], [0, 0, 0, 0, 0, 0, 0, 0, 0, 1, 0], [0, 0, 0, 0, 0, 0, 0, 0, 0, 1, 1], [0, 0, 0, 0, 0, 0, 0, 1, 1, 0, 0], [0, 0, 0, 0, 0, 0, 0, 1, 1, 0, 0], [0, 0, 0, 0, 0, 1, 1, 0, 0, 0, 0], [0, 0, 0, 0, 0, 1, 1, 0, 0, 0, 0], [1, 0, 0, 1, 1, 0, 0, 0, 0, 0, 0], [0, 1, 1, 0, 1, 0, 0, 0, 0, 0, 0]],
[[0, 0, 0, 0, 0, 0, 0, 0, 0, 0, 1], [0, 0, 0, 0, 0, 0, 0, 0, 0, 1, 0], [0, 0, 0, 0, 0, 0, 0, 0, 0, 1, 0], [0, 0, 0, 0, 0, 0, 0, 0, 0, 0, 1], [0, 0, 0, 0, 0, 0, 0, 0, 0, 1, 1], [0, 0, 0, 0, 0, 0, 0, 1, 1, 0, 0], [0, 0, 0, 0, 0, 0, 0, 1, 1, 0, 0], [0, 0, 0, 0, 0, 1, 1, 0, 0, 0, 0], [0, 0, 0, 0, 0, 1, 1, 0, 0, 0, 0], [0, 1, 1, 0, 1, 0, 0, 0, 0, 0, 0], [1, 0, 0, 1, 1, 0, 0, 0, 0, 0, 0]]],
[[1, 1, 1, 1, 2, 2, 2, 2, 2, 2, 2],
[1, 1, 1, 1, 2, -2, -2, -2, -2, 2, 2],
[1, 1, 1, 1, 2, -2, -2, 2, 2, -2, -2],
[1, 1, 1, 1, 2, 2, 2, -2, -2, -2, -2],
[2, 2, 2, 2, -4, 0, 0, 0, 0, 0, 0],
[2, -2, -2, 2, 0, 0, 0, 0, 0, 2*E(8) - 2*E(8)^3, -2*E(8) + 2*E(8)^3],


# Pointed case #

Here, the fusion matrices are replaced by the name of the abelian group.

#C1
#=1
[[[[1]],
[0],
[1],1,1,0,[1]]]

#C2
#=2
[[[[1,1],
[1,-1]],
[0,1/4],
[1,1],1,4,1,[1,-1]],
[[[1,1],
[1,-1]],
[0,-1/4],
[1,1],1,4,-1,[1,-1]]]

#C3
#=2
[[[[1,1,1],
[1,E(3),E(3)^2],
[1,E(3)^2,E(3)]],
[0,1/3,1/3],
[1,1,1],3,3,2,[1,0,0]],
[[[1,1,1],
[1,E(3)^2,E(3)],
[1,E(3),E(3)^2]],
[0,-1/3,-1/3],
[1,1,1],3,3,-2,[1,0,0]]]

#C2^2
#=5
[[[[1,1,1,1],
[1,1,-1,-1],
[1,-1,1,-1],
[1,-1,-1,1]],
[0,1/2,0,0],
[1,1,1,1],1,2,0,[1,1,1,1]],
[[[1,1,1,1],
[1,-1,1,-1],
[1,1,-1,-1],
[1,-1,-1,1]],
[0,-1/4,1/4,0],
[1,1,1,1],1,4,0,[1,-1,-1,1]],
[[[1,1,1,1],
[1,1,-1,-1],
[1,-1,-1,1],
[1,-1,1,-1]],
[0,1/2,1/4,1/4],
[1,1,1,1],1,4,2,[1,1,-1,-1]],
[[[1,1,1,1],
[1,1,-1,-1],
[1,-1,1,-1],
[1,-1,-1,1]],
[0,1/2,1/2,1/2],
[1,1,1,1],1,2,4,[1,1,1,1]],
[[[1,1,1,1],
[1,-1,1,-1],
[1,1,-1,-1],
[1,-1,-1,1]],
[0,-1/4,-1/4,1/2],
[1,1,1,1],1,4,-2,[1,-1,-1,1]]]

#C_4
#=4
[[[[1,1,1,1],
[1,1,-1,-1],
[1,-1,-E(4),E(4)],
[1,-1,E(4),-E(4)]],
[0,1/2,1/8,1/8],
[1,1,1,1],4,8,1,[1,1,0,0]],
[[[1,1,1,1],
[1,1,-1,-1],
[1,-1,E(4),-E(4)],
[1,-1,-E(4),E(4)]],
[0,1/2,3/8,3/8],
[1,1,1,1],4,8,3,[1,1,0,0]],
[[[1,1,1,1],
[1,1,-1,-1],
[1,-1,-E(4),E(4)],
[1,-1,E(4),-E(4)]],
[0,1/2,-3/8,-3/8],
[1,1,1,1],4,8,-3,[1,1,0,0]],
[[[1,1,1,1],
[1,1,-1,-1],
[1,-1,E(4),-E(4)],
[1,-1,-E(4),E(4)]],
[0,1/2,-1/8,-1/8],
[1,1,1,1],4,8,-1,[1,1,0,0]]]

#C5
#=2
[[[[1,1,1,1,1],
[1,E(5)^3,E(5)^4,E(5),E(5)^2],
[1,E(5)^4,E(5)^2,E(5)^3,E(5)],
[1,E(5),E(5)^3,E(5)^2,E(5)^4],
[1,E(5)^2,E(5),E(5)^4,E(5)^3]],
[0,1/5,-1/5,-1/5,1/5],
[1,1,1,1,1],5,5,0,[1,0,0,0,0]],
[[[1,1,1,1,1],
[1,E(5),E(5)^3,E(5)^2,E(5)^4],
[1,E(5)^3,E(5)^4,E(5),E(5)^2],
[1,E(5)^2,E(5),E(5)^4,E(5)^3],
[1,E(5)^4,E(5)^2,E(5)^3,E(5)]],
[0,2/5,-2/5,-2/5,2/5],
[1,1,1,1,1],5,5,4,[1,0,0,0,0]]]

#C6
#=4
[[[[1,1,1,1,1,1],
[1,-1,-1,1,1,-1],
[1,-1,-E(3),E(3)^2,E(3),-E(3)^2],
[1,1,E(3)^2,E(3),E(3)^2,E(3)],
[1,1,E(3),E(3)^2,E(3),E(3)^2],
[1,-1,-E(3)^2,E(3),E(3)^2,-E(3)]],
[0,-1/4,1/12,1/3,1/3,1/12],
[1,1,1,1,1,1],3,12,1,[1,-1,0,0,0,0]],
[[[1,1,1,1,1,1],
[1,-1,-1,1,1,-1],
[1,-1,-E(3)^2,E(3),E(3)^2,-E(3)],
[1,1,E(3),E(3)^2,E(3),E(3)^2],
[1,1,E(3)^2,E(3),E(3)^2,E(3)],
[1,-1,-E(3),E(3)^2,E(3),-E(3)^2]],
[0,-1/4,5/12,-1/3,-1/3,5/12],
[1,1,1,1,1,1],3,12,-3,[1,-1,0,0,0,0]],
[[[1,1,1,1,1,1],
[1,-1,-1,1,1,-1],
[1,-1,-E(3),E(3)^2,E(3),-E(3)^2],
[1,1,E(3)^2,E(3),E(3)^2,E(3)],
[1,1,E(3),E(3)^2,E(3),E(3)^2],
[1,-1,-E(3)^2,E(3),E(3)^2,-E(3)]],
[0,1/4,-5/12,1/3,1/3,-5/12],
[1,1,1,1,1,1],3,12,3,[1,-1,0,0,0,0]],
[[[1,1,1,1,1,1],
[1,-1,-1,1,1,-1],
[1,-1,-E(3)^2,E(3),E(3)^2,-E(3)],
[1,1,E(3),E(3)^2,E(3),E(3)^2],
[1,1,E(3)^2,E(3),E(3)^2,E(3)],
[1,-1,-E(3),E(3)^2,E(3),-E(3)^2]],
[0,1/4,-1/12,-1/3,-1/3,-1/12],
[1,1,1,1,1,1],3,12,-1,[1,-1,0,0,0,0]]]

#C7
#=2
[[[[1,1,1,1,1,1,1],
[1,E(7)^5,E(7)^4,E(7)^6,E(7),E(7)^3,E(7)^2],
[1,E(7)^4,E(7)^6,E(7)^2,E(7)^5,E(7),E(7)^3],
[1,E(7)^6,E(7)^2,E(7)^3,E(7)^4,E(7)^5,E(7)],
[1,E(7),E(7)^5,E(7)^4,E(7)^3,E(7)^2,E(7)^6],
[1,E(7)^3,E(7),E(7)^5,E(7)^2,E(7)^6,E(7)^4],
[1,E(7)^2,E(7)^3,E(7),E(7)^6,E(7)^4,E(7)^5]],
[0,1/7,-3/7,2/7,2/7,-3/7,1/7],
[1,1,1,1,1,1,1],7,7,2,[1,0,0,0,0,0,0]],
[[[1,1,1,1,1,1,1],
[1,E(7),E(7)^5,E(7)^4,E(7)^3,E(7)^2,E(7)^6],
[1,E(7)^5,E(7)^4,E(7)^6,E(7),E(7)^3,E(7)^2],
[1,E(7)^4,E(7)^6,E(7)^2,E(7)^5,E(7),E(7)^3],
[1,E(7)^3,E(7),E(7)^5,E(7)^2,E(7)^6,E(7)^4],
[1,E(7)^2,E(7)^3,E(7),E(7)^6,E(7)^4,E(7)^5],
[1,E(7)^6,E(7)^2,E(7)^3,E(7)^4,E(7)^5,E(7)]],
[0,3/7,-2/7,-1/7,-1/7,-2/7,3/7],
[1,1,1,1,1,1,1],7,7,-2,[1,0,0,0,0,0,0]]]

#C2^3
#=4
[[[[1,1,1,1,1,1,1,1],
[1,-1,1,1,-1,1,-1,-1],
[1,1,-1,1,-1,-1,1,-1],
[1,1,1,-1,-1,-1,-1,1],
[1,-1,-1,-1,-1,1,1,1],
[1,1,-1,-1,1,1,-1,-1],
[1,-1,1,-1,1,-1,1,-1],
[1,-1,-1,1,1,-1,-1,1]],
[0,-1/4,1/4,1/4,1/4,1/2,0,0],
[1,1,1,1,1,1,1,1],1,4,1,[1,-1,-1,-1,-1,1,1,1]],
[[[1,1,1,1,1,1,1,1],
[1,-1,-1,-1,-1,1,1,1],
[1,-1,-1,1,1,-1,-1,1],
[1,-1,1,-1,1,-1,1,-1],
[1,-1,1,1,-1,1,-1,-1],
[1,1,-1,-1,1,1,-1,-1],
[1,1,-1,1,-1,-1,1,-1],
[1,1,1,-1,-1,-1,-1,1]],
[0,-1/4,-1/4,-1/4,1/4,1/2,0,0],
[1,1,1,1,1,1,1,1],1,4,-1,[1,-1,-1,-1,-1,1,1,1]],
[[[1,1,1,1,1,1,1,1],
[1,-1,1,1,-1,1,-1,-1],
[1,1,1,-1,-1,-1,-1,1],
[1,1,-1,1,-1,-1,1,-1],
[1,-1,-1,-1,-1,1,1,1],
[1,1,-1,-1,1,1,-1,-1],
[1,-1,-1,1,1,-1,-1,1],
[1,-1,1,-1,1,-1,1,-1]],
[0,-1/4,1/2,1/2,1/4,1/2,1/4,1/4],
[1,1,1,1,1,1,1,1],1,4,3,[1,-1,1,1,-1,1,-1,-1]],
[[[1,1,1,1,1,1,1,1],
[1,-1,1,1,-1,1,-1,-1],
[1,1,1,-1,-1,-1,-1,1],
[1,1,-1,-1,1,1,-1,-1],
[1,-1,-1,1,1,-1,-1,1],
[1,1,-1,1,-1,-1,1,-1],
[1,-1,-1,-1,-1,1,1,1],
[1,-1,1,-1,1,-1,1,-1]],
[0,-1/4,1/2,-1/4,1/2,-1/4,1/2,1/4],
[1,1,1,1,1,1,1,1],1,4,-3,[1,-1,1,-1,1,-1,1,-1]]]

#C2xC4
#=4
[[[[1,1,1,1,1,1,1,1],
[1,1,1,1,-1,-1,-1,-1],
[1,1,-1,-1,-1,1,1,-1],
[1,1,-1,-1,1,-1,-1,1],
[1,-1,-1,1,-E(4),-E(4),E(4),E(4)],
[1,-1,1,-1,-E(4),E(4),-E(4),E(4)],
[1,-1,1,-1,E(4),-E(4),E(4),-E(4)],
[1,-1,-1,1,E(4),E(4),-E(4),-E(4)]],
[0,1/2,-1/4,1/4,1/8,3/8,3/8,1/8],
[1,1,1,1,1,1,1,1],4,8,2,[1,1,-1,-1,0,0,0,0]],
[[[1,1,1,1,1,1,1,1],
[1,1,1,1,-1,-1,-1,-1],
[1,1,-1,-1,-1,1,1,-1],
[1,1,-1,-1,1,-1,-1,1],
[1,-1,-1,1,-E(4),-E(4),E(4),E(4)],
[1,-1,1,-1,-E(4),E(4),-E(4),E(4)],
[1,-1,1,-1,E(4),-E(4),E(4),-E(4)],
[1,-1,-1,1,E(4),E(4),-E(4),-E(4)]],
[0,1/2,1/4,-1/4,1/8,-1/8,-1/8,1/8],
[1,1,1,1,1,1,1,1],4,8,0,[1,1,-1,-1,0,0,0,0]],
[[[1,1,1,1,1,1,1,1],
[1,1,1,1,-1,-1,-1,-1],
[1,1,-1,-1,-1,1,1,-1],
[1,1,-1,-1,1,-1,-1,1],
[1,-1,-1,1,E(4),E(4),-E(4),-E(4)],
[1,-1,1,-1,E(4),-E(4),E(4),-E(4)],
[1,-1,1,-1,-E(4),E(4),-E(4),E(4)],
[1,-1,-1,1,-E(4),-E(4),E(4),E(4)]],
[0,1/2,-1/4,1/4,3/8,-3/8,-3/8,3/8],
[1,1,1,1,1,1,1,1],4,8,4,[1,1,-1,-1,0,0,0,0]],
[[[1,1,1,1,1,1,1,1],
[1,1,1,1,-1,-1,-1,-1],
[1,1,-1,-1,-1,1,1,-1],
[1,1,-1,-1,1,-1,-1,1],
[1,-1,-1,1,-E(4),-E(4),E(4),E(4)],
[1,-1,1,-1,-E(4),E(4),-E(4),E(4)],
[1,-1,1,-1,E(4),-E(4),E(4),-E(4)],
[1,-1,-1,1,E(4),E(4),-E(4),-E(4)]],
[0,1/2,-1/4,1/4,-3/8,-1/8,-1/8,-3/8],
[1,1,1,1,1,1,1,1],4,8,-2,[1,1,-1,-1,0,0,0,0]]]

#C_8
#=4
[[[[1,1,1,1,1,1,1,1],
[1,1,1,-1,-1,-1,-1,1],
[1,1,-1,E(4),-E(4),E(4),-E(4),-1],
[1,-1,E(4),-E(8)^3,-E(8),E(8)^3,E(8),-E(4)],
[1,-1,-E(4),-E(8),-E(8)^3,E(8),E(8)^3,E(4)],
[1,-1,E(4),E(8)^3,E(8),-E(8)^3,-E(8),-E(4)],
[1,-1,-E(4),E(8),E(8)^3,-E(8),-E(8)^3,E(4)],
[1,1,-1,-E(4),E(4),-E(4),E(4),-1]],
[0,0,1/4,-7/16,1/16,1/16,-7/16,1/4],
[1,1,1,1,1,1,1,1],8,16,1,[1,1,0,0,0,0,0,0]],
[[[1,1,1,1,1,1,1,1],
[1,1,1,-1,-1,-1,-1,1],
[1,1,-1,E(4),-E(4),E(4),-E(4),-1],
[1,-1,E(4),E(8)^3,E(8),-E(8)^3,-E(8),-E(4)],
[1,-1,-E(4),E(8),E(8)^3,-E(8),-E(8)^3,E(4)],
[1,-1,E(4),-E(8)^3,-E(8),E(8)^3,E(8),-E(4)],
[1,-1,-E(4),-E(8),-E(8)^3,E(8),E(8)^3,E(4)],
[1,1,-1,-E(4),E(4),-E(4),E(4),-1]],
[0,0,1/4,-3/16,5/16,5/16,-3/16,1/4],
[1,1,1,1,1,1,1,1],8,16,1,[1,1,0,0,0,0,0,0]],
[[[1,1,1,1,1,1,1,1],
[1,1,1,-1,-1,-1,-1,1],
[1,1,-1,-E(4),E(4),-E(4),E(4),-1],
[1,-1,-E(4),-E(8),-E(8)^3,E(8),E(8)^3,E(4)],
[1,-1,E(4),-E(8)^3,-E(8),E(8)^3,E(8),-E(4)],
[1,-1,-E(4),E(8),E(8)^3,-E(8),-E(8)^3,E(4)],
[1,-1,E(4),E(8)^3,E(8),-E(8)^3,-E(8),-E(4)],
[1,1,-1,E(4),-E(4),E(4),-E(4),-1]],
[0,0,-1/4,-5/16,3/16,3/16,-5/16,-1/4],
[1,1,1,1,1,1,1,1],8,16,-1,[1,1,0,0,0,0,0,0]],
[[[1,1,1,1,1,1,1,1],
[1,1,1,-1,-1,-1,-1,1],
[1,1,-1,-E(4),E(4),-E(4),E(4),-1],
[1,-1,-E(4),E(8),E(8)^3,-E(8),-E(8)^3,E(4)],
[1,-1,E(4),E(8)^3,E(8),-E(8)^3,-E(8),-E(4)],
[1,-1,-E(4),-E(8),-E(8)^3,E(8),E(8)^3,E(4)],
[1,-1,E(4),-E(8)^3,-E(8),E(8)^3,E(8),-E(4)],
[1,1,-1,E(4),-E(4),E(4),-E(4),-1]],
[0,0,-1/4,-1/16,7/16,7/16,-1/16,-1/4],
[1,1,1,1,1,1,1,1],8,16,-1,[1,1,0,0,0,0,0,0]]]

#C_9
#=2
[[[[1,1,1,1,1,1,1,1,1],
[1,1,E(3),E(3)^2,E(3)^2,E(3),E(3),E(3)^2,1],
[1,E(3),E(9)^7,-E(9)^2-E(9)^5,E(9)^5,E(9)^4,-E(9)^4-E(9)^7,E(9)^2,E(3)^2],
[1,E(3)^2,-E(9)^2-E(9)^5,E(9)^4,E(9)^7,E(9)^2,E(9)^5,-E(9)^4-E(9)^7,E(3)],
[1,E(3)^2,E(9)^5,E(9)^7,-E(9)^4-E(9)^7,-E(9)^2-E(9)^5,E(9)^2,E(9)^4,E(3)],
[1,E(3),E(9)^4,E(9)^2,-E(9)^2-E(9)^5,-E(9)^4-E(9)^7,E(9)^7,E(9)^5,E(3)^2],
[1,E(3),-E(9)^4-E(9)^7,E(9)^5,E(9)^2,E(9)^7,E(9)^4,-E(9)^2-E(9)^5,E(3)^2],
[1,E(3)^2,E(9)^2,-E(9)^4-E(9)^7,E(9)^4,E(9)^5,-E(9)^2-E(9)^5,E(9)^7,E(3)],
[1,1,E(3)^2,E(3),E(3),E(3)^2,E(3)^2,E(3),1]],
[0,0,1/9,-2/9,4/9,4/9,-2/9,1/9,0],
[1,1,1,1,1,1,1,1,1],9,9,0,[1,0,0,0,0,0,0,0,0]],
[[[1,1,1,1,1,1,1,1,1],
[1,1,E(3)^2,E(3),E(3),E(3)^2,E(3)^2,E(3),1],
[1,E(3)^2,E(9)^5,E(9)^7,-E(9)^4-E(9)^7,-E(9)^2-E(9)^5,E(9)^2,E(9)^4,E(3)],
[1,E(3),E(9)^7,-E(9)^2-E(9)^5,E(9)^5,E(9)^4,-E(9)^4-E(9)^7,E(9)^2,E(3)^2],
[1,E(3),-E(9)^4-E(9)^7,E(9)^5,E(9)^2,E(9)^7,E(9)^4,-E(9)^2-E(9)^5,E(3)^2],
[1,E(3)^2,-E(9)^2-E(9)^5,E(9)^4,E(9)^7,E(9)^2,E(9)^5,-E(9)^4-E(9)^7,E(3)],
[1,E(3)^2,E(9)^2,-E(9)^4-E(9)^7,E(9)^4,E(9)^5,-E(9)^2-E(9)^5,E(9)^7,E(3)],
[1,E(3),E(9)^4,E(9)^2,-E(9)^2-E(9)^5,-E(9)^4-E(9)^7,E(9)^7,E(9)^5,E(3)^2],
[1,1,E(3),E(3)^2,E(3)^2,E(3),E(3),E(3)^2,1]],
[0,0,2/9,-4/9,-1/9,-1/9,-4/9,2/9,0],
[1,1,1,1,1,1,1,1,1],9,9,0,[1,0,0,0,0,0,0,0,0]]]

#C3^2
#=2
[[[[1,1,1,1,1,1,1,1,1],
[1,1,E(3)^2,E(3),E(3),E(3)^2,E(3)^2,E(3),1],
[1,E(3)^2,1,E(3),E(3)^2,E(3),E(3)^2,1,E(3)],
[1,E(3),E(3),E(3),1,1,E(3)^2,E(3)^2,E(3)^2],
[1,E(3),E(3)^2,1,E(3)^2,E(3),1,E(3),E(3)^2],
[1,E(3)^2,E(3),1,E(3),E(3)^2,1,E(3)^2,E(3)],
[1,E(3)^2,E(3)^2,E(3)^2,1,1,E(3),E(3),E(3)],
[1,E(3),1,E(3)^2,E(3),E(3)^2,E(3),1,E(3)^2],
[1,1,E(3),E(3)^2,E(3)^2,E(3),E(3),E(3)^2,1]],
[0,0,0,1/3,-1/3,-1/3,1/3,0,0],
[1,1,1,1,1,1,1,1,1],3,3,0,[1,0,0,0,0,0,0,0,0]],
[[[1,1,1,1,1,1,1,1,1],
[1,E(3),1,E(3)^2,E(3),E(3)^2,E(3),1,E(3)^2],
[1,1,E(3),E(3)^2,E(3)^2,E(3),E(3),E(3)^2,1],
[1,E(3)^2,E(3)^2,E(3)^2,1,1,E(3),E(3),E(3)],
[1,E(3),E(3)^2,1,E(3)^2,E(3),1,E(3),E(3)^2],
[1,E(3)^2,E(3),1,E(3),E(3)^2,1,E(3)^2,E(3)],
[1,E(3),E(3),E(3),1,1,E(3)^2,E(3)^2,E(3)^2],
[1,1,E(3)^2,E(3),E(3),E(3)^2,E(3)^2,E(3),1],
[1,E(3)^2,1,E(3),E(3)^2,E(3),E(3)^2,1,E(3)]],
[0,1/3,1/3,-1/3,-1/3,-1/3,-1/3,1/3,1/3],
[1,1,1,1,1,1,1,1,1],3,3,4,[1,0,0,0,0,0,0,0,0]]]

#C10
#=4
[[[[1,1,1,1,1,1,1,1,1,1],
[1,-1,-1,1,1,-1,-1,1,1,-1],
[1,-1,-E(5)^2,E(5)^3,E(5),-E(5)^4,-E(5),E(5)^4,E(5)^2,-E(5)^3],
[1,1,E(5)^3,E(5)^2,E(5)^4,E(5),E(5)^4,E(5),E(5)^3,E(5)^2],
[1,1,E(5),E(5)^4,E(5)^3,E(5)^2,E(5)^3,E(5)^2,E(5),E(5)^4],
[1,-1,-E(5)^4,E(5),E(5)^2,-E(5)^3,-E(5)^2,E(5)^3,E(5)^4,-E(5)],
[1,-1,-E(5),E(5)^4,E(5)^3,-E(5)^2,-E(5)^3,E(5)^2,E(5),-E(5)^4],
[1,1,E(5)^4,E(5),E(5)^2,E(5)^3,E(5)^2,E(5)^3,E(5)^4,E(5)],
[1,1,E(5)^2,E(5)^3,E(5),E(5)^4,E(5),E(5)^4,E(5)^2,E(5)^3],
[1,-1,-E(5)^3,E(5)^2,E(5)^4,-E(5),-E(5)^4,E(5),E(5)^3,-E(5)^2]],
[0,1/4,1/20,-1/5,1/5,9/20,9/20,1/5,-1/5,1/20],
[1,1,1,1,1,1,1,1,1,1],5,20,1,[1,-1,0,0,0,0,0,0,0,0]],
[[[1,1,1,1,1,1,1,1,1,1],
[1,-1,-1,1,1,-1,-1,1,1,-1],
[1,-1,-E(5),E(5)^4,E(5)^3,-E(5)^2,-E(5)^3,E(5)^2,E(5),-E(5)^4],
[1,1,E(5)^4,E(5),E(5)^2,E(5)^3,E(5)^2,E(5)^3,E(5)^4,E(5)],
[1,1,E(5)^3,E(5)^2,E(5)^4,E(5),E(5)^4,E(5),E(5)^3,E(5)^2],
[1,-1,-E(5)^2,E(5)^3,E(5),-E(5)^4,-E(5),E(5)^4,E(5)^2,-E(5)^3],
[1,-1,-E(5)^3,E(5)^2,E(5)^4,-E(5),-E(5)^4,E(5),E(5)^3,-E(5)^2],
[1,1,E(5)^2,E(5)^3,E(5),E(5)^4,E(5),E(5)^4,E(5)^2,E(5)^3],
[1,1,E(5),E(5)^4,E(5)^3,E(5)^2,E(5)^3,E(5)^2,E(5),E(5)^4],
[1,-1,-E(5)^4,E(5),E(5)^2,-E(5)^3,-E(5)^2,E(5)^3,E(5)^4,-E(5)]],
[0,-1/4,3/20,2/5,-2/5,7/20,7/20,-2/5,2/5,3/20],
[1,1,1,1,1,1,1,1,1,1],5,20,3,[1,-1,0,0,0,0,0,0,0,0]],
[[[1,1,1,1,1,1,1,1,1,1],
[1,-1,-1,1,1,-1,-1,1,1,-1],
[1,-1,-E(5)^2,E(5)^3,E(5),-E(5)^4,-E(5),E(5)^4,E(5)^2,-E(5)^3],
[1,1,E(5)^3,E(5)^2,E(5)^4,E(5),E(5)^4,E(5),E(5)^3,E(5)^2],
[1,1,E(5),E(5)^4,E(5)^3,E(5)^2,E(5)^3,E(5)^2,E(5),E(5)^4],
[1,-1,-E(5)^4,E(5),E(5)^2,-E(5)^3,-E(5)^2,E(5)^3,E(5)^4,-E(5)],
[1,-1,-E(5),E(5)^4,E(5)^3,-E(5)^2,-E(5)^3,E(5)^2,E(5),-E(5)^4],
[1,1,E(5)^4,E(5),E(5)^2,E(5)^3,E(5)^2,E(5)^3,E(5)^4,E(5)],
[1,1,E(5)^2,E(5)^3,E(5),E(5)^4,E(5),E(5)^4,E(5)^2,E(5)^3],
[1,-1,-E(5)^3,E(5)^2,E(5)^4,-E(5),-E(5)^4,E(5),E(5)^3,-E(5)^2]],
[0,-1/4,-9/20,-1/5,1/5,-1/20,-1/20,1/5,-1/5,-9/20],
[1,1,1,1,1,1,1,1,1,1],5,20,-1,[1,-1,0,0,0,0,0,0,0,0]],
[[[1,1,1,1,1,1,1,1,1,1],
[1,-1,-1,1,1,-1,-1,1,1,-1],
[1,-1,-E(5),E(5)^4,E(5)^3,-E(5)^2,-E(5)^3,E(5)^2,E(5),-E(5)^4],
[1,1,E(5)^4,E(5),E(5)^2,E(5)^3,E(5)^2,E(5)^3,E(5)^4,E(5)],
[1,1,E(5)^3,E(5)^2,E(5)^4,E(5),E(5)^4,E(5),E(5)^3,E(5)^2],
[1,-1,-E(5)^2,E(5)^3,E(5),-E(5)^4,-E(5),E(5)^4,E(5)^2,-E(5)^3],
[1,-1,-E(5)^3,E(5)^2,E(5)^4,-E(5),-E(5)^4,E(5),E(5)^3,-E(5)^2],
[1,1,E(5)^2,E(5)^3,E(5),E(5)^4,E(5),E(5)^4,E(5)^2,E(5)^3],
[1,1,E(5),E(5)^4,E(5)^3,E(5)^2,E(5)^3,E(5)^2,E(5),E(5)^4],
[1,-1,-E(5)^4,E(5),E(5)^2,-E(5)^3,-E(5)^2,E(5)^3,E(5)^4,-E(5)]],
[0,1/4,-7/20,2/5,-2/5,-3/20,-3/20,-2/5,2/5,-7/20],
[1,1,1,1,1,1,1,1,1,1],5,20,-3,[1,-1,0,0,0,0,0,0,0,0]]]

#C11
#2
[[[[1,1,1,1,1,1,1,1,1,1,1],
[1,E(11)^9,E(11)^4,E(11)^6,E(11)^8,E(11)^10,E(11),E(11)^3,E(11)^5,E(11)^7,E(11)^2],
[1,E(11)^4,E(11)^3,E(11)^10,E(11)^6,E(11)^2,E(11)^9,E(11)^5,E(11),E(11)^8,E(11)^7],
[1,E(11)^6,E(11)^10,E(11)^4,E(11)^9,E(11)^3,E(11)^8,E(11)^2,E(11)^7,E(11),E(11)^5],
[1,E(11)^8,E(11)^6,E(11)^9,E(11),E(11)^4,E(11)^7,E(11)^10,E(11)^2,E(11)^5,E(11)^3],
[1,E(11)^10,E(11)^2,E(11)^3,E(11)^4,E(11)^5,E(11)^6,E(11)^7,E(11)^8,E(11)^9,E(11)],
[1,E(11),E(11)^9,E(11)^8,E(11)^7,E(11)^6,E(11)^5,E(11)^4,E(11)^3,E(11)^2,E(11)^10],
[1,E(11)^3,E(11)^5,E(11)^2,E(11)^10,E(11)^7,E(11)^4,E(11),E(11)^9,E(11)^6,E(11)^8],
[1,E(11)^5,E(11),E(11)^7,E(11)^2,E(11)^8,E(11)^3,E(11)^9,E(11)^4,E(11)^10,E(11)^6],
[1,E(11)^7,E(11)^8,E(11),E(11)^5,E(11)^9,E(11)^2,E(11)^6,E(11)^10,E(11)^3,E(11)^4],
[1,E(11)^2,E(11)^7,E(11)^5,E(11)^3,E(11),E(11)^10,E(11)^8,E(11)^6,E(11)^4,E(11)^9]],
[0,1/11,4/11,-2/11,5/11,3/11,3/11,5/11,-2/11,4/11,1/11],
[1,1,1,1,1,1,1,1,1,1,1],11,11,2,[1,0,0,0,0,0,0,0,0,0,0]],
[[[1,1,1,1,1,1,1,1,1,1,1],
[1,E(11)^7,E(11)^8,E(11),E(11)^5,E(11)^9,E(11)^2,E(11)^6,E(11)^10,E(11)^3,E(11)^4],
[1,E(11)^8,E(11)^6,E(11)^9,E(11),E(11)^4,E(11)^7,E(11)^10,E(11)^2,E(11)^5,E(11)^3],
[1,E(11),E(11)^9,E(11)^8,E(11)^7,E(11)^6,E(11)^5,E(11)^4,E(11)^3,E(11)^2,E(11)^10],
[1,E(11)^5,E(11),E(11)^7,E(11)^2,E(11)^8,E(11)^3,E(11)^9,E(11)^4,E(11)^10,E(11)^6],
[1,E(11)^9,E(11)^4,E(11)^6,E(11)^8,E(11)^10,E(11),E(11)^3,E(11)^5,E(11)^7,E(11)^2],
[1,E(11)^2,E(11)^7,E(11)^5,E(11)^3,E(11),E(11)^10,E(11)^8,E(11)^6,E(11)^4,E(11)^9],
[1,E(11)^6,E(11)^10,E(11)^4,E(11)^9,E(11)^3,E(11)^8,E(11)^2,E(11)^7,E(11),E(11)^5],
[1,E(11)^10,E(11)^2,E(11)^3,E(11)^4,E(11)^5,E(11)^6,E(11)^7,E(11)^8,E(11)^9,E(11)],
[1,E(11)^3,E(11)^5,E(11)^2,E(11)^10,E(11)^7,E(11)^4,E(11),E(11)^9,E(11)^6,E(11)^8],
[1,E(11)^4,E(11)^3,E(11)^10,E(11)^6,E(11)^2,E(11)^9,E(11)^5,E(11),E(11)^8,E(11)^7]],
[0,2/11,-3/11,-4/11,-1/11,-5/11,-5/11,-1/11,-4/11,-3/11,2/11],
[1,1,1,1,1,1,1,1,1,1,1],11,11,-2,[1,0,0,0,0,0,0,0,0,0,0]]]

#C2xC6
#10
[[[[1,1,1,1,1,1,1,1,1,1,1,1],
[1,-1,-1,1,1,-1,-1,1,1,-1,-1,1],
[1,-1,1,-1,1,-1,1,-1,-1,1,-1,1],
[1,1,-1,-1,1,1,-1,-1,-1,-1,1,1],
[1,1,1,1,E(3),E(3)^2,E(3)^2,E(3),E(3)^2,E(3),E(3),E(3)^2],
[1,-1,-1,1,E(3)^2,-E(3),-E(3),E(3)^2,E(3),-E(3)^2,-E(3)^2,E(3)],
[1,-1,1,-1,E(3)^2,-E(3),E(3),-E(3)^2,-E(3),E(3)^2,-E(3)^2,E(3)],
[1,1,-1,-1,E(3),E(3)^2,-E(3)^2,-E(3),-E(3)^2,-E(3),E(3),E(3)^2],
[1,1,-1,-1,E(3)^2,E(3),-E(3),-E(3)^2,-E(3),-E(3)^2,E(3)^2,E(3)],
[1,-1,1,-1,E(3),-E(3)^2,E(3)^2,-E(3),-E(3)^2,E(3),-E(3),E(3)^2],
[1,-1,-1,1,E(3),-E(3)^2,-E(3)^2,E(3),E(3)^2,-E(3),-E(3),E(3)^2],
[1,1,1,1,E(3)^2,E(3),E(3),E(3)^2,E(3),E(3)^2,E(3)^2,E(3)]],
[0,-1/4,1/2,-1/4,1/3,1/12,-1/6,1/12,1/12,-1/6,1/12,1/3],
[1,1,1,1,1,1,1,1,1,1,1,1],3,12,0,[1,-1,1,-1,0,0,0,0,0,0,0,0]],
[[[1,1,1,1,1,1,1,1,1,1,1,1],
[1,-1,-1,1,1,-1,-1,1,1,-1,-1,1],
[1,-1,1,-1,1,-1,1,-1,-1,1,-1,1],
[1,1,-1,-1,1,1,-1,-1,-1,-1,1,1],
[1,1,1,1,E(3),E(3)^2,E(3)^2,E(3),E(3)^2,E(3),E(3),E(3)^2],
[1,-1,-1,1,E(3)^2,-E(3),-E(3),E(3)^2,E(3),-E(3)^2,-E(3)^2,E(3)],
[1,-1,1,-1,E(3)^2,-E(3),E(3),-E(3)^2,-E(3),E(3)^2,-E(3)^2,E(3)],
[1,1,-1,-1,E(3),E(3)^2,-E(3)^2,-E(3),-E(3)^2,-E(3),E(3),E(3)^2],
[1,1,-1,-1,E(3)^2,E(3),-E(3),-E(3)^2,-E(3),-E(3)^2,E(3)^2,E(3)],
[1,-1,1,-1,E(3),-E(3)^2,E(3)^2,-E(3),-E(3)^2,E(3),-E(3),E(3)^2],
[1,-1,-1,1,E(3),-E(3)^2,-E(3)^2,E(3),E(3)^2,-E(3),-E(3),E(3)^2],
[1,1,1,1,E(3)^2,E(3),E(3),E(3)^2,E(3),E(3)^2,E(3)^2,E(3)]],
[0,-1/4,0,1/4,1/3,1/12,1/3,-5/12,-5/12,1/3,1/12,1/3],
[1,1,1,1,1,1,1,1,1,1,1,1],3,12,2,[1,-1,1,-1,0,0,0,0,0,0,0,0]],
[[[1,1,1,1,1,1,1,1,1,1,1,1],
[1,1,-1,-1,1,1,-1,-1,-1,-1,1,1],
[1,-1,1,-1,1,-1,1,-1,-1,1,-1,1],
[1,-1,-1,1,1,-1,-1,1,1,-1,-1,1],
[1,1,1,1,E(3),E(3)^2,E(3)^2,E(3),E(3)^2,E(3),E(3),E(3)^2],
[1,1,-1,-1,E(3)^2,E(3),-E(3),-E(3)^2,-E(3),-E(3)^2,E(3)^2,E(3)],
[1,-1,1,-1,E(3)^2,-E(3),E(3),-E(3)^2,-E(3),E(3)^2,-E(3)^2,E(3)],
[1,-1,-1,1,E(3),-E(3)^2,-E(3)^2,E(3),E(3)^2,-E(3),-E(3),E(3)^2],
[1,-1,-1,1,E(3)^2,-E(3),-E(3),E(3)^2,E(3),-E(3)^2,-E(3)^2,E(3)],
[1,-1,1,-1,E(3),-E(3)^2,E(3)^2,-E(3),-E(3)^2,E(3),-E(3),E(3)^2],
[1,1,-1,-1,E(3),E(3)^2,-E(3)^2,-E(3),-E(3)^2,-E(3),E(3),E(3)^2],
[1,1,1,1,E(3)^2,E(3),E(3),E(3)^2,E(3),E(3)^2,E(3)^2,E(3)]],
[0,0,1/2,0,1/3,1/3,-1/6,1/3,1/3,-1/6,1/3,1/3],
[1,1,1,1,1,1,1,1,1,1,1,1],3,6,2,[1,1,1,1,0,0,0,0,0,0,0,0]],
[[[1,1,1,1,1,1,1,1,1,1,1,1],
[1,-1,-1,1,1,-1,-1,1,1,-1,-1,1],
[1,-1,1,-1,1,-1,1,-1,-1,1,-1,1],
[1,1,-1,-1,1,1,-1,-1,-1,-1,1,1],
[1,1,1,1,E(3),E(3)^2,E(3)^2,E(3),E(3)^2,E(3),E(3),E(3)^2],
[1,-1,-1,1,E(3)^2,-E(3),-E(3),E(3)^2,E(3),-E(3)^2,-E(3)^2,E(3)],
[1,-1,1,-1,E(3)^2,-E(3),E(3),-E(3)^2,-E(3),E(3)^2,-E(3)^2,E(3)],
[1,1,-1,-1,E(3),E(3)^2,-E(3)^2,-E(3),-E(3)^2,-E(3),E(3),E(3)^2],
[1,1,-1,-1,E(3)^2,E(3),-E(3),-E(3)^2,-E(3),-E(3)^2,E(3)^2,E(3)],
[1,-1,1,-1,E(3),-E(3)^2,E(3)^2,-E(3),-E(3)^2,E(3),-E(3),E(3)^2],
[1,-1,-1,1,E(3),-E(3)^2,-E(3)^2,E(3),E(3)^2,-E(3),-E(3),E(3)^2],
[1,1,1,1,E(3)^2,E(3),E(3),E(3)^2,E(3),E(3)^2,E(3)^2,E(3)]],
[0,1/4,1/2,1/4,1/3,-5/12,-1/6,-5/12,-5/12,-1/6,-5/12,1/3],
[1,1,1,1,1,1,1,1,1,1,1,1],3,12,4,[1,-1,1,-1,0,0,0,0,0,0,0,0]],
[[[1,1,1,1,1,1,1,1,1,1,1,1],
[1,1,-1,-1,1,1,-1,-1,-1,-1,1,1],
[1,-1,1,-1,1,-1,1,-1,-1,1,-1,1],
[1,-1,-1,1,1,-1,-1,1,1,-1,-1,1],
[1,1,1,1,E(3),E(3)^2,E(3)^2,E(3),E(3)^2,E(3),E(3),E(3)^2],
[1,1,-1,-1,E(3)^2,E(3),-E(3),-E(3)^2,-E(3),-E(3)^2,E(3)^2,E(3)],
[1,-1,1,-1,E(3)^2,-E(3),E(3),-E(3)^2,-E(3),E(3)^2,-E(3)^2,E(3)],
[1,-1,-1,1,E(3),-E(3)^2,-E(3)^2,E(3),E(3)^2,-E(3),-E(3),E(3)^2],
[1,-1,-1,1,E(3)^2,-E(3),-E(3),E(3)^2,E(3),-E(3)^2,-E(3)^2,E(3)],
[1,-1,1,-1,E(3),-E(3)^2,E(3)^2,-E(3),-E(3)^2,E(3),-E(3),E(3)^2],
[1,1,-1,-1,E(3),E(3)^2,-E(3)^2,-E(3),-E(3)^2,-E(3),E(3),E(3)^2],
[1,1,1,1,E(3)^2,E(3),E(3),E(3)^2,E(3),E(3)^2,E(3)^2,E(3)]],
[0,1/2,1/2,1/2,1/3,-1/6,-1/6,-1/6,-1/6,-1/6,-1/6,1/3],
[1,1,1,1,1,1,1,1,1,1,1,1],3,6,-2,[1,1,1,1,0,0,0,0,0,0,0,0]],
[[[1,1,1,1,1,1,1,1,1,1,1,1],
[1,1,-1,-1,1,1,-1,-1,-1,-1,1,1],
[1,-1,1,-1,1,-1,1,-1,-1,1,-1,1],
[1,-1,-1,1,1,-1,-1,1,1,-1,-1,1],
[1,1,1,1,E(3)^2,E(3),E(3),E(3)^2,E(3),E(3)^2,E(3)^2,E(3)],
[1,1,-1,-1,E(3),E(3)^2,-E(3)^2,-E(3),-E(3)^2,-E(3),E(3),E(3)^2],
[1,-1,1,-1,E(3),-E(3)^2,E(3)^2,-E(3),-E(3)^2,E(3),-E(3),E(3)^2],
[1,-1,-1,1,E(3)^2,-E(3),-E(3),E(3)^2,E(3),-E(3)^2,-E(3)^2,E(3)],
[1,-1,-1,1,E(3),-E(3)^2,-E(3)^2,E(3),E(3)^2,-E(3),-E(3),E(3)^2],
[1,-1,1,-1,E(3)^2,-E(3),E(3),-E(3)^2,-E(3),E(3)^2,-E(3)^2,E(3)],
[1,1,-1,-1,E(3)^2,E(3),-E(3),-E(3)^2,-E(3),-E(3)^2,E(3)^2,E(3)],
[1,1,1,1,E(3),E(3)^2,E(3)^2,E(3),E(3)^2,E(3),E(3),E(3)^2]],
[0,1/2,0,0,-1/3,1/6,-1/3,-1/3,-1/3,-1/3,1/6,-1/3],
[1,1,1,1,1,1,1,1,1,1,1,1],3,6,-2,[1,1,1,1,0,0,0,0,0,0,0,0]],
[[[1,1,1,1,1,1,1,1,1,1,1,1],
[1,1,-1,-1,1,1,-1,-1,-1,-1,1,1],
[1,-1,-1,1,1,-1,-1,1,1,-1,-1,1],
[1,-1,1,-1,1,-1,1,-1,-1,1,-1,1],
[1,1,1,1,E(3)^2,E(3),E(3),E(3)^2,E(3),E(3)^2,E(3)^2,E(3)],
[1,1,-1,-1,E(3),E(3)^2,-E(3)^2,-E(3),-E(3)^2,-E(3),E(3),E(3)^2],
[1,-1,-1,1,E(3),-E(3)^2,-E(3)^2,E(3),E(3)^2,-E(3),-E(3),E(3)^2],
[1,-1,1,-1,E(3)^2,-E(3),E(3),-E(3)^2,-E(3),E(3)^2,-E(3)^2,E(3)],
[1,-1,1,-1,E(3),-E(3)^2,E(3)^2,-E(3),-E(3)^2,E(3),-E(3),E(3)^2],
[1,-1,-1,1,E(3)^2,-E(3),-E(3),E(3)^2,E(3),-E(3)^2,-E(3)^2,E(3)],
[1,1,-1,-1,E(3)^2,E(3),-E(3),-E(3)^2,-E(3),-E(3)^2,E(3)^2,E(3)],
[1,1,1,1,E(3),E(3)^2,E(3)^2,E(3),E(3)^2,E(3),E(3),E(3)^2]],
[0,1/2,1/4,1/4,-1/3,1/6,-1/12,-1/12,-1/12,-1/12,1/6,-1/3],
[1,1,1,1,1,1,1,1,1,1,1,1],3,12,0,[1,1,-1,-1,0,0,0,0,0,0,0,0]],
[[[1,1,1,1,1,1,1,1,1,1,1,1],
[1,1,-1,-1,1,1,-1,-1,-1,-1,1,1],
[1,-1,1,-1,1,-1,1,-1,-1,1,-1,1],
[1,-1,-1,1,1,-1,-1,1,1,-1,-1,1],
[1,1,1,1,E(3)^2,E(3),E(3),E(3)^2,E(3),E(3)^2,E(3)^2,E(3)],
[1,1,-1,-1,E(3),E(3)^2,-E(3)^2,-E(3),-E(3)^2,-E(3),E(3),E(3)^2],
[1,-1,1,-1,E(3),-E(3)^2,E(3)^2,-E(3),-E(3)^2,E(3),-E(3),E(3)^2],
[1,-1,-1,1,E(3)^2,-E(3),-E(3),E(3)^2,E(3),-E(3)^2,-E(3)^2,E(3)],
[1,-1,-1,1,E(3),-E(3)^2,-E(3)^2,E(3),E(3)^2,-E(3),-E(3),E(3)^2],
[1,-1,1,-1,E(3)^2,-E(3),E(3),-E(3)^2,-E(3),E(3)^2,-E(3)^2,E(3)],
[1,1,-1,-1,E(3)^2,E(3),-E(3),-E(3)^2,-E(3),-E(3)^2,E(3)^2,E(3)],
[1,1,1,1,E(3),E(3)^2,E(3)^2,E(3),E(3)^2,E(3),E(3),E(3)^2]],
[0,1/2,1/2,1/2,-1/3,1/6,1/6,1/6,1/6,1/6,1/6,-1/3],
[1,1,1,1,1,1,1,1,1,1,1,1],3,6,2,[1,1,1,1,0,0,0,0,0,0,0,0]],
[[[1,1,1,1,1,1,1,1,1,1,1,1],
[1,1,-1,-1,1,1,-1,-1,-1,-1,1,1],
[1,-1,-1,1,1,-1,-1,1,1,-1,-1,1],
[1,-1,1,-1,1,-1,1,-1,-1,1,-1,1],
[1,1,1,1,E(3)^2,E(3),E(3),E(3)^2,E(3),E(3)^2,E(3)^2,E(3)],
[1,1,-1,-1,E(3),E(3)^2,-E(3)^2,-E(3),-E(3)^2,-E(3),E(3),E(3)^2],
[1,-1,-1,1,E(3),-E(3)^2,-E(3)^2,E(3),E(3)^2,-E(3),-E(3),E(3)^2],
[1,-1,1,-1,E(3)^2,-E(3),E(3),-E(3)^2,-E(3),E(3)^2,-E(3)^2,E(3)],
[1,-1,1,-1,E(3),-E(3)^2,E(3)^2,-E(3),-E(3)^2,E(3),-E(3),E(3)^2],
[1,-1,-1,1,E(3)^2,-E(3),-E(3),E(3)^2,E(3),-E(3)^2,-E(3)^2,E(3)],
[1,1,-1,-1,E(3)^2,E(3),-E(3),-E(3)^2,-E(3),-E(3)^2,E(3)^2,E(3)],
[1,1,1,1,E(3),E(3)^2,E(3)^2,E(3),E(3)^2,E(3),E(3),E(3)^2]],
[0,1/2,-1/4,-1/4,-1/3,1/6,5/12,5/12,5/12,5/12,1/6,-1/3],
[1,1,1,1,1,1,1,1,1,1,1,1],3,12,4,[1,1,-1,-1,0,0,0,0,0,0,0,0]],
[[[1,1,1,1,1,1,1,1,1,1,1,1],
[1,-1,-1,1,1,-1,-1,1,1,-1,-1,1],
[1,-1,1,-1,1,-1,1,-1,-1,1,-1,1],
[1,1,-1,-1,1,1,-1,-1,-1,-1,1,1],
[1,1,1,1,E(3)^2,E(3),E(3),E(3)^2,E(3),E(3)^2,E(3)^2,E(3)],
[1,-1,-1,1,E(3),-E(3)^2,-E(3)^2,E(3),E(3)^2,-E(3),-E(3),E(3)^2],
[1,-1,1,-1,E(3),-E(3)^2,E(3)^2,-E(3),-E(3)^2,E(3),-E(3),E(3)^2],
[1,1,-1,-1,E(3)^2,E(3),-E(3),-E(3)^2,-E(3),-E(3)^2,E(3)^2,E(3)],
[1,1,-1,-1,E(3),E(3)^2,-E(3)^2,-E(3),-E(3)^2,-E(3),E(3),E(3)^2],
[1,-1,1,-1,E(3)^2,-E(3),E(3),-E(3)^2,-E(3),E(3)^2,-E(3)^2,E(3)],
[1,-1,-1,1,E(3)^2,-E(3),-E(3),E(3)^2,E(3),-E(3)^2,-E(3)^2,E(3)],
[1,1,1,1,E(3),E(3)^2,E(3)^2,E(3),E(3)^2,E(3),E(3),E(3)^2]],
[0,-1/4,0,1/4,-1/3,5/12,-1/3,-1/12,-1/12,-1/3,5/12,-1/3],
[1,1,1,1,1,1,1,1,1,1,1,1],3,12,-2,[1,-1,1,-1,0,0,0,0,0,0,0,0]]]

#C12
#8
[[[[1,1,1,1,1,1,1,1,1,1,1,1],
[1,1,-1,1,1,-1,-1,-1,-1,1,1,-1],
[1,-1,-E(4),1,-1,E(4),E(4),-E(4),-E(4),-1,1,E(4)],
[1,1,1,E(3),E(3)^2,E(3)^2,E(3),E(3)^2,E(3),E(3),E(3)^2,1],
[1,1,-1,E(3)^2,E(3),-E(3),-E(3)^2,-E(3),-E(3)^2,E(3)^2,E(3),-1],
[1,-1,E(4),E(3)^2,-E(3),-E(12)^7,-E(12)^11,E(12)^7,E(12)^11,-E(3)^2,E(3),-E(4)],
[1,-1,E(4),E(3),-E(3)^2,-E(12)^11,-E(12)^7,E(12)^11,E(12)^7,-E(3),E(3)^2,-E(4)],
[1,-1,-E(4),E(3)^2,-E(3),E(12)^7,E(12)^11,-E(12)^7,-E(12)^11,-E(3)^2,E(3),E(4)],
[1,-1,-E(4),E(3),-E(3)^2,E(12)^11,E(12)^7,-E(12)^11,-E(12)^7,-E(3),E(3)^2,E(4)],
[1,1,-1,E(3),E(3)^2,-E(3)^2,-E(3),-E(3)^2,-E(3),E(3),E(3)^2,-1],
[1,1,1,E(3)^2,E(3),E(3),E(3)^2,E(3),E(3)^2,E(3)^2,E(3),1],
[1,-1,E(4),1,-1,-E(4),-E(4),E(4),E(4),-1,1,-E(4)]],
[0,1/2,1/8,1/3,-1/6,11/24,11/24,11/24,11/24,-1/6,1/3,1/8],
[1,1,1,1,1,1,1,1,1,1,1,1],12,24,3,[1,1,0,0,0,0,0,0,0,0,0,0]],
[[[1,1,1,1,1,1,1,1,1,1,1,1],
[1,1,-1,1,1,-1,-1,-1,-1,1,1,-1],
[1,-1,-E(4),1,-1,E(4),E(4),-E(4),-E(4),-1,1,E(4)],
[1,1,1,E(3)^2,E(3),E(3),E(3)^2,E(3),E(3)^2,E(3)^2,E(3),1],
[1,1,-1,E(3),E(3)^2,-E(3)^2,-E(3),-E(3)^2,-E(3),E(3),E(3)^2,-1],
[1,-1,E(4),E(3),-E(3)^2,-E(12)^11,-E(12)^7,E(12)^11,E(12)^7,-E(3),E(3)^2,-E(4)],
[1,-1,E(4),E(3)^2,-E(3),-E(12)^7,-E(12)^11,E(12)^7,E(12)^11,-E(3)^2,E(3),-E(4)],
[1,-1,-E(4),E(3),-E(3)^2,E(12)^11,E(12)^7,-E(12)^11,-E(12)^7,-E(3),E(3)^2,E(4)],
[1,-1,-E(4),E(3)^2,-E(3),E(12)^7,E(12)^11,-E(12)^7,-E(12)^11,-E(3)^2,E(3),E(4)],
[1,1,-1,E(3)^2,E(3),-E(3),-E(3)^2,-E(3),-E(3)^2,E(3)^2,E(3),-1],
[1,1,1,E(3),E(3)^2,E(3)^2,E(3),E(3)^2,E(3),E(3),E(3)^2,1],
[1,-1,E(4),1,-1,-E(4),-E(4),E(4),E(4),-1,1,-E(4)]],
[0,1/2,1/8,-1/3,1/6,-5/24,-5/24,-5/24,-5/24,1/6,-1/3,1/8],
[1,1,1,1,1,1,1,1,1,1,1,1],12,24,-1,[1,1,0,0,0,0,0,0,0,0,0,0]],
[[[1,1,1,1,1,1,1,1,1,1,1,1],
[1,1,-1,1,1,-1,-1,-1,-1,1,1,-1],
[1,-1,E(4),1,-1,-E(4),-E(4),E(4),E(4),-1,1,-E(4)],
[1,1,1,E(3),E(3)^2,E(3)^2,E(3),E(3)^2,E(3),E(3),E(3)^2,1],
[1,1,-1,E(3)^2,E(3),-E(3),-E(3)^2,-E(3),-E(3)^2,E(3)^2,E(3),-1],
[1,-1,-E(4),E(3)^2,-E(3),E(12)^7,E(12)^11,-E(12)^7,-E(12)^11,-E(3)^2,E(3),E(4)],
[1,-1,-E(4),E(3),-E(3)^2,E(12)^11,E(12)^7,-E(12)^11,-E(12)^7,-E(3),E(3)^2,E(4)],
[1,-1,E(4),E(3)^2,-E(3),-E(12)^7,-E(12)^11,E(12)^7,E(12)^11,-E(3)^2,E(3),-E(4)],
[1,-1,E(4),E(3),-E(3)^2,-E(12)^11,-E(12)^7,E(12)^11,E(12)^7,-E(3),E(3)^2,-E(4)],
[1,1,-1,E(3),E(3)^2,-E(3)^2,-E(3),-E(3)^2,-E(3),E(3),E(3)^2,-1],
[1,1,1,E(3)^2,E(3),E(3),E(3)^2,E(3),E(3)^2,E(3)^2,E(3),1],
[1,-1,-E(4),1,-1,E(4),E(4),-E(4),-E(4),-1,1,E(4)]],
[0,1/2,3/8,1/3,-1/6,-7/24,-7/24,-7/24,-7/24,-1/6,1/3,3/8],
[1,1,1,1,1,1,1,1,1,1,1,1],12,24,-3,[1,1,0,0,0,0,0,0,0,0,0,0]],
[[[1,1,1,1,1,1,1,1,1,1,1,1],
[1,1,-1,1,1,-1,-1,-1,-1,1,1,-1],
[1,-1,E(4),1,-1,-E(4),-E(4),E(4),E(4),-1,1,-E(4)],
[1,1,1,E(3)^2,E(3),E(3),E(3)^2,E(3),E(3)^2,E(3)^2,E(3),1],
[1,1,-1,E(3),E(3)^2,-E(3)^2,-E(3),-E(3)^2,-E(3),E(3),E(3)^2,-1],
[1,-1,-E(4),E(3),-E(3)^2,E(12)^11,E(12)^7,-E(12)^11,-E(12)^7,-E(3),E(3)^2,E(4)],
[1,-1,-E(4),E(3)^2,-E(3),E(12)^7,E(12)^11,-E(12)^7,-E(12)^11,-E(3)^2,E(3),E(4)],
[1,-1,E(4),E(3),-E(3)^2,-E(12)^11,-E(12)^7,E(12)^11,E(12)^7,-E(3),E(3)^2,-E(4)],
[1,-1,E(4),E(3)^2,-E(3),-E(12)^7,-E(12)^11,E(12)^7,E(12)^11,-E(3)^2,E(3),-E(4)],
[1,1,-1,E(3)^2,E(3),-E(3),-E(3)^2,-E(3),-E(3)^2,E(3)^2,E(3),-1],
[1,1,1,E(3),E(3)^2,E(3)^2,E(3),E(3)^2,E(3),E(3),E(3)^2,1],
[1,-1,-E(4),1,-1,E(4),E(4),-E(4),-E(4),-1,1,E(4)]],
[0,1/2,3/8,-1/3,1/6,1/24,1/24,1/24,1/24,1/6,-1/3,3/8],
[1,1,1,1,1,1,1,1,1,1,1,1],12,24,1,[1,1,0,0,0,0,0,0,0,0,0,0]],
[[[1,1,1,1,1,1,1,1,1,1,1,1],
[1,1,-1,1,1,-1,-1,-1,-1,1,1,-1],
[1,-1,-E(4),1,-1,E(4),E(4),-E(4),-E(4),-1,1,E(4)],
[1,1,1,E(3),E(3)^2,E(3)^2,E(3),E(3)^2,E(3),E(3),E(3)^2,1],
[1,1,-1,E(3)^2,E(3),-E(3),-E(3)^2,-E(3),-E(3)^2,E(3)^2,E(3),-1],
[1,-1,E(4),E(3)^2,-E(3),-E(12)^7,-E(12)^11,E(12)^7,E(12)^11,-E(3)^2,E(3),-E(4)],
[1,-1,E(4),E(3),-E(3)^2,-E(12)^11,-E(12)^7,E(12)^11,E(12)^7,-E(3),E(3)^2,-E(4)],
[1,-1,-E(4),E(3)^2,-E(3),E(12)^7,E(12)^11,-E(12)^7,-E(12)^11,-E(3)^2,E(3),E(4)],
[1,-1,-E(4),E(3),-E(3)^2,E(12)^11,E(12)^7,-E(12)^11,-E(12)^7,-E(3),E(3)^2,E(4)],
[1,1,-1,E(3),E(3)^2,-E(3)^2,-E(3),-E(3)^2,-E(3),E(3),E(3)^2,-1],
[1,1,1,E(3)^2,E(3),E(3),E(3)^2,E(3),E(3)^2,E(3)^2,E(3),1],
[1,-1,E(4),1,-1,-E(4),-E(4),E(4),E(4),-1,1,-E(4)]],
[0,1/2,-3/8,1/3,-1/6,-1/24,-1/24,-1/24,-1/24,-1/6,1/3,-3/8],
[1,1,1,1,1,1,1,1,1,1,1,1],12,24,-1,[1,1,0,0,0,0,0,0,0,0,0,0]],
[[[1,1,1,1,1,1,1,1,1,1,1,1],
[1,1,-1,1,1,-1,-1,-1,-1,1,1,-1],
[1,-1,-E(4),1,-1,E(4),E(4),-E(4),-E(4),-1,1,E(4)],
[1,1,1,E(3)^2,E(3),E(3),E(3)^2,E(3),E(3)^2,E(3)^2,E(3),1],
[1,1,-1,E(3),E(3)^2,-E(3)^2,-E(3),-E(3)^2,-E(3),E(3),E(3)^2,-1],
[1,-1,E(4),E(3),-E(3)^2,-E(12)^11,-E(12)^7,E(12)^11,E(12)^7,-E(3),E(3)^2,-E(4)],
[1,-1,E(4),E(3)^2,-E(3),-E(12)^7,-E(12)^11,E(12)^7,E(12)^11,-E(3)^2,E(3),-E(4)],
[1,-1,-E(4),E(3),-E(3)^2,E(12)^11,E(12)^7,-E(12)^11,-E(12)^7,-E(3),E(3)^2,E(4)],
[1,-1,-E(4),E(3)^2,-E(3),E(12)^7,E(12)^11,-E(12)^7,-E(12)^11,-E(3)^2,E(3),E(4)],
[1,1,-1,E(3)^2,E(3),-E(3),-E(3)^2,-E(3),-E(3)^2,E(3)^2,E(3),-1],
[1,1,1,E(3),E(3)^2,E(3)^2,E(3),E(3)^2,E(3),E(3),E(3)^2,1],
[1,-1,E(4),1,-1,-E(4),-E(4),E(4),E(4),-1,1,-E(4)]],
[0,1/2,-3/8,-1/3,1/6,7/24,7/24,7/24,7/24,1/6,-1/3,-3/8],
[1,1,1,1,1,1,1,1,1,1,1,1],12,24,3,[1,1,0,0,0,0,0,0,0,0,0,0]],
[[[1,1,1,1,1,1,1,1,1,1,1,1],
[1,1,-1,1,1,-1,-1,-1,-1,1,1,-1],
[1,-1,E(4),1,-1,-E(4),-E(4),E(4),E(4),-1,1,-E(4)],
[1,1,1,E(3),E(3)^2,E(3)^2,E(3),E(3)^2,E(3),E(3),E(3)^2,1],
[1,1,-1,E(3)^2,E(3),-E(3),-E(3)^2,-E(3),-E(3)^2,E(3)^2,E(3),-1],
[1,-1,-E(4),E(3)^2,-E(3),E(12)^7,E(12)^11,-E(12)^7,-E(12)^11,-E(3)^2,E(3),E(4)],
[1,-1,-E(4),E(3),-E(3)^2,E(12)^11,E(12)^7,-E(12)^11,-E(12)^7,-E(3),E(3)^2,E(4)],
[1,-1,E(4),E(3)^2,-E(3),-E(12)^7,-E(12)^11,E(12)^7,E(12)^11,-E(3)^2,E(3),-E(4)],
[1,-1,E(4),E(3),-E(3)^2,-E(12)^11,-E(12)^7,E(12)^11,E(12)^7,-E(3),E(3)^2,-E(4)],
[1,1,-1,E(3),E(3)^2,-E(3)^2,-E(3),-E(3)^2,-E(3),E(3),E(3)^2,-1],
[1,1,1,E(3)^2,E(3),E(3),E(3)^2,E(3),E(3)^2,E(3)^2,E(3),1],
[1,-1,-E(4),1,-1,E(4),E(4),-E(4),-E(4),-1,1,E(4)]],
[0,1/2,-1/8,1/3,-1/6,5/24,5/24,5/24,5/24,-1/6,1/3,-1/8],
[1,1,1,1,1,1,1,1,1,1,1,1],12,24,1,[1,1,0,0,0,0,0,0,0,0,0,0]],
[[[1,1,1,1,1,1,1,1,1,1,1,1],
[1,1,-1,1,1,-1,-1,-1,-1,1,1,-1],
[1,-1,E(4),1,-1,-E(4),-E(4),E(4),E(4),-1,1,-E(4)],
[1,1,1,E(3)^2,E(3),E(3),E(3)^2,E(3),E(3)^2,E(3)^2,E(3),1],
[1,1,-1,E(3),E(3)^2,-E(3)^2,-E(3),-E(3)^2,-E(3),E(3),E(3)^2,-1],
[1,-1,-E(4),E(3),-E(3)^2,E(12)^11,E(12)^7,-E(12)^11,-E(12)^7,-E(3),E(3)^2,E(4)],
[1,-1,-E(4),E(3)^2,-E(3),E(12)^7,E(12)^11,-E(12)^7,-E(12)^11,-E(3)^2,E(3),E(4)],
[1,-1,E(4),E(3),-E(3)^2,-E(12)^11,-E(12)^7,E(12)^11,E(12)^7,-E(3),E(3)^2,-E(4)],
[1,-1,E(4),E(3)^2,-E(3),-E(12)^7,-E(12)^11,E(12)^7,E(12)^11,-E(3)^2,E(3),-E(4)],
[1,1,-1,E(3)^2,E(3),-E(3),-E(3)^2,-E(3),-E(3)^2,E(3)^2,E(3),-1],
[1,1,1,E(3),E(3)^2,E(3)^2,E(3),E(3)^2,E(3),E(3),E(3)^2,1],
[1,-1,-E(4),1,-1,E(4),E(4),-E(4),-E(4),-1,1,E(4)]],
[0,1/2,-1/8,-1/3,1/6,-11/24,-11/24,-11/24,-11/24,1/6,-1/3,-1/8],
[1,1,1,1,1,1,1,1,1,1,1,1],12,24,-3,[1,1,0,0,0,0,0,0,0,0,0,0]]]

#C13
#2
[[[[1,1,1,1,1,1,1,1,1,1,1,1,1],
[1,E(13)^11,E(13)^9,E(13)^7,E(13)^5,E(13)^3,E(13),E(13)^12,E(13)^10,E(13)^8,E(13)^6,E(13)^4,E(13)^2],
[1,E(13)^9,E(13)^5,E(13),E(13)^10,E(13)^6,E(13)^2,E(13)^11,E(13)^7,E(13)^3,E(13)^12,E(13)^8,E(13)^4],
[1,E(13)^7,E(13),E(13)^8,E(13)^2,E(13)^9,E(13)^3,E(13)^10,E(13)^4,E(13)^11,E(13)^5,E(13)^12,E(13)^6],
[1,E(13)^5,E(13)^10,E(13)^2,E(13)^7,E(13)^12,E(13)^4,E(13)^9,E(13),E(13)^6,E(13)^11,E(13)^3,E(13)^8],
[1,E(13)^3,E(13)^6,E(13)^9,E(13)^12,E(13)^2,E(13)^5,E(13)^8,E(13)^11,E(13),E(13)^4,E(13)^7,E(13)^10],
[1,E(13),E(13)^2,E(13)^3,E(13)^4,E(13)^5,E(13)^6,E(13)^7,E(13)^8,E(13)^9,E(13)^10,E(13)^11,E(13)^12],
[1,E(13)^12,E(13)^11,E(13)^10,E(13)^9,E(13)^8,E(13)^7,E(13)^6,E(13)^5,E(13)^4,E(13)^3,E(13)^2,E(13)],
[1,E(13)^10,E(13)^7,E(13)^4,E(13),E(13)^11,E(13)^8,E(13)^5,E(13)^2,E(13)^12,E(13)^9,E(13)^6,E(13)^3],
[1,E(13)^8,E(13)^3,E(13)^11,E(13)^6,E(13),E(13)^9,E(13)^4,E(13)^12,E(13)^7,E(13)^2,E(13)^10,E(13)^5],
[1,E(13)^6,E(13)^12,E(13)^5,E(13)^11,E(13)^4,E(13)^10,E(13)^3,E(13)^9,E(13)^2,E(13)^8,E(13),E(13)^7],
[1,E(13)^4,E(13)^8,E(13)^12,E(13)^3,E(13)^7,E(13)^11,E(13)^2,E(13)^6,E(13)^10,E(13),E(13)^5,E(13)^9],
[1,E(13)^2,E(13)^4,E(13)^6,E(13)^8,E(13)^10,E(13)^12,E(13),E(13)^3,E(13)^5,E(13)^7,E(13)^9,E(13)^11]],
[0,1/13,4/13,-4/13,3/13,-1/13,-3/13,-3/13,-1/13,3/13,-4/13,4/13,1/13],
[1,1,1,1,1,1,1,1,1,1,1,1,1],13,13,0,[1,0,0,0,0,0,0,0,0,0,0,0,0]],
[[[1,1,1,1,1,1,1,1,1,1,1,1,1],
[1,E(13)^9,E(13)^5,E(13),E(13)^10,E(13)^6,E(13)^2,E(13)^11,E(13)^7,E(13)^3,E(13)^12,E(13)^8,E(13)^4],
[1,E(13)^5,E(13)^10,E(13)^2,E(13)^7,E(13)^12,E(13)^4,E(13)^9,E(13),E(13)^6,E(13)^11,E(13)^3,E(13)^8],
[1,E(13),E(13)^2,E(13)^3,E(13)^4,E(13)^5,E(13)^6,E(13)^7,E(13)^8,E(13)^9,E(13)^10,E(13)^11,E(13)^12],
[1,E(13)^10,E(13)^7,E(13)^4,E(13),E(13)^11,E(13)^8,E(13)^5,E(13)^2,E(13)^12,E(13)^9,E(13)^6,E(13)^3],
[1,E(13)^6,E(13)^12,E(13)^5,E(13)^11,E(13)^4,E(13)^10,E(13)^3,E(13)^9,E(13)^2,E(13)^8,E(13),E(13)^7],
[1,E(13)^2,E(13)^4,E(13)^6,E(13)^8,E(13)^10,E(13)^12,E(13),E(13)^3,E(13)^5,E(13)^7,E(13)^9,E(13)^11],
[1,E(13)^11,E(13)^9,E(13)^7,E(13)^5,E(13)^3,E(13),E(13)^12,E(13)^10,E(13)^8,E(13)^6,E(13)^4,E(13)^2],
[1,E(13)^7,E(13),E(13)^8,E(13)^2,E(13)^9,E(13)^3,E(13)^10,E(13)^4,E(13)^11,E(13)^5,E(13)^12,E(13)^6],
[1,E(13)^3,E(13)^6,E(13)^9,E(13)^12,E(13)^2,E(13)^5,E(13)^8,E(13)^11,E(13),E(13)^4,E(13)^7,E(13)^10],
[1,E(13)^12,E(13)^11,E(13)^10,E(13)^9,E(13)^8,E(13)^7,E(13)^6,E(13)^5,E(13)^4,E(13)^3,E(13)^2,E(13)],
[1,E(13)^8,E(13)^3,E(13)^11,E(13)^6,E(13),E(13)^9,E(13)^4,E(13)^12,E(13)^7,E(13)^2,E(13)^10,E(13)^5],
[1,E(13)^4,E(13)^8,E(13)^12,E(13)^3,E(13)^7,E(13)^11,E(13)^2,E(13)^6,E(13)^10,E(13),E(13)^5,E(13)^9]],
[0,2/13,-5/13,5/13,6/13,-2/13,-6/13,-6/13,-2/13,6/13,5/13,-5/13,2/13],
[1,1,1,1,1,1,1,1,1,1,1,1,1],13,13,4,[1,0,0,0,0,0,0,0,0,0,0,0,0]]]

