- [1,1,1,1,1,1,1,1,1,1,1], 1 FR, 2 MD
    -- 1 MD with c=2, and arg:
         ---  [0, 1/11, 4/11, -2/11, 5/11, 3/11, 3/11, 5/11, -2/11, 4/11, 1/11]
    -- 1 MD with c=-2, and arg:
         ---  [0, 2/11, -3/11, -4/11, -1/11, -5/11, -5/11, -1/11, -4/11, -3/11, 2/11]
- [1,1,1,1,2,2,2,2,2,2,2], 1 FR, 8 MD
    -- 4 MD with c=1, and arg:
         ---  [0, 0, 0, 0, -7/16, -3/16, -3/16, 1/4, 5/16, 5/16, 1/16]
         ---  [0, 0, 0, 0, -7/16, -3/16, 1/16, 1/4, -7/16, 5/16, 1/16]
         ---  [0, 0, 0, 0, -7/16, 1/16, 1/16, 1/4, -7/16, -7/16, 1/16]
         ---  [0, 0, 0, 0, -3/16, 5/16, 5/16, 1/4, -3/16, -3/16, 5/16]
    -- 4 MD with c=-1, and arg:
         ---  [0, 0, 0, 0, -5/16, 7/16, 7/16, -1/4, -1/16, -1/16, 3/16]
         ---  [0, 0, 0, 0, -5/16, 7/16, -5/16, -1/4, 3/16, -1/16, 3/16]
         ---  [0, 0, 0, 0, -5/16, -5/16, -5/16, -1/4, 3/16, 3/16, 3/16]
         ---  [0, 0, 0, 0, -1/16, -1/16, -1/16, -1/4, 7/16, 7/16, 7/16]



F1=[
[[1,0,0,0,0,0,0,0,0,0,0],[0,1,0,0,0,0,0,0,0,0,0],[0,0,1,0,0,0,0,0,0,0,0],[0,0,0,1,0,0,0,0,0,0,0],[0,0,0,0,1,0,0,0,0,0,0],[0,0,0,0,0,1,0,0,0,0,0],[0,0,0,0,0,0,1,0,0,0,0],[0,0,0,0,0,0,0,1,0,0,0],[0,0,0,0,0,0,0,0,1,0,0],[0,0,0,0,0,0,0,0,0,1,0],[0,0,0,0,0,0,0,0,0,0,1]],
[[0,1,0,0,0,0,0,0,0,0,0],[0,0,0,0,0,0,0,0,0,1,0],[0,0,0,0,0,0,0,0,0,0,1],[0,0,1,0,0,0,0,0,0,0,0],[0,0,0,1,0,0,0,0,0,0,0],[0,0,0,0,1,0,0,0,0,0,0],[0,0,0,0,0,1,0,0,0,0,0],[0,0,0,0,0,0,1,0,0,0,0],[0,0,0,0,0,0,0,1,0,0,0],[0,0,0,0,0,0,0,0,1,0,0],[1,0,0,0,0,0,0,0,0,0,0]],
[[0,0,1,0,0,0,0,0,0,0,0],[0,0,0,0,0,0,0,0,0,0,1],[0,0,0,0,1,0,0,0,0,0,0],[0,0,0,0,0,1,0,0,0,0,0],[0,0,0,0,0,0,1,0,0,0,0],[0,0,0,0,0,0,0,1,0,0,0],[0,0,0,0,0,0,0,0,1,0,0],[0,0,0,0,0,0,0,0,0,1,0],[0,1,0,0,0,0,0,0,0,0,0],[1,0,0,0,0,0,0,0,0,0,0],[0,0,0,1,0,0,0,0,0,0,0]],
[[0,0,0,1,0,0,0,0,0,0,0],[0,0,1,0,0,0,0,0,0,0,0],[0,0,0,0,0,1,0,0,0,0,0],[0,0,0,0,0,0,1,0,0,0,0],[0,0,0,0,0,0,0,1,0,0,0],[0,0,0,0,0,0,0,0,1,0,0],[0,0,0,0,0,0,0,0,0,1,0],[0,1,0,0,0,0,0,0,0,0,0],[1,0,0,0,0,0,0,0,0,0,0],[0,0,0,0,0,0,0,0,0,0,1],[0,0,0,0,1,0,0,0,0,0,0]],
[[0,0,0,0,1,0,0,0,0,0,0],[0,0,0,1,0,0,0,0,0,0,0],[0,0,0,0,0,0,1,0,0,0,0],[0,0,0,0,0,0,0,1,0,0,0],[0,0,0,0,0,0,0,0,1,0,0],[0,0,0,0,0,0,0,0,0,1,0],[0,1,0,0,0,0,0,0,0,0,0],[1,0,0,0,0,0,0,0,0,0,0],[0,0,0,0,0,0,0,0,0,0,1],[0,0,1,0,0,0,0,0,0,0,0],[0,0,0,0,0,1,0,0,0,0,0]],
[[0,0,0,0,0,1,0,0,0,0,0],[0,0,0,0,1,0,0,0,0,0,0],[0,0,0,0,0,0,0,1,0,0,0],[0,0,0,0,0,0,0,0,1,0,0],[0,0,0,0,0,0,0,0,0,1,0],[0,1,0,0,0,0,0,0,0,0,0],[1,0,0,0,0,0,0,0,0,0,0],[0,0,0,0,0,0,0,0,0,0,1],[0,0,1,0,0,0,0,0,0,0,0],[0,0,0,1,0,0,0,0,0,0,0],[0,0,0,0,0,0,1,0,0,0,0]],
[[0,0,0,0,0,0,1,0,0,0,0],[0,0,0,0,0,1,0,0,0,0,0],[0,0,0,0,0,0,0,0,1,0,0],[0,0,0,0,0,0,0,0,0,1,0],[0,1,0,0,0,0,0,0,0,0,0],[1,0,0,0,0,0,0,0,0,0,0],[0,0,0,0,0,0,0,0,0,0,1],[0,0,1,0,0,0,0,0,0,0,0],[0,0,0,1,0,0,0,0,0,0,0],[0,0,0,0,1,0,0,0,0,0,0],[0,0,0,0,0,0,0,1,0,0,0]],
[[0,0,0,0,0,0,0,1,0,0,0],[0,0,0,0,0,0,1,0,0,0,0],[0,0,0,0,0,0,0,0,0,1,0],[0,1,0,0,0,0,0,0,0,0,0],[1,0,0,0,0,0,0,0,0,0,0],[0,0,0,0,0,0,0,0,0,0,1],[0,0,1,0,0,0,0,0,0,0,0],[0,0,0,1,0,0,0,0,0,0,0],[0,0,0,0,1,0,0,0,0,0,0],[0,0,0,0,0,1,0,0,0,0,0],[0,0,0,0,0,0,0,0,1,0,0]],
[[0,0,0,0,0,0,0,0,1,0,0],[0,0,0,0,0,0,0,1,0,0,0],[0,1,0,0,0,0,0,0,0,0,0],[1,0,0,0,0,0,0,0,0,0,0],[0,0,0,0,0,0,0,0,0,0,1],[0,0,1,0,0,0,0,0,0,0,0],[0,0,0,1,0,0,0,0,0,0,0],[0,0,0,0,1,0,0,0,0,0,0],[0,0,0,0,0,1,0,0,0,0,0],[0,0,0,0,0,0,1,0,0,0,0],[0,0,0,0,0,0,0,0,0,1,0]],
[[0,0,0,0,0,0,0,0,0,1,0],[0,0,0,0,0,0,0,0,1,0,0],[1,0,0,0,0,0,0,0,0,0,0],[0,0,0,0,0,0,0,0,0,0,1],[0,0,1,0,0,0,0,0,0,0,0],[0,0,0,1,0,0,0,0,0,0,0],[0,0,0,0,1,0,0,0,0,0,0],[0,0,0,0,0,1,0,0,0,0,0],[0,0,0,0,0,0,1,0,0,0,0],[0,0,0,0,0,0,0,1,0,0,0],[0,1,0,0,0,0,0,0,0,0,0]],
[[0,0,0,0,0,0,0,0,0,0,1],[1,0,0,0,0,0,0,0,0,0,0],[0,0,0,1,0,0,0,0,0,0,0],[0,0,0,0,1,0,0,0,0,0,0],[0,0,0,0,0,1,0,0,0,0,0],[0,0,0,0,0,0,1,0,0,0,0],[0,0,0,0,0,0,0,1,0,0,0],[0,0,0,0,0,0,0,0,1,0,0],[0,0,0,0,0,0,0,0,0,1,0],[0,1,0,0,0,0,0,0,0,0,0],[0,0,1,0,0,0,0,0,0,0,0]]
]

[[
  [[1, 1, 1, 1, 1, 1, 1, 1, 1, 1, 1],
   [1, E(11)^9, E(11)^4, E(11)^6, E(11)^8, E(11)^10, E(11), E(11)^3, E(11)^5, E(11)^7, E(11)^2],
   [1, E(11)^4, E(11)^3, E(11)^10, E(11)^6, E(11)^2, E(11)^9, E(11)^5, E(11), E(11)^8, E(11)^7],
   [1, E(11)^6, E(11)^10, E(11)^4, E(11)^9, E(11)^3, E(11)^8, E(11)^2, E(11)^7, E(11), E(11)^5],
   [1, E(11)^8, E(11)^6, E(11)^9, E(11), E(11)^4, E(11)^7, E(11)^10, E(11)^2, E(11)^5, E(11)^3],
   [1, E(11)^10, E(11)^2, E(11)^3, E(11)^4, E(11)^5, E(11)^6, E(11)^7, E(11)^8, E(11)^9, E(11)],
   [1, E(11), E(11)^9, E(11)^8, E(11)^7, E(11)^6, E(11)^5, E(11)^4, E(11)^3, E(11)^2, E(11)^10],
   [1, E(11)^3, E(11)^5, E(11)^2, E(11)^10, E(11)^7, E(11)^4, E(11), E(11)^9, E(11)^6, E(11)^8],
   [1, E(11)^5, E(11), E(11)^7, E(11)^2, E(11)^8, E(11)^3, E(11)^9, E(11)^4, E(11)^10, E(11)^6],
   [1, E(11)^7, E(11)^8, E(11), E(11)^5, E(11)^9, E(11)^2, E(11)^6, E(11)^10, E(11)^3, E(11)^4],
   [1, E(11)^2, E(11)^7, E(11)^5, E(11)^3, E(11), E(11)^10, E(11)^8, E(11)^6, E(11)^4, E(11)^9]],
  [0, 1/11, 4/11, -2/11, 5/11, 3/11, 3/11, 5/11, -2/11, 4/11, 1/11],
  [1, 1, 1, 1, 1, 1, 1, 1, 1, 1, 1], 11, 11, 2, [1, 0, 0, 0, 0, 0, 0, 0, 0, 0, 0]
],[
  [[1, 1, 1, 1, 1, 1, 1, 1, 1, 1, 1],
   [1, E(11)^7, E(11)^8, E(11), E(11)^5, E(11)^9, E(11)^2, E(11)^6, E(11)^10, E(11)^3, E(11)^4],
   [1, E(11)^8, E(11)^6, E(11)^9, E(11), E(11)^4, E(11)^7, E(11)^10, E(11)^2, E(11)^5, E(11)^3],
   [1, E(11), E(11)^9, E(11)^8, E(11)^7, E(11)^6, E(11)^5, E(11)^4, E(11)^3, E(11)^2, E(11)^10],
   [1, E(11)^5, E(11), E(11)^7, E(11)^2, E(11)^8, E(11)^3, E(11)^9, E(11)^4, E(11)^10, E(11)^6],
   [1, E(11)^9, E(11)^4, E(11)^6, E(11)^8, E(11)^10, E(11), E(11)^3, E(11)^5, E(11)^7, E(11)^2],
   [1, E(11)^2, E(11)^7, E(11)^5, E(11)^3, E(11), E(11)^10, E(11)^8, E(11)^6, E(11)^4, E(11)^9],
   [1, E(11)^6, E(11)^10, E(11)^4, E(11)^9, E(11)^3, E(11)^8, E(11)^2, E(11)^7, E(11), E(11)^5],
   [1, E(11)^10, E(11)^2, E(11)^3, E(11)^4, E(11)^5, E(11)^6, E(11)^7, E(11)^8, E(11)^9, E(11)],
   [1, E(11)^3, E(11)^5, E(11)^2, E(11)^10, E(11)^7, E(11)^4, E(11), E(11)^9, E(11)^6, E(11)^8],
   [1, E(11)^4, E(11)^3, E(11)^10, E(11)^6, E(11)^2, E(11)^9, E(11)^5, E(11), E(11)^8, E(11)^7]],
  [0, 2/11, -3/11, -4/11, -1/11, -5/11, -5/11, -1/11, -4/11, -3/11, 2/11],
  [1, 1, 1, 1, 1, 1, 1, 1, 1, 1, 1], 11, 11, -2, [1, 0, 0, 0, 0, 0, 0, 0, 0, 0, 0]
]]




F2=[
[[1,0,0,0,0,0,0,0,0,0,0],[0,1,0,0,0,0,0,0,0,0,0],[0,0,1,0,0,0,0,0,0,0,0],[0,0,0,1,0,0,0,0,0,0,0],[0,0,0,0,1,0,0,0,0,0,0],[0,0,0,0,0,1,0,0,0,0,0],[0,0,0,0,0,0,1,0,0,0,0],[0,0,0,0,0,0,0,1,0,0,0],[0,0,0,0,0,0,0,0,1,0,0],[0,0,0,0,0,0,0,0,0,1,0],[0,0,0,0,0,0,0,0,0,0,1]],
[[0,1,0,0,0,0,0,0,0,0,0],[1,0,0,0,0,0,0,0,0,0,0],[0,0,0,1,0,0,0,0,0,0,0],[0,0,1,0,0,0,0,0,0,0,0],[0,0,0,0,0,0,0,0,0,0,1],[0,0,0,0,0,0,0,0,0,1,0],[0,0,0,0,0,0,1,0,0,0,0],[0,0,0,0,0,0,0,1,0,0,0],[0,0,0,0,0,0,0,0,1,0,0],[0,0,0,0,0,1,0,0,0,0,0],[0,0,0,0,1,0,0,0,0,0,0]],
[[0,0,1,0,0,0,0,0,0,0,0],[0,0,0,1,0,0,0,0,0,0,0],[1,0,0,0,0,0,0,0,0,0,0],[0,1,0,0,0,0,0,0,0,0,0],[0,0,0,0,0,0,0,0,0,0,1],[0,0,0,0,0,1,0,0,0,0,0],[0,0,0,0,0,0,0,0,1,0,0],[0,0,0,0,0,0,0,1,0,0,0],[0,0,0,0,0,0,1,0,0,0,0],[0,0,0,0,0,0,0,0,0,1,0],[0,0,0,0,1,0,0,0,0,0,0]],
[[0,0,0,1,0,0,0,0,0,0,0],[0,0,1,0,0,0,0,0,0,0,0],[0,1,0,0,0,0,0,0,0,0,0],[1,0,0,0,0,0,0,0,0,0,0],[0,0,0,0,1,0,0,0,0,0,0],[0,0,0,0,0,0,0,0,0,1,0],[0,0,0,0,0,0,0,0,1,0,0],[0,0,0,0,0,0,0,1,0,0,0],[0,0,0,0,0,0,1,0,0,0,0],[0,0,0,0,0,1,0,0,0,0,0],[0,0,0,0,0,0,0,0,0,0,1]],
[[0,0,0,0,1,0,0,0,0,0,0],[0,0,0,0,0,0,0,0,0,0,1],[0,0,0,0,0,0,0,0,0,0,1],[0,0,0,0,1,0,0,0,0,0,0],[1,0,0,1,0,0,0,1,0,0,0],[0,0,0,0,0,0,1,0,1,0,0],[0,0,0,0,0,1,0,0,0,1,0],[0,0,0,0,1,0,0,0,0,0,1],[0,0,0,0,0,1,0,0,0,1,0],[0,0,0,0,0,0,1,0,1,0,0],[0,1,1,0,0,0,0,1,0,0,0]],
[[0,0,0,0,0,1,0,0,0,0,0],[0,0,0,0,0,0,0,0,0,1,0],[0,0,0,0,0,1,0,0,0,0,0],[0,0,0,0,0,0,0,0,0,1,0],[0,0,0,0,0,0,1,0,1,0,0],[1,0,1,0,0,0,0,1,0,0,0],[0,0,0,0,1,0,0,0,0,0,1],[0,0,0,0,0,1,0,0,0,1,0],[0,0,0,0,1,0,0,0,0,0,1],[0,1,0,1,0,0,0,1,0,0,0],[0,0,0,0,0,0,1,0,1,0,0]],
[[0,0,0,0,0,0,1,0,0,0,0],[0,0,0,0,0,0,1,0,0,0,0],[0,0,0,0,0,0,0,0,1,0,0],[0,0,0,0,0,0,0,0,1,0,0],[0,0,0,0,0,1,0,0,0,1,0],[0,0,0,0,1,0,0,0,0,0,1],[1,1,0,0,0,0,0,1,0,0,0],[0,0,0,0,0,0,1,0,1,0,0],[0,0,1,1,0,0,0,1,0,0,0],[0,0,0,0,1,0,0,0,0,0,1],[0,0,0,0,0,1,0,0,0,1,0]],
[[0,0,0,0,0,0,0,1,0,0,0],[0,0,0,0,0,0,0,1,0,0,0],[0,0,0,0,0,0,0,1,0,0,0],[0,0,0,0,0,0,0,1,0,0,0],[0,0,0,0,1,0,0,0,0,0,1],[0,0,0,0,0,1,0,0,0,1,0],[0,0,0,0,0,0,1,0,1,0,0],[1,1,1,1,0,0,0,0,0,0,0],[0,0,0,0,0,0,1,0,1,0,0],[0,0,0,0,0,1,0,0,0,1,0],[0,0,0,0,1,0,0,0,0,0,1]],
[[0,0,0,0,0,0,0,0,1,0,0],[0,0,0,0,0,0,0,0,1,0,0],[0,0,0,0,0,0,1,0,0,0,0],[0,0,0,0,0,0,1,0,0,0,0],[0,0,0,0,0,1,0,0,0,1,0],[0,0,0,0,1,0,0,0,0,0,1],[0,0,1,1,0,0,0,1,0,0,0],[0,0,0,0,0,0,1,0,1,0,0],[1,1,0,0,0,0,0,1,0,0,0],[0,0,0,0,1,0,0,0,0,0,1],[0,0,0,0,0,1,0,0,0,1,0]],
[[0,0,0,0,0,0,0,0,0,1,0],[0,0,0,0,0,1,0,0,0,0,0],[0,0,0,0,0,0,0,0,0,1,0],[0,0,0,0,0,1,0,0,0,0,0],[0,0,0,0,0,0,1,0,1,0,0],[0,1,0,1,0,0,0,1,0,0,0],[0,0,0,0,1,0,0,0,0,0,1],[0,0,0,0,0,1,0,0,0,1,0],[0,0,0,0,1,0,0,0,0,0,1],[1,0,1,0,0,0,0,1,0,0,0],[0,0,0,0,0,0,1,0,1,0,0]],
[[0,0,0,0,0,0,0,0,0,0,1],[0,0,0,0,1,0,0,0,0,0,0],[0,0,0,0,1,0,0,0,0,0,0],[0,0,0,0,0,0,0,0,0,0,1],[0,1,1,0,0,0,0,1,0,0,0],[0,0,0,0,0,0,1,0,1,0,0],[0,0,0,0,0,1,0,0,0,1,0],[0,0,0,0,1,0,0,0,0,0,1],[0,0,0,0,0,1,0,0,0,1,0],[0,0,0,0,0,0,1,0,1,0,0],[1,0,0,1,0,0,0,1,0,0,0]]
]


[[[[1, 1, 1, 1, 2, 2, 2, 2, 2, 2, 2],
   [1, 1, 1, 1, -2, -2, 2, 2, 2, -2, -2],
   [1, 1, 1, 1, -2, 2, -2, 2, -2, 2, -2],
   [1, 1, 1, 1, 2, -2, -2, 2, -2, -2, 2],
   [2, -2, -2, 2, 2*E(8) - 2*E(8)^3, 0, 0, 0, 0, 0, -2*E(8) + 2*E(8)^3],
   [2, -2, 2, -2, 0, -2*E(8) + 2*E(8)^3, 0, 0, 0, 2*E(8) - 2*E(8)^3, 0],
   [2, 2, -2, -2, 0, 0, -2*E(8) + 2*E(8)^3, 0, 2*E(8) - 2*E(8)^3, 0, 0],
   [2, 2, 2, 2, 0, 0, 0, -4, 0, 0, 0],
   [2, 2, -2, -2, 0, 0, 2*E(8) - 2*E(8)^3, 0, -2*E(8) + 2*E(8)^3, 0, 0],
   [2, -2, 2, -2, 0, 2*E(8) - 2*E(8)^3, 0, 0, 0, -2*E(8) + 2*E(8)^3, 0],
   [2, -2, -2, 2, -2*E(8) + 2*E(8)^3, 0, 0, 0, 0, 0, 2*E(8) - 2*E(8)^3]],
  [0, 0, 0, 0, -7/16, -3/16, -3/16, 1/4, 5/16, 5/16, 1/16],
  [1, 1, 1, 1, 2, 2, 2, 2, 2, 2, 2], 8, 16, 1, [1, 1, 1, 1, 1, -1, -1, 1, -1, -1, 1]
],[
  [[1, 1, 1, 1, 2, 2, 2, 2, 2, 2, 2],
   [1, 1, 1, 1, -2, -2, 2, 2, 2, -2, -2],
   [1, 1, 1, 1, -2, 2, -2, 2, -2, 2, -2],
   [1, 1, 1, 1, 2, -2, -2, 2, -2, -2, 2],
   [2, -2, -2, 2, 2*E(8) - 2*E(8)^3, 0, 0, 0, 0, 0, -2*E(8) + 2*E(8)^3],
   [2, -2, 2, -2, 0, -2*E(8) + 2*E(8)^3, 0, 0, 0, 2*E(8) - 2*E(8)^3, 0],
   [2, 2, -2, -2, 0, 0, 2*E(8) - 2*E(8)^3, 0, -2*E(8) + 2*E(8)^3, 0, 0],
   [2, 2, 2, 2, 0, 0, 0, -4, 0, 0, 0],
   [2, 2, -2, -2, 0, 0, -2*E(8) + 2*E(8)^3, 0, 2*E(8) - 2*E(8)^3, 0, 0],
   [2, -2, 2, -2, 0, 2*E(8) - 2*E(8)^3, 0, 0, 0, -2*E(8) + 2*E(8)^3, 0],
   [2, -2, -2, 2, -2*E(8) + 2*E(8)^3, 0, 0, 0, 0, 0, 2*E(8) - 2*E(8)^3]],
  [0, 0, 0, 0, -7/16, -3/16, 1/16, 1/4, -7/16, 5/16, 1/16],
  [1, 1, 1, 1, 2, 2, 2, 2, 2, 2, 2], 8, 16, 1, [1, 1, 1, 1, -1, 1, -1, 1, -1, 1, -1]
],[
  [[1, 1, 1, 1, 2, 2, 2, 2, 2, 2, 2],
   [1, 1, 1, 1, -2, -2, 2, 2, 2, -2, -2],
   [1, 1, 1, 1, -2, 2, -2, 2, -2, 2, -2],
   [1, 1, 1, 1, 2, -2, -2, 2, -2, -2, 2],
   [2, -2, -2, 2, 2*E(8) - 2*E(8)^3, 0, 0, 0, 0, 0, -2*E(8) + 2*E(8)^3],
   [2, -2, 2, -2, 0, 2*E(8) - 2*E(8)^3, 0, 0, 0, -2*E(8) + 2*E(8)^3, 0],
   [2, 2, -2, -2, 0, 0, 2*E(8) - 2*E(8)^3, 0, -2*E(8) + 2*E(8)^3, 0, 0],
   [2, 2, 2, 2, 0, 0, 0, -4, 0, 0, 0],
   [2, 2, -2, -2, 0, 0, -2*E(8) + 2*E(8)^3, 0, 2*E(8) - 2*E(8)^3, 0, 0],
   [2, -2, 2, -2, 0, -2*E(8) + 2*E(8)^3, 0, 0, 0, 2*E(8) - 2*E(8)^3, 0],
   [2, -2, -2, 2, -2*E(8) + 2*E(8)^3, 0, 0, 0, 0, 0, 2*E(8) - 2*E(8)^3]],
  [0, 0, 0, 0, -7/16, 1/16, 1/16, 1/4, -7/16, -7/16, 1/16],
  [1, 1, 1, 1, 2, 2, 2, 2, 2, 2, 2], 8, 16, 1, [1, 1, 1, 1, 1, 1, 1, 1, 1, 1, 1]
],[
  [[1, 1, 1, 1, 2, 2, 2, 2, 2, 2, 2],
   [1, 1, 1, 1, -2, -2, 2, 2, 2, -2, -2],
   [1, 1, 1, 1, -2, 2, -2, 2, -2, 2, -2],
   [1, 1, 1, 1, 2, -2, -2, 2, -2, -2, 2],
   [2, -2, -2, 2, -2*E(8) + 2*E(8)^3, 0, 0, 0, 0, 0, 2*E(8) - 2*E(8)^3],
   [2, -2, 2, -2, 0, 2*E(8) - 2*E(8)^3, 0, 0, 0, -2*E(8) + 2*E(8)^3, 0],
   [2, 2, -2, -2, 0, 0, 2*E(8) - 2*E(8)^3, 0, -2*E(8) + 2*E(8)^3, 0, 0],
   [2, 2, 2, 2, 0, 0, 0, -4, 0, 0, 0],
   [2, 2, -2, -2, 0, 0, -2*E(8) + 2*E(8)^3, 0, 2*E(8) - 2*E(8)^3, 0, 0],
   [2, -2, 2, -2, 0, -2*E(8) + 2*E(8)^3, 0, 0, 0, 2*E(8) - 2*E(8)^3, 0],
   [2, -2, -2, 2, 2*E(8) - 2*E(8)^3, 0, 0, 0, 0, 0, -2*E(8) + 2*E(8)^3]],
  [0, 0, 0, 0, -5/16, 7/16, 7/16, -1/4, -1/16, -1/16, 3/16],
  [1, 1, 1, 1, 2, 2, 2, 2, 2, 2, 2], 8, 16, -1, [1, 1, 1, 1, 1, -1, -1, 1, -1, -1, 1]
],[
  [[1, 1, 1, 1, 2, 2, 2, 2, 2, 2, 2],
   [1, 1, 1, 1, -2, -2, 2, 2, 2, -2, -2],
   [1, 1, 1, 1, -2, 2, -2, 2, -2, 2, -2],
   [1, 1, 1, 1, 2, -2, -2, 2, -2, -2, 2],
   [2, -2, -2, 2, -2*E(8) + 2*E(8)^3, 0, 0, 0, 0, 0, 2*E(8) - 2*E(8)^3],
   [2, -2, 2, -2, 0, 2*E(8) - 2*E(8)^3, 0, 0, 0, -2*E(8) + 2*E(8)^3, 0],
   [2, 2, -2, -2, 0, 0, -2*E(8) + 2*E(8)^3, 0, 2*E(8) - 2*E(8)^3, 0, 0],
   [2, 2, 2, 2, 0, 0, 0, -4, 0, 0, 0],
   [2, 2, -2, -2, 0, 0, 2*E(8) - 2*E(8)^3, 0, -2*E(8) + 2*E(8)^3, 0, 0],
   [2, -2, 2, -2, 0, -2*E(8) + 2*E(8)^3, 0, 0, 0, 2*E(8) - 2*E(8)^3, 0],
   [2, -2, -2, 2, 2*E(8) - 2*E(8)^3, 0, 0, 0, 0, 0, -2*E(8) + 2*E(8)^3]],
  [0, 0, 0, 0, -5/16, 7/16, -5/16, -1/4, 3/16, -1/16, 3/16],
  [1, 1, 1, 1, 2, 2, 2, 2, 2, 2, 2], 8, 16, -1, [1, 1, 1, 1, -1, 1, -1, 1, -1, 1, -1]
],[
  [[1, 1, 1, 1, 2, 2, 2, 2, 2, 2, 2],
   [1, 1, 1, 1, -2, -2, 2, 2, 2, -2, -2],
   [1, 1, 1, 1, -2, 2, -2, 2, -2, 2, -2],
   [1, 1, 1, 1, 2, -2, -2, 2, -2, -2, 2],
   [2, -2, -2, 2, -2*E(8) + 2*E(8)^3, 0, 0, 0, 0, 0, 2*E(8) - 2*E(8)^3],
   [2, -2, 2, -2, 0, -2*E(8) + 2*E(8)^3, 0, 0, 0, 2*E(8) - 2*E(8)^3, 0],
   [2, 2, -2, -2, 0, 0, -2*E(8) + 2*E(8)^3, 0, 2*E(8) - 2*E(8)^3, 0, 0],
   [2, 2, 2, 2, 0, 0, 0, -4, 0, 0, 0],
   [2, 2, -2, -2, 0, 0, 2*E(8) - 2*E(8)^3, 0, -2*E(8) + 2*E(8)^3, 0, 0],
   [2, -2, 2, -2, 0, 2*E(8) - 2*E(8)^3, 0, 0, 0, -2*E(8) + 2*E(8)^3, 0],
   [2, -2, -2, 2, 2*E(8) - 2*E(8)^3, 0, 0, 0, 0, 0, -2*E(8) + 2*E(8)^3]],
  [0, 0, 0, 0, -5/16, -5/16, -5/16, -1/4, 3/16, 3/16, 3/16],
  [1, 1, 1, 1, 2, 2, 2, 2, 2, 2, 2], 8, 16, -1, [1, 1, 1, 1, 1, 1, 1, 1, 1, 1, 1]
],[
  [[1, 1, 1, 1, 2, 2, 2, 2, 2, 2, 2],
   [1, 1, 1, 1, -2, -2, 2, 2, 2, -2, -2],
   [1, 1, 1, 1, -2, 2, -2, 2, -2, 2, -2],
   [1, 1, 1, 1, 2, -2, -2, 2, -2, -2, 2],
   [2, -2, -2, 2, -2*E(8) + 2*E(8)^3, 0, 0, 0, 0, 0, 2*E(8) - 2*E(8)^3],
   [2, -2, 2, -2, 0, -2*E(8) + 2*E(8)^3, 0, 0, 0, 2*E(8) - 2*E(8)^3, 0],
   [2, 2, -2, -2, 0, 0, -2*E(8) + 2*E(8)^3, 0, 2*E(8) - 2*E(8)^3, 0, 0],
   [2, 2, 2, 2, 0, 0, 0, -4, 0, 0, 0],
   [2, 2, -2, -2, 0, 0, 2*E(8) - 2*E(8)^3, 0, -2*E(8) + 2*E(8)^3, 0, 0],
   [2, -2, 2, -2, 0, 2*E(8) - 2*E(8)^3, 0, 0, 0, -2*E(8) + 2*E(8)^3, 0],
   [2, -2, -2, 2, 2*E(8) - 2*E(8)^3, 0, 0, 0, 0, 0, -2*E(8) + 2*E(8)^3]],
  [0, 0, 0, 0, -3/16, 5/16, 5/16, 1/4, -3/16, -3/16, 5/16],
  [1, 1, 1, 1, 2, 2, 2, 2, 2, 2, 2], 8, 16, 1, [1, 1, 1, 1, 1, 1, 1, 1, 1, 1, 1]
],[
  [[1, 1, 1, 1, 2, 2, 2, 2, 2, 2, 2],
   [1, 1, 1, 1, -2, -2, 2, 2, 2, -2, -2],
   [1, 1, 1, 1, -2, 2, -2, 2, -2, 2, -2],
   [1, 1, 1, 1, 2, -2, -2, 2, -2, -2, 2],
   [2, -2, -2, 2, 2*E(8) - 2*E(8)^3, 0, 0, 0, 0, 0, -2*E(8) + 2*E(8)^3],
   [2, -2, 2, -2, 0, 2*E(8) - 2*E(8)^3, 0, 0, 0, -2*E(8) + 2*E(8)^3, 0],
   [2, 2, -2, -2, 0, 0, 2*E(8) - 2*E(8)^3, 0, -2*E(8) + 2*E(8)^3, 0, 0],
   [2, 2, 2, 2, 0, 0, 0, -4, 0, 0, 0],
   [2, 2, -2, -2, 0, 0, -2*E(8) + 2*E(8)^3, 0, 2*E(8) - 2*E(8)^3, 0, 0],
   [2, -2, 2, -2, 0, -2*E(8) + 2*E(8)^3, 0, 0, 0, 2*E(8) - 2*E(8)^3, 0],
   [2, -2, -2, 2, -2*E(8) + 2*E(8)^3, 0, 0, 0, 0, 0, 2*E(8) - 2*E(8)^3]],
  [0, 0, 0, 0, -1/16, -1/16, -1/16, -1/4, 7/16, 7/16, 7/16],
  [1, 1, 1, 1, 2, 2, 2, 2, 2, 2, 2], 8, 16, -1, [1, 1, 1, 1, 1, 1, 1, 1, 1, 1, 1]
]]