(1, 3, 4, 4, 4, 4, 4, 4, 4, 4, 4, 4, 4, 4, 4, 4, 9, 27, 90, 145, 1566, 5220, 15660)
(1, 3, 4, 4, 4, 4, 4, 4, 4, 4, 4, 4, 4, 4, 4, 4, 9, 29, 54, 324, 783, 4698, 9396)
(1, 3, 4, 4, 4, 4, 4, 4, 4, 4, 4, 4, 4, 4, 4, 4, 9, 29, 54, 348, 783, 870, 15660)
(1, 3, 4, 4, 4, 4, 4, 4, 4, 4, 4, 4, 4, 4, 4, 4, 9, 29, 58, 174, 261, 348, 1044)
(1, 3, 4, 4, 4, 4, 4, 4, 4, 4, 4, 4, 4, 4, 4, 4, 9, 29, 87, 87, 116, 261, 1044)
(1, 3, 4, 4, 4, 4, 4, 4, 4, 4, 4, 4, 4, 4, 4, 4, 9, 40, 40, 60, 261, 1160, 10440)
(1, 4, 4, 4, 4, 4, 4, 4, 4, 4, 4, 4, 4, 4, 4, 4, 5, 7, 31, 31, 310, 2170, 4340)
(1, 4, 4, 4, 4, 4, 4, 4, 4, 4, 4, 4, 4, 4, 4, 4, 5, 7, 31, 31, 434, 434, 4340)
(2, 3, 4, 5, 5, 5, 5, 5, 5, 5, 5, 5, 5, 5, 5, 5, 5, 8, 40, 90, 261, 1160, 10440)
(3, 4, 4, 4, 4, 4, 4, 4, 4, 4, 4, 4, 4, 4, 4, 9, 27, 80, 261, 1392, 6960, 31320, 62640)
(3, 4, 4, 4, 4, 4, 4, 4, 4, 4, 4, 4, 4, 4, 4, 9, 27, 81, 232, 1620, 3480, 10440, 93960)
(3, 4, 4, 4, 4, 4, 4, 4, 4, 4, 4, 4, 4, 4, 4, 9, 27, 81, 232, 2088, 2088, 9396, 18792)
(3, 4, 4, 4, 4, 4, 4, 4, 4, 4, 4, 4, 4, 4, 4, 9, 27, 81, 270, 435, 4698, 15660, 46980)
(3, 4, 4, 4, 4, 4, 4, 4, 4, 4, 4, 4, 4, 4, 4, 9, 27, 81, 290, 405, 1044, 2610, 46980)
(3, 4, 4, 4, 4, 4, 4, 4, 4, 4, 4, 4, 4, 4, 4, 9, 27, 87, 162, 972, 2349, 14094, 28188)
(3, 4, 4, 4, 4, 4, 4, 4, 4, 4, 4, 4, 4, 4, 4, 9, 27, 87, 162, 1044, 2349, 2610, 46980)
(3, 4, 4, 4, 4, 4, 4, 4, 4, 4, 4, 4, 4, 4, 4, 9, 27, 87, 174, 522, 783, 1044, 3132)
(3, 4, 4, 4, 4, 4, 4, 4, 4, 4, 4, 4, 4, 4, 4, 9, 27, 87, 180, 360, 1160, 6264, 31320)
(3, 4, 4, 4, 4, 4, 4, 4, 4, 4, 4, 4, 4, 4, 4, 9, 27, 87, 232, 232, 696, 3132, 6264)
(3, 4, 4, 4, 4, 4, 4, 4, 4, 4, 4, 4, 4, 4, 4, 9, 27, 87, 261, 261, 348, 783, 3132)
(3, 4, 4, 4, 4, 4, 4, 4, 4, 4, 4, 4, 4, 4, 4, 9, 27, 90, 145, 1620, 3915, 23490, 46980)
(3, 4, 4, 4, 4, 4, 4, 4, 4, 4, 4, 4, 4, 4, 4, 9, 27, 90, 145, 1740, 3915, 4350, 78300)
(3, 4, 4, 4, 4, 4, 4, 4, 4, 4, 4, 4, 4, 4, 4, 9, 27, 108, 145, 162, 3915, 23490, 46980)
(3, 4, 4, 4, 4, 4, 4, 4, 4, 4, 4, 4, 4, 4, 4, 9, 27, 120, 120, 180, 783, 3480, 31320)
(3, 4, 4, 4, 4, 4, 4, 4, 4, 4, 4, 4, 4, 4, 4, 9, 27, 135, 145, 174, 174, 580, 15660)
(3, 4, 4, 4, 4, 4, 4, 4, 4, 4, 4, 4, 4, 4, 4, 9, 28, 63, 290, 882, 882, 882, 255780)
(3, 4, 4, 4, 4, 4, 4, 4, 4, 4, 4, 4, 4, 4, 4, 9, 29, 54, 324, 810, 2610, 7830, 46980)
(3, 4, 4, 4, 4, 4, 4, 4, 4, 4, 4, 4, 4, 4, 4, 9, 29, 54, 435, 580, 783, 870, 15660)
(3, 4, 4, 4, 4, 4, 4, 4, 4, 4, 4, 4, 4, 4, 4, 9, 29, 54, 522, 522, 522, 3132, 3132)
(3, 4, 4, 4, 4, 4, 4, 4, 4, 4, 4, 4, 4, 4, 4, 9, 29, 58, 135, 783, 1620, 23490, 46980)
(3, 4, 4, 4, 4, 4, 4, 4, 4, 4, 4, 4, 4, 4, 4, 9, 29, 58, 135, 783, 1740, 4350, 78300)
(3, 4, 4, 4, 4, 4, 4, 4, 4, 4, 4, 4, 4, 4, 4, 9, 29, 58, 135, 870, 1305, 3132, 15660)
(3, 4, 4, 4, 4, 4, 4, 4, 4, 4, 4, 4, 4, 4, 4, 9, 29, 58, 145, 348, 1305, 1450, 26100)
(3, 4, 4, 4, 4, 4, 4, 4, 4, 4, 4, 4, 4, 4, 4, 9, 29, 58, 145, 435, 522, 1740, 5220)
(3, 4, 4, 4, 4, 4, 4, 4, 4, 4, 4, 4, 4, 4, 4, 9, 29, 58, 150, 290, 1350, 78300, 78300)
(3, 4, 4, 4, 4, 4, 4, 4, 4, 4, 4, 4, 4, 4, 4, 9, 29, 58, 150, 300, 870, 13050, 26100)
(3, 4, 4, 4, 4, 4, 4, 4, 4, 4, 4, 4, 4, 4, 4, 9, 29, 58, 174, 290, 290, 5220, 5220)
(3, 4, 4, 4, 4, 4, 4, 4, 4, 4, 4, 4, 4, 4, 4, 9, 29, 58, 174, 290, 348, 522, 5220)
(3, 4, 4, 4, 4, 4, 4, 4, 4, 4, 4, 4, 4, 4, 4, 9, 29, 58, 180, 270, 290, 1566, 15660)
(3, 4, 4, 4, 4, 4, 4, 4, 4, 4, 4, 4, 4, 4, 4, 9, 29, 58, 232, 232, 232, 1044, 2088)
(3, 4, 4, 4, 4, 4, 4, 4, 4, 4, 4, 4, 4, 4, 4, 9, 29, 60, 135, 232, 696, 1080, 31320)
(3, 4, 4, 4, 4, 4, 4, 4, 4, 4, 4, 4, 4, 4, 4, 9, 29, 60, 145, 261, 270, 1566, 15660)
(3, 4, 4, 4, 4, 4, 4, 4, 4, 4, 4, 4, 4, 4, 4, 9, 29, 60, 162, 162, 2610, 7830, 46980)
(3, 4, 4, 4, 4, 4, 4, 4, 4, 4, 4, 4, 4, 4, 4, 9, 29, 64, 96, 1044, 1856, 1856, 16704)
(3, 4, 4, 4, 4, 4, 4, 4, 4, 4, 4, 4, 4, 4, 4, 9, 29, 72, 80, 450, 4176, 20880, 104400)
(3, 4, 4, 4, 4, 4, 4, 4, 4, 4, 4, 4, 4, 4, 4, 9, 29, 72, 80, 464, 1740, 6960, 20880)
(3, 4, 4, 4, 4, 4, 4, 4, 4, 4, 4, 4, 4, 4, 4, 9, 29, 72, 87, 232, 348, 696, 2088)
(3, 4, 4, 4, 4, 4, 4, 4, 4, 4, 4, 4, 4, 4, 4, 9, 29, 72, 108, 135, 232, 696, 31320)
(3, 4, 4, 4, 4, 4, 4, 4, 4, 4, 4, 4, 4, 4, 4, 9, 29, 75, 90, 150, 348, 2175, 26100)
(3, 4, 4, 4, 4, 4, 4, 4, 4, 4, 4, 4, 4, 4, 4, 9, 29, 75, 90, 162, 324, 435, 234900)
(3, 4, 4, 4, 4, 4, 4, 4, 4, 4, 4, 4, 4, 4, 4, 9, 29, 87, 87, 108, 522, 1566, 3132)
(3, 4, 4, 4, 4, 4, 4, 4, 4, 4, 4, 4, 4, 4, 4, 9, 29, 87, 87, 116, 290, 522, 5220)
(3, 4, 4, 4, 4, 4, 4, 4, 4, 4, 4, 4, 4, 4, 4, 9, 30, 54, 116, 261, 2610, 7830, 15660)
(3, 4, 4, 4, 4, 4, 4, 4, 4, 4, 4, 4, 4, 4, 4, 9, 30, 54, 116, 290, 783, 870, 15660)
(3, 4, 4, 4, 4, 4, 4, 4, 4, 4, 4, 4, 4, 4, 4, 9, 30, 58, 87, 870, 870, 5220, 5220)
(3, 4, 4, 4, 4, 4, 4, 4, 4, 4, 4, 4, 4, 4, 4, 9, 30, 58, 87, 870, 1044, 1450, 26100)
(3, 4, 4, 4, 4, 4, 4, 4, 4, 4, 4, 4, 4, 4, 4, 9, 30, 58, 90, 300, 2175, 4350, 26100)
(3, 4, 4, 4, 4, 4, 4, 4, 4, 4, 4, 4, 4, 4, 4, 9, 30, 60, 81, 725, 19575, 117450, 234900)
(3, 4, 4, 4, 4, 4, 4, 4, 4, 4, 4, 4, 4, 4, 4, 9, 30, 60, 87, 216, 1160, 6264, 31320)
(3, 4, 4, 4, 4, 4, 4, 4, 4, 4, 4, 4, 4, 4, 4, 9, 30, 60, 120, 120, 261, 1160, 10440)
(3, 4, 4, 4, 4, 4, 4, 4, 4, 4, 4, 4, 4, 4, 4, 9, 30, 72, 72, 180, 261, 1160, 10440)
(3, 4, 4, 4, 4, 4, 4, 4, 4, 4, 4, 4, 4, 4, 4, 9, 32, 48, 87, 2088, 2784, 2784, 8352)
(3, 4, 4, 4, 4, 4, 4, 4, 4, 4, 4, 4, 4, 4, 4, 9, 32, 48, 96, 261, 348, 928, 8352)
(3, 4, 4, 4, 4, 4, 4, 4, 4, 4, 4, 4, 4, 4, 4, 9, 36, 40, 87, 270, 1160, 6264, 31320)
(3, 4, 4, 4, 4, 4, 4, 4, 4, 4, 4, 4, 4, 4, 4, 9, 36, 40, 90, 216, 783, 3480, 31320)
(3, 4, 4, 4, 4, 4, 4, 4, 4, 4, 4, 4, 4, 4, 4, 9, 36, 40, 90, 261, 360, 1160, 10440)
(3, 4, 4, 4, 4, 4, 4, 4, 4, 4, 4, 4, 4, 4, 4, 9, 36, 45, 72, 120, 261, 1160, 10440)
(3, 4, 4, 4, 4, 4, 4, 4, 4, 4, 4, 4, 4, 4, 4, 9, 36, 58, 58, 87, 174, 290, 5220)
(3, 4, 4, 4, 4, 4, 4, 4, 4, 4, 4, 4, 4, 4, 4, 9, 40, 40, 60, 270, 783, 3480, 31320)
(3, 4, 4, 4, 4, 4, 4, 4, 4, 4, 4, 4, 4, 4, 4, 9, 40, 54, 58, 60, 2088, 31320, 31320)
(3, 4, 4, 4, 4, 4, 4, 4, 4, 4, 4, 4, 4, 4, 4, 10, 18, 36, 216, 360, 783, 3480, 31320)
(3, 4, 4, 4, 4, 4, 4, 4, 4, 4, 4, 4, 4, 4, 4, 10, 18, 36, 261, 261, 870, 2610, 5220)
(3, 4, 4, 4, 4, 4, 4, 4, 4, 4, 4, 4, 4, 4, 4, 10, 18, 36, 261, 290, 522, 1305, 5220)
(3, 4, 4, 4, 4, 4, 4, 4, 4, 4, 4, 4, 4, 4, 4, 10, 18, 36, 261, 360, 360, 1160, 10440)
(3, 4, 4, 4, 4, 4, 4, 4, 4, 4, 4, 4, 4, 4, 4, 10, 18, 40, 80, 240, 522, 2320, 20880)
(3, 4, 4, 4, 4, 4, 4, 4, 4, 4, 4, 4, 4, 4, 4, 10, 18, 45, 58, 300, 2175, 4350, 26100)
(3, 4, 4, 4, 4, 4, 4, 4, 4, 4, 4, 4, 4, 4, 4, 10, 20, 27, 243, 2175, 58725, 352350, 704700)
(3, 4, 4, 4, 4, 4, 4, 4, 4, 4, 4, 4, 4, 4, 4, 10, 20, 27, 261, 648, 3480, 18792, 93960)
(3, 4, 4, 4, 4, 4, 4, 4, 4, 4, 4, 4, 4, 4, 4, 10, 20, 27, 360, 360, 783, 3480, 31320)
(3, 4, 4, 4, 4, 4, 4, 4, 4, 4, 4, 4, 4, 4, 4, 10, 20, 29, 87, 174, 174, 870, 1740)
(3, 4, 4, 4, 4, 4, 4, 4, 4, 4, 4, 4, 4, 4, 4, 10, 20, 30, 72, 120, 261, 1160, 10440)
(3, 4, 4, 4, 4, 4, 4, 4, 4, 4, 4, 4, 4, 4, 4, 10, 20, 30, 87, 87, 290, 870, 1740)
(3, 4, 4, 4, 4, 4, 4, 4, 4, 4, 4, 4, 4, 4, 4, 10, 20, 40, 40, 90, 261, 1160, 10440)
(3, 4, 4, 4, 4, 4, 4, 4, 4, 4, 4, 4, 4, 4, 4, 10, 24, 24, 60, 90, 261, 1160, 10440)
(3, 4, 4, 4, 4, 4, 4, 4, 4, 4, 4, 4, 4, 4, 4, 10, 24, 27, 36, 360, 783, 3480, 31320)
(3, 4, 4, 4, 4, 4, 4, 4, 4, 4, 4, 4, 4, 4, 4, 10, 29, 29, 29, 58, 203, 2436, 12180)
(3, 4, 4, 4, 4, 4, 4, 4, 4, 4, 4, 4, 4, 4, 4, 12, 15, 24, 40, 90, 261, 1160, 10440)
(3, 4, 4, 4, 4, 4, 4, 4, 4, 4, 4, 4, 4, 4, 4, 12, 20, 20, 24, 72, 261, 1160, 10440)
(4, 4, 4, 4, 4, 4, 4, 4, 4, 4, 4, 4, 4, 4, 4, 5, 7, 31, 31, 310, 1953, 19530, 39060)
(4, 4, 4, 4, 4, 4, 4, 4, 4, 4, 4, 4, 4, 4, 4, 5, 7, 31, 31, 315, 1302, 19530, 39060)
(4, 4, 4, 4, 4, 4, 4, 4, 4, 4, 4, 4, 4, 4, 4, 5, 9, 10, 81, 725, 19575, 117450, 234900)
(4, 4, 4, 4, 4, 4, 4, 4, 4, 4, 4, 4, 4, 4, 4, 5, 9, 10, 87, 216, 1160, 6264, 31320)
(4, 4, 4, 4, 4, 4, 4, 4, 4, 4, 4, 4, 4, 4, 4, 5, 9, 10, 120, 120, 261, 1160, 10440)
