### Rank 17, FPdim 225, type [1,1,1,3,3,3,3,3,3,3,3,5,5,5,5,5,5]

## First fusion ring
[
[[1,0,0,0,0,0,0,0,0,0,0,0,0,0,0,0,0],[0,1,0,0,0,0,0,0,0,0,0,0,0,0,0,0,0],[0,0,1,0,0,0,0,0,0,0,0,0,0,0,0,0,0],[0,0,0,1,0,0,0,0,0,0,0,0,0,0,0,0,0],[0,0,0,0,1,0,0,0,0,0,0,0,0,0,0,0,0],[0,0,0,0,0,1,0,0,0,0,0,0,0,0,0,0,0],[0,0,0,0,0,0,1,0,0,0,0,0,0,0,0,0,0],[0,0,0,0,0,0,0,1,0,0,0,0,0,0,0,0,0],[0,0,0,0,0,0,0,0,1,0,0,0,0,0,0,0,0],[0,0,0,0,0,0,0,0,0,1,0,0,0,0,0,0,0],[0,0,0,0,0,0,0,0,0,0,1,0,0,0,0,0,0],[0,0,0,0,0,0,0,0,0,0,0,1,0,0,0,0,0],[0,0,0,0,0,0,0,0,0,0,0,0,1,0,0,0,0],[0,0,0,0,0,0,0,0,0,0,0,0,0,1,0,0,0],[0,0,0,0,0,0,0,0,0,0,0,0,0,0,1,0,0],[0,0,0,0,0,0,0,0,0,0,0,0,0,0,0,1,0],[0,0,0,0,0,0,0,0,0,0,0,0,0,0,0,0,1]],
[[0,1,0,0,0,0,0,0,0,0,0,0,0,0,0,0,0],[0,0,1,0,0,0,0,0,0,0,0,0,0,0,0,0,0],[1,0,0,0,0,0,0,0,0,0,0,0,0,0,0,0,0],[0,0,0,1,0,0,0,0,0,0,0,0,0,0,0,0,0],[0,0,0,0,1,0,0,0,0,0,0,0,0,0,0,0,0],[0,0,0,0,0,1,0,0,0,0,0,0,0,0,0,0,0],[0,0,0,0,0,0,1,0,0,0,0,0,0,0,0,0,0],[0,0,0,0,0,0,0,1,0,0,0,0,0,0,0,0,0],[0,0,0,0,0,0,0,0,1,0,0,0,0,0,0,0,0],[0,0,0,0,0,0,0,0,0,1,0,0,0,0,0,0,0],[0,0,0,0,0,0,0,0,0,0,1,0,0,0,0,0,0],[0,0,0,0,0,0,0,0,0,0,0,0,0,1,0,0,0],[0,0,0,0,0,0,0,0,0,0,0,0,0,0,0,0,1],[0,0,0,0,0,0,0,0,0,0,0,0,0,0,0,1,0],[0,0,0,0,0,0,0,0,0,0,0,0,1,0,0,0,0],[0,0,0,0,0,0,0,0,0,0,0,1,0,0,0,0,0],[0,0,0,0,0,0,0,0,0,0,0,0,0,0,1,0,0]],
[[0,0,1,0,0,0,0,0,0,0,0,0,0,0,0,0,0],[1,0,0,0,0,0,0,0,0,0,0,0,0,0,0,0,0],[0,1,0,0,0,0,0,0,0,0,0,0,0,0,0,0,0],[0,0,0,1,0,0,0,0,0,0,0,0,0,0,0,0,0],[0,0,0,0,1,0,0,0,0,0,0,0,0,0,0,0,0],[0,0,0,0,0,1,0,0,0,0,0,0,0,0,0,0,0],[0,0,0,0,0,0,1,0,0,0,0,0,0,0,0,0,0],[0,0,0,0,0,0,0,1,0,0,0,0,0,0,0,0,0],[0,0,0,0,0,0,0,0,1,0,0,0,0,0,0,0,0],[0,0,0,0,0,0,0,0,0,1,0,0,0,0,0,0,0],[0,0,0,0,0,0,0,0,0,0,1,0,0,0,0,0,0],[0,0,0,0,0,0,0,0,0,0,0,0,0,0,0,1,0],[0,0,0,0,0,0,0,0,0,0,0,0,0,0,1,0,0],[0,0,0,0,0,0,0,0,0,0,0,1,0,0,0,0,0],[0,0,0,0,0,0,0,0,0,0,0,0,0,0,0,0,1],[0,0,0,0,0,0,0,0,0,0,0,0,0,1,0,0,0],[0,0,0,0,0,0,0,0,0,0,0,0,1,0,0,0,0]],
[[0,0,0,1,0,0,0,0,0,0,0,0,0,0,0,0,0],[0,0,0,1,0,0,0,0,0,0,0,0,0,0,0,0,0],[0,0,0,1,0,0,0,0,0,0,0,0,0,0,0,0,0],[0,0,0,0,2,0,0,0,0,0,1,0,0,0,0,0,0],[1,1,1,0,0,1,1,0,0,0,0,0,0,0,0,0,0],[0,0,0,1,0,0,0,1,0,1,0,0,0,0,0,0,0],[0,0,0,1,0,0,0,0,1,1,0,0,0,0,0,0,0],[0,0,0,0,0,1,0,1,0,0,1,0,0,0,0,0,0],[0,0,0,0,0,0,1,0,1,0,1,0,0,0,0,0,0],[0,0,0,0,1,0,0,1,1,0,0,0,0,0,0,0,0],[0,0,0,0,0,1,1,0,0,1,0,0,0,0,0,0,0],[0,0,0,0,0,0,0,0,0,0,0,1,0,1,0,1,0],[0,0,0,0,0,0,0,0,0,0,0,0,1,0,1,0,1],[0,0,0,0,0,0,0,0,0,0,0,1,0,1,0,1,0],[0,0,0,0,0,0,0,0,0,0,0,0,1,0,1,0,1],[0,0,0,0,0,0,0,0,0,0,0,1,0,1,0,1,0],[0,0,0,0,0,0,0,0,0,0,0,0,1,0,1,0,1]],
[[0,0,0,0,1,0,0,0,0,0,0,0,0,0,0,0,0],[0,0,0,0,1,0,0,0,0,0,0,0,0,0,0,0,0],[0,0,0,0,1,0,0,0,0,0,0,0,0,0,0,0,0],[1,1,1,0,0,1,1,0,0,0,0,0,0,0,0,0,0],[0,0,0,2,0,0,0,0,0,1,0,0,0,0,0,0,0],[0,0,0,0,1,0,0,1,0,0,1,0,0,0,0,0,0],[0,0,0,0,1,0,0,0,1,0,1,0,0,0,0,0,0],[0,0,0,0,0,1,0,1,0,1,0,0,0,0,0,0,0],[0,0,0,0,0,0,1,0,1,1,0,0,0,0,0,0,0],[0,0,0,0,0,1,1,0,0,0,1,0,0,0,0,0,0],[0,0,0,1,0,0,0,1,1,0,0,0,0,0,0,0,0],[0,0,0,0,0,0,0,0,0,0,0,1,0,1,0,1,0],[0,0,0,0,0,0,0,0,0,0,0,0,1,0,1,0,1],[0,0,0,0,0,0,0,0,0,0,0,1,0,1,0,1,0],[0,0,0,0,0,0,0,0,0,0,0,0,1,0,1,0,1],[0,0,0,0,0,0,0,0,0,0,0,1,0,1,0,1,0],[0,0,0,0,0,0,0,0,0,0,0,0,1,0,1,0,1]],
[[0,0,0,0,0,1,0,0,0,0,0,0,0,0,0,0,0],[0,0,0,0,0,1,0,0,0,0,0,0,0,0,0,0,0],[0,0,0,0,0,1,0,0,0,0,0,0,0,0,0,0,0],[0,0,0,1,0,0,0,1,0,1,0,0,0,0,0,0,0],[0,0,0,0,1,0,0,1,0,0,1,0,0,0,0,0,0],[0,0,0,0,0,0,2,1,0,0,0,0,0,0,0,0,0],[1,1,1,0,0,0,0,0,0,1,1,0,0,0,0,0,0],[0,0,0,0,0,0,0,0,1,1,1,0,0,0,0,0,0],[0,0,0,1,1,0,1,0,0,0,0,0,0,0,0,0,0],[0,0,0,1,0,1,0,0,1,0,0,0,0,0,0,0,0],[0,0,0,0,1,1,0,0,1,0,0,0,0,0,0,0,0],[0,0,0,0,0,0,0,0,0,0,0,1,0,1,0,1,0],[0,0,0,0,0,0,0,0,0,0,0,0,1,0,1,0,1],[0,0,0,0,0,0,0,0,0,0,0,1,0,1,0,1,0],[0,0,0,0,0,0,0,0,0,0,0,0,1,0,1,0,1],[0,0,0,0,0,0,0,0,0,0,0,1,0,1,0,1,0],[0,0,0,0,0,0,0,0,0,0,0,0,1,0,1,0,1]],
[[0,0,0,0,0,0,1,0,0,0,0,0,0,0,0,0,0],[0,0,0,0,0,0,1,0,0,0,0,0,0,0,0,0,0],[0,0,0,0,0,0,1,0,0,0,0,0,0,0,0,0,0],[0,0,0,1,0,0,0,0,1,1,0,0,0,0,0,0,0],[0,0,0,0,1,0,0,0,1,0,1,0,0,0,0,0,0],[1,1,1,0,0,0,0,0,0,1,1,0,0,0,0,0,0],[0,0,0,0,0,2,0,0,1,0,0,0,0,0,0,0,0],[0,0,0,1,1,1,0,0,0,0,0,0,0,0,0,0,0],[0,0,0,0,0,0,0,1,0,1,1,0,0,0,0,0,0],[0,0,0,1,0,0,1,1,0,0,0,0,0,0,0,0,0],[0,0,0,0,1,0,1,1,0,0,0,0,0,0,0,0,0],[0,0,0,0,0,0,0,0,0,0,0,1,0,1,0,1,0],[0,0,0,0,0,0,0,0,0,0,0,0,1,0,1,0,1],[0,0,0,0,0,0,0,0,0,0,0,1,0,1,0,1,0],[0,0,0,0,0,0,0,0,0,0,0,0,1,0,1,0,1],[0,0,0,0,0,0,0,0,0,0,0,1,0,1,0,1,0],[0,0,0,0,0,0,0,0,0,0,0,0,1,0,1,0,1]],
[[0,0,0,0,0,0,0,1,0,0,0,0,0,0,0,0,0],[0,0,0,0,0,0,0,1,0,0,0,0,0,0,0,0,0],[0,0,0,0,0,0,0,1,0,0,0,0,0,0,0,0,0],[0,0,0,0,0,1,0,1,0,0,1,0,0,0,0,0,0],[0,0,0,0,0,1,0,1,0,1,0,0,0,0,0,0,0],[0,0,0,0,0,0,0,0,1,1,1,0,0,0,0,0,0],[0,0,0,1,1,1,0,0,0,0,0,0,0,0,0,0,0],[0,0,0,0,0,0,1,0,2,0,0,0,0,0,0,0,0],[1,1,1,1,1,0,0,0,0,0,0,0,0,0,0,0,0],[0,0,0,0,1,0,1,0,0,1,0,0,0,0,0,0,0],[0,0,0,1,0,0,1,0,0,0,1,0,0,0,0,0,0],[0,0,0,0,0,0,0,0,0,0,0,1,0,1,0,1,0],[0,0,0,0,0,0,0,0,0,0,0,0,1,0,1,0,1],[0,0,0,0,0,0,0,0,0,0,0,1,0,1,0,1,0],[0,0,0,0,0,0,0,0,0,0,0,0,1,0,1,0,1],[0,0,0,0,0,0,0,0,0,0,0,1,0,1,0,1,0],[0,0,0,0,0,0,0,0,0,0,0,0,1,0,1,0,1]],
[[0,0,0,0,0,0,0,0,1,0,0,0,0,0,0,0,0],[0,0,0,0,0,0,0,0,1,0,0,0,0,0,0,0,0],[0,0,0,0,0,0,0,0,1,0,0,0,0,0,0,0,0],[0,0,0,0,0,0,1,0,1,0,1,0,0,0,0,0,0],[0,0,0,0,0,0,1,0,1,1,0,0,0,0,0,0,0],[0,0,0,1,1,0,1,0,0,0,0,0,0,0,0,0,0],[0,0,0,0,0,0,0,1,0,1,1,0,0,0,0,0,0],[1,1,1,1,1,0,0,0,0,0,0,0,0,0,0,0,0],[0,0,0,0,0,1,0,2,0,0,0,0,0,0,0,0,0],[0,0,0,0,1,1,0,0,0,1,0,0,0,0,0,0,0],[0,0,0,1,0,1,0,0,0,0,1,0,0,0,0,0,0],[0,0,0,0,0,0,0,0,0,0,0,1,0,1,0,1,0],[0,0,0,0,0,0,0,0,0,0,0,0,1,0,1,0,1],[0,0,0,0,0,0,0,0,0,0,0,1,0,1,0,1,0],[0,0,0,0,0,0,0,0,0,0,0,0,1,0,1,0,1],[0,0,0,0,0,0,0,0,0,0,0,1,0,1,0,1,0],[0,0,0,0,0,0,0,0,0,0,0,0,1,0,1,0,1]],
[[0,0,0,0,0,0,0,0,0,1,0,0,0,0,0,0,0],[0,0,0,0,0,0,0,0,0,1,0,0,0,0,0,0,0],[0,0,0,0,0,0,0,0,0,1,0,0,0,0,0,0,0],[0,0,0,0,1,0,0,1,1,0,0,0,0,0,0,0,0],[0,0,0,0,0,1,1,0,0,0,1,0,0,0,0,0,0],[0,0,0,1,0,1,0,0,1,0,0,0,0,0,0,0,0],[0,0,0,1,0,0,1,1,0,0,0,0,0,0,0,0,0],[0,0,0,0,1,0,1,0,0,1,0,0,0,0,0,0,0],[0,0,0,0,1,1,0,0,0,1,0,0,0,0,0,0,0],[0,0,0,1,0,0,0,0,0,0,2,0,0,0,0,0,0],[1,1,1,0,0,0,0,1,1,0,0,0,0,0,0,0,0],[0,0,0,0,0,0,0,0,0,0,0,1,0,1,0,1,0],[0,0,0,0,0,0,0,0,0,0,0,0,1,0,1,0,1],[0,0,0,0,0,0,0,0,0,0,0,1,0,1,0,1,0],[0,0,0,0,0,0,0,0,0,0,0,0,1,0,1,0,1],[0,0,0,0,0,0,0,0,0,0,0,1,0,1,0,1,0],[0,0,0,0,0,0,0,0,0,0,0,0,1,0,1,0,1]],
[[0,0,0,0,0,0,0,0,0,0,1,0,0,0,0,0,0],[0,0,0,0,0,0,0,0,0,0,1,0,0,0,0,0,0],[0,0,0,0,0,0,0,0,0,0,1,0,0,0,0,0,0],[0,0,0,0,0,1,1,0,0,1,0,0,0,0,0,0,0],[0,0,0,1,0,0,0,1,1,0,0,0,0,0,0,0,0],[0,0,0,0,1,1,0,0,1,0,0,0,0,0,0,0,0],[0,0,0,0,1,0,1,1,0,0,0,0,0,0,0,0,0],[0,0,0,1,0,0,1,0,0,0,1,0,0,0,0,0,0],[0,0,0,1,0,1,0,0,0,0,1,0,0,0,0,0,0],[1,1,1,0,0,0,0,1,1,0,0,0,0,0,0,0,0],[0,0,0,0,1,0,0,0,0,2,0,0,0,0,0,0,0],[0,0,0,0,0,0,0,0,0,0,0,1,0,1,0,1,0],[0,0,0,0,0,0,0,0,0,0,0,0,1,0,1,0,1],[0,0,0,0,0,0,0,0,0,0,0,1,0,1,0,1,0],[0,0,0,0,0,0,0,0,0,0,0,0,1,0,1,0,1],[0,0,0,0,0,0,0,0,0,0,0,1,0,1,0,1,0],[0,0,0,0,0,0,0,0,0,0,0,0,1,0,1,0,1]],
[[0,0,0,0,0,0,0,0,0,0,0,1,0,0,0,0,0],[0,0,0,0,0,0,0,0,0,0,0,0,0,1,0,0,0],[0,0,0,0,0,0,0,0,0,0,0,0,0,0,0,1,0],[0,0,0,0,0,0,0,0,0,0,0,1,0,1,0,1,0],[0,0,0,0,0,0,0,0,0,0,0,1,0,1,0,1,0],[0,0,0,0,0,0,0,0,0,0,0,1,0,1,0,1,0],[0,0,0,0,0,0,0,0,0,0,0,1,0,1,0,1,0],[0,0,0,0,0,0,0,0,0,0,0,1,0,1,0,1,0],[0,0,0,0,0,0,0,0,0,0,0,1,0,1,0,1,0],[0,0,0,0,0,0,0,0,0,0,0,1,0,1,0,1,0],[0,0,0,0,0,0,0,0,0,0,0,1,0,1,0,1,0],[0,0,0,0,0,0,0,0,0,0,0,0,1,0,2,0,2],[1,0,0,1,1,1,1,1,1,1,1,0,0,0,0,0,0],[0,0,0,0,0,0,0,0,0,0,0,0,2,0,2,0,1],[0,0,1,1,1,1,1,1,1,1,1,0,0,0,0,0,0],[0,0,0,0,0,0,0,0,0,0,0,0,2,0,1,0,2],[0,1,0,1,1,1,1,1,1,1,1,0,0,0,0,0,0]],
[[0,0,0,0,0,0,0,0,0,0,0,0,1,0,0,0,0],[0,0,0,0,0,0,0,0,0,0,0,0,0,0,0,0,1],[0,0,0,0,0,0,0,0,0,0,0,0,0,0,1,0,0],[0,0,0,0,0,0,0,0,0,0,0,0,1,0,1,0,1],[0,0,0,0,0,0,0,0,0,0,0,0,1,0,1,0,1],[0,0,0,0,0,0,0,0,0,0,0,0,1,0,1,0,1],[0,0,0,0,0,0,0,0,0,0,0,0,1,0,1,0,1],[0,0,0,0,0,0,0,0,0,0,0,0,1,0,1,0,1],[0,0,0,0,0,0,0,0,0,0,0,0,1,0,1,0,1],[0,0,0,0,0,0,0,0,0,0,0,0,1,0,1,0,1],[0,0,0,0,0,0,0,0,0,0,0,0,1,0,1,0,1],[1,0,0,1,1,1,1,1,1,1,1,0,0,0,0,0,0],[0,0,0,0,0,0,0,0,0,0,0,1,0,2,0,2,0],[0,1,0,1,1,1,1,1,1,1,1,0,0,0,0,0,0],[0,0,0,0,0,0,0,0,0,0,0,2,0,2,0,1,0],[0,0,1,1,1,1,1,1,1,1,1,0,0,0,0,0,0],[0,0,0,0,0,0,0,0,0,0,0,2,0,1,0,2,0]],
[[0,0,0,0,0,0,0,0,0,0,0,0,0,1,0,0,0],[0,0,0,0,0,0,0,0,0,0,0,0,0,0,0,1,0],[0,0,0,0,0,0,0,0,0,0,0,1,0,0,0,0,0],[0,0,0,0,0,0,0,0,0,0,0,1,0,1,0,1,0],[0,0,0,0,0,0,0,0,0,0,0,1,0,1,0,1,0],[0,0,0,0,0,0,0,0,0,0,0,1,0,1,0,1,0],[0,0,0,0,0,0,0,0,0,0,0,1,0,1,0,1,0],[0,0,0,0,0,0,0,0,0,0,0,1,0,1,0,1,0],[0,0,0,0,0,0,0,0,0,0,0,1,0,1,0,1,0],[0,0,0,0,0,0,0,0,0,0,0,1,0,1,0,1,0],[0,0,0,0,0,0,0,0,0,0,0,1,0,1,0,1,0],[0,0,0,0,0,0,0,0,0,0,0,0,2,0,2,0,1],[0,1,0,1,1,1,1,1,1,1,1,0,0,0,0,0,0],[0,0,0,0,0,0,0,0,0,0,0,0,2,0,1,0,2],[1,0,0,1,1,1,1,1,1,1,1,0,0,0,0,0,0],[0,0,0,0,0,0,0,0,0,0,0,0,1,0,2,0,2],[0,0,1,1,1,1,1,1,1,1,1,0,0,0,0,0,0]],
[[0,0,0,0,0,0,0,0,0,0,0,0,0,0,1,0,0],[0,0,0,0,0,0,0,0,0,0,0,0,1,0,0,0,0],[0,0,0,0,0,0,0,0,0,0,0,0,0,0,0,0,1],[0,0,0,0,0,0,0,0,0,0,0,0,1,0,1,0,1],[0,0,0,0,0,0,0,0,0,0,0,0,1,0,1,0,1],[0,0,0,0,0,0,0,0,0,0,0,0,1,0,1,0,1],[0,0,0,0,0,0,0,0,0,0,0,0,1,0,1,0,1],[0,0,0,0,0,0,0,0,0,0,0,0,1,0,1,0,1],[0,0,0,0,0,0,0,0,0,0,0,0,1,0,1,0,1],[0,0,0,0,0,0,0,0,0,0,0,0,1,0,1,0,1],[0,0,0,0,0,0,0,0,0,0,0,0,1,0,1,0,1],[0,0,1,1,1,1,1,1,1,1,1,0,0,0,0,0,0],[0,0,0,0,0,0,0,0,0,0,0,2,0,2,0,1,0],[1,0,0,1,1,1,1,1,1,1,1,0,0,0,0,0,0],[0,0,0,0,0,0,0,0,0,0,0,2,0,1,0,2,0],[0,1,0,1,1,1,1,1,1,1,1,0,0,0,0,0,0],[0,0,0,0,0,0,0,0,0,0,0,1,0,2,0,2,0]],
[[0,0,0,0,0,0,0,0,0,0,0,0,0,0,0,1,0],[0,0,0,0,0,0,0,0,0,0,0,1,0,0,0,0,0],[0,0,0,0,0,0,0,0,0,0,0,0,0,1,0,0,0],[0,0,0,0,0,0,0,0,0,0,0,1,0,1,0,1,0],[0,0,0,0,0,0,0,0,0,0,0,1,0,1,0,1,0],[0,0,0,0,0,0,0,0,0,0,0,1,0,1,0,1,0],[0,0,0,0,0,0,0,0,0,0,0,1,0,1,0,1,0],[0,0,0,0,0,0,0,0,0,0,0,1,0,1,0,1,0],[0,0,0,0,0,0,0,0,0,0,0,1,0,1,0,1,0],[0,0,0,0,0,0,0,0,0,0,0,1,0,1,0,1,0],[0,0,0,0,0,0,0,0,0,0,0,1,0,1,0,1,0],[0,0,0,0,0,0,0,0,0,0,0,0,2,0,1,0,2],[0,0,1,1,1,1,1,1,1,1,1,0,0,0,0,0,0],[0,0,0,0,0,0,0,0,0,0,0,0,1,0,2,0,2],[0,1,0,1,1,1,1,1,1,1,1,0,0,0,0,0,0],[0,0,0,0,0,0,0,0,0,0,0,0,2,0,2,0,1],[1,0,0,1,1,1,1,1,1,1,1,0,0,0,0,0,0]],
[[0,0,0,0,0,0,0,0,0,0,0,0,0,0,0,0,1],[0,0,0,0,0,0,0,0,0,0,0,0,0,0,1,0,0],[0,0,0,0,0,0,0,0,0,0,0,0,1,0,0,0,0],[0,0,0,0,0,0,0,0,0,0,0,0,1,0,1,0,1],[0,0,0,0,0,0,0,0,0,0,0,0,1,0,1,0,1],[0,0,0,0,0,0,0,0,0,0,0,0,1,0,1,0,1],[0,0,0,0,0,0,0,0,0,0,0,0,1,0,1,0,1],[0,0,0,0,0,0,0,0,0,0,0,0,1,0,1,0,1],[0,0,0,0,0,0,0,0,0,0,0,0,1,0,1,0,1],[0,0,0,0,0,0,0,0,0,0,0,0,1,0,1,0,1],[0,0,0,0,0,0,0,0,0,0,0,0,1,0,1,0,1],[0,1,0,1,1,1,1,1,1,1,1,0,0,0,0,0,0],[0,0,0,0,0,0,0,0,0,0,0,2,0,1,0,2,0],[0,0,1,1,1,1,1,1,1,1,1,0,0,0,0,0,0],[0,0,0,0,0,0,0,0,0,0,0,1,0,2,0,2,0],[1,0,0,1,1,1,1,1,1,1,1,0,0,0,0,0,0],[0,0,0,0,0,0,0,0,0,0,0,2,0,2,0,1,0]]
]
# MD
[[1, 1, 1, 3, 3, 3, 3, 3, 3, 3, 3, 5, 5, 5, 5, 5, 5],
[1, 1, 1, 3, 3, 3, 3, 3, 3, 3, 3, 5*E(3)^2, 5*E(3), 5*E(3)^2, 5*E(3), 5*E(3)^2, 5*E(3)],
[1, 1, 1, 3, 3, 3, 3, 3, 3, 3, 3, 5*E(3), 5*E(3)^2, 5*E(3), 5*E(3)^2, 5*E(3), 5*E(3)^2],
[3, 3, 3, 6*E(5)^3 + 3*E(5)^4, 3*E(5) + 6*E(5)^2, -3*E(5)^2 - 3*E(5)^3, -3*E(5)^2 - 3*E(5)^3, -3*E(5) - 3*E(5)^4, -3*E(5) - 3*E(5)^4, 3*E(5)^2 + 6*E(5)^4, 6*E(5) + 3*E(5)^3, 0, 0, 0, 0, 0, 0],
[3, 3, 3, 3*E(5) + 6*E(5)^2, 6*E(5)^3 + 3*E(5)^4, -3*E(5)^2 - 3*E(5)^3, -3*E(5)^2 - 3*E(5)^3, -3*E(5) - 3*E(5)^4, -3*E(5) - 3*E(5)^4, 6*E(5) + 3*E(5)^3, 3*E(5)^2 + 6*E(5)^4, 0, 0, 0, 0, 0, 0],
[3, 3, 3, -3*E(5)^2 - 3*E(5)^3, -3*E(5)^2 - 3*E(5)^3, 3*E(5)^2 + 6*E(5)^4, 6*E(5) + 3*E(5)^3, 6*E(5)^3 + 3*E(5)^4, 3*E(5) + 6*E(5)^2, -3*E(5) - 3*E(5)^4, -3*E(5) - 3*E(5)^4, 0, 0, 0, 0, 0, 0],
[3, 3, 3, -3*E(5)^2 - 3*E(5)^3, -3*E(5)^2 - 3*E(5)^3, 6*E(5) + 3*E(5)^3, 3*E(5)^2 + 6*E(5)^4, 3*E(5) + 6*E(5)^2, 6*E(5)^3 + 3*E(5)^4, -3*E(5) - 3*E(5)^4, -3*E(5) - 3*E(5)^4, 0, 0, 0, 0, 0, 0],
[3, 3, 3, -3*E(5) - 3*E(5)^4, -3*E(5) - 3*E(5)^4, 6*E(5)^3 + 3*E(5)^4, 3*E(5) + 6*E(5)^2, 6*E(5) + 3*E(5)^3, 3*E(5)^2 + 6*E(5)^4, -3*E(5)^2 - 3*E(5)^3, -3*E(5)^2 - 3*E(5)^3, 0, 0, 0, 0, 0, 0],
[3, 3, 3, -3*E(5) - 3*E(5)^4, -3*E(5) - 3*E(5)^4, 3*E(5) + 6*E(5)^2, 6*E(5)^3 + 3*E(5)^4, 3*E(5)^2 + 6*E(5)^4, 6*E(5) + 3*E(5)^3, -3*E(5)^2 - 3*E(5)^3, -3*E(5)^2 - 3*E(5)^3, 0, 0, 0, 0, 0, 0],
[3, 3, 3, 3*E(5)^2 + 6*E(5)^4, 6*E(5) + 3*E(5)^3, -3*E(5) - 3*E(5)^4, -3*E(5) - 3*E(5)^4, -3*E(5)^2 - 3*E(5)^3, -3*E(5)^2 - 3*E(5)^3, 3*E(5) + 6*E(5)^2, 6*E(5)^3 + 3*E(5)^4, 0, 0, 0, 0, 0, 0],
[3, 3, 3, 6*E(5) + 3*E(5)^3, 3*E(5)^2 + 6*E(5)^4, -3*E(5) - 3*E(5)^4, -3*E(5) - 3*E(5)^4, -3*E(5)^2 - 3*E(5)^3, -3*E(5)^2 - 3*E(5)^3, 6*E(5)^3 + 3*E(5)^4, 3*E(5) + 6*E(5)^2, 0, 0, 0, 0, 0, 0],
[5, 5*E(3)^2, 5*E(3), 0, 0, 0, 0, 0, 0, 0, 0, -5*E(3)^2, -5*E(3), -5*E(3), -5*E(3)^2, -5, -5],
[5, 5*E(3), 5*E(3)^2, 0, 0, 0, 0, 0, 0, 0, 0, -5*E(3), -5*E(3)^2, -5*E(3)^2, -5*E(3), -5, -5],
[5, 5*E(3)^2, 5*E(3), 0, 0, 0, 0, 0, 0, 0, 0, -5*E(3), -5*E(3)^2, -5, -5, -5*E(3)^2, -5*E(3)],
[5, 5*E(3), 5*E(3)^2, 0, 0, 0, 0, 0, 0, 0, 0, -5*E(3)^2, -5*E(3), -5, -5, -5*E(3), -5*E(3)^2],
[5, 5*E(3)^2, 5*E(3), 0, 0, 0, 0, 0, 0, 0, 0, -5, -5, -5*E(3)^2, -5*E(3), -5*E(3), -5*E(3)^2],
[5, 5*E(3), 5*E(3)^2, 0, 0, 0, 0, 0, 0, 0, 0, -5, -5, -5*E(3), -5*E(3)^2, -5*E(3)^2, -5*E(3)]],
[0, 0, 0, -2/5, -2/5, -1/5, -1/5, 1/5, 1/5, 2/5, 2/5, -1/3, -1/3, 0, 0, 1/3, 1/3],
[1, 1, 1, 3, 3, 3, 3, 3, 3, 3, 3, 5, 5, 5, 5, 5, 5], 15, 15, 4, [1, 0, 0, 0, 0, 0, 0, 0, 0, 0, 0, 0, 0, 0, 0, 0, 0]]


# Second fusion ring
[
[[1,0,0,0,0,0,0,0,0,0,0,0,0,0,0,0,0],[0,1,0,0,0,0,0,0,0,0,0,0,0,0,0,0,0],[0,0,1,0,0,0,0,0,0,0,0,0,0,0,0,0,0],[0,0,0,1,0,0,0,0,0,0,0,0,0,0,0,0,0],[0,0,0,0,1,0,0,0,0,0,0,0,0,0,0,0,0],[0,0,0,0,0,1,0,0,0,0,0,0,0,0,0,0,0],[0,0,0,0,0,0,1,0,0,0,0,0,0,0,0,0,0],[0,0,0,0,0,0,0,1,0,0,0,0,0,0,0,0,0],[0,0,0,0,0,0,0,0,1,0,0,0,0,0,0,0,0],[0,0,0,0,0,0,0,0,0,1,0,0,0,0,0,0,0],[0,0,0,0,0,0,0,0,0,0,1,0,0,0,0,0,0],[0,0,0,0,0,0,0,0,0,0,0,1,0,0,0,0,0],[0,0,0,0,0,0,0,0,0,0,0,0,1,0,0,0,0],[0,0,0,0,0,0,0,0,0,0,0,0,0,1,0,0,0],[0,0,0,0,0,0,0,0,0,0,0,0,0,0,1,0,0],[0,0,0,0,0,0,0,0,0,0,0,0,0,0,0,1,0],[0,0,0,0,0,0,0,0,0,0,0,0,0,0,0,0,1]],
[[0,1,0,0,0,0,0,0,0,0,0,0,0,0,0,0,0],[0,0,1,0,0,0,0,0,0,0,0,0,0,0,0,0,0],[1,0,0,0,0,0,0,0,0,0,0,0,0,0,0,0,0],[0,0,0,1,0,0,0,0,0,0,0,0,0,0,0,0,0],[0,0,0,0,1,0,0,0,0,0,0,0,0,0,0,0,0],[0,0,0,0,0,1,0,0,0,0,0,0,0,0,0,0,0],[0,0,0,0,0,0,1,0,0,0,0,0,0,0,0,0,0],[0,0,0,0,0,0,0,1,0,0,0,0,0,0,0,0,0],[0,0,0,0,0,0,0,0,1,0,0,0,0,0,0,0,0],[0,0,0,0,0,0,0,0,0,1,0,0,0,0,0,0,0],[0,0,0,0,0,0,0,0,0,0,1,0,0,0,0,0,0],[0,0,0,0,0,0,0,0,0,0,0,0,0,0,0,1,0],[0,0,0,0,0,0,0,0,0,0,0,0,0,0,1,0,0],[0,0,0,0,0,0,0,0,0,0,0,1,0,0,0,0,0],[0,0,0,0,0,0,0,0,0,0,0,0,0,0,0,0,1],[0,0,0,0,0,0,0,0,0,0,0,0,0,1,0,0,0],[0,0,0,0,0,0,0,0,0,0,0,0,1,0,0,0,0]],
[[0,0,1,0,0,0,0,0,0,0,0,0,0,0,0,0,0],[1,0,0,0,0,0,0,0,0,0,0,0,0,0,0,0,0],[0,1,0,0,0,0,0,0,0,0,0,0,0,0,0,0,0],[0,0,0,1,0,0,0,0,0,0,0,0,0,0,0,0,0],[0,0,0,0,1,0,0,0,0,0,0,0,0,0,0,0,0],[0,0,0,0,0,1,0,0,0,0,0,0,0,0,0,0,0],[0,0,0,0,0,0,1,0,0,0,0,0,0,0,0,0,0],[0,0,0,0,0,0,0,1,0,0,0,0,0,0,0,0,0],[0,0,0,0,0,0,0,0,1,0,0,0,0,0,0,0,0],[0,0,0,0,0,0,0,0,0,1,0,0,0,0,0,0,0],[0,0,0,0,0,0,0,0,0,0,1,0,0,0,0,0,0],[0,0,0,0,0,0,0,0,0,0,0,0,0,1,0,0,0],[0,0,0,0,0,0,0,0,0,0,0,0,0,0,0,0,1],[0,0,0,0,0,0,0,0,0,0,0,0,0,0,0,1,0],[0,0,0,0,0,0,0,0,0,0,0,0,1,0,0,0,0],[0,0,0,0,0,0,0,0,0,0,0,1,0,0,0,0,0],[0,0,0,0,0,0,0,0,0,0,0,0,0,0,1,0,0]],
[[0,0,0,1,0,0,0,0,0,0,0,0,0,0,0,0,0],[0,0,0,1,0,0,0,0,0,0,0,0,0,0,0,0,0],[0,0,0,1,0,0,0,0,0,0,0,0,0,0,0,0,0],[0,0,0,0,2,0,0,0,0,0,1,0,0,0,0,0,0],[1,1,1,0,0,1,1,0,0,0,0,0,0,0,0,0,0],[0,0,0,1,0,0,0,1,0,1,0,0,0,0,0,0,0],[0,0,0,1,0,0,0,0,1,1,0,0,0,0,0,0,0],[0,0,0,0,0,1,0,1,0,0,1,0,0,0,0,0,0],[0,0,0,0,0,0,1,0,1,0,1,0,0,0,0,0,0],[0,0,0,0,1,0,0,1,1,0,0,0,0,0,0,0,0],[0,0,0,0,0,1,1,0,0,1,0,0,0,0,0,0,0],[0,0,0,0,0,0,0,0,0,0,0,1,0,1,0,1,0],[0,0,0,0,0,0,0,0,0,0,0,0,1,0,1,0,1],[0,0,0,0,0,0,0,0,0,0,0,1,0,1,0,1,0],[0,0,0,0,0,0,0,0,0,0,0,0,1,0,1,0,1],[0,0,0,0,0,0,0,0,0,0,0,1,0,1,0,1,0],[0,0,0,0,0,0,0,0,0,0,0,0,1,0,1,0,1]],
[[0,0,0,0,1,0,0,0,0,0,0,0,0,0,0,0,0],[0,0,0,0,1,0,0,0,0,0,0,0,0,0,0,0,0],[0,0,0,0,1,0,0,0,0,0,0,0,0,0,0,0,0],[1,1,1,0,0,1,1,0,0,0,0,0,0,0,0,0,0],[0,0,0,2,0,0,0,0,0,1,0,0,0,0,0,0,0],[0,0,0,0,1,0,0,1,0,0,1,0,0,0,0,0,0],[0,0,0,0,1,0,0,0,1,0,1,0,0,0,0,0,0],[0,0,0,0,0,1,0,1,0,1,0,0,0,0,0,0,0],[0,0,0,0,0,0,1,0,1,1,0,0,0,0,0,0,0],[0,0,0,0,0,1,1,0,0,0,1,0,0,0,0,0,0],[0,0,0,1,0,0,0,1,1,0,0,0,0,0,0,0,0],[0,0,0,0,0,0,0,0,0,0,0,1,0,1,0,1,0],[0,0,0,0,0,0,0,0,0,0,0,0,1,0,1,0,1],[0,0,0,0,0,0,0,0,0,0,0,1,0,1,0,1,0],[0,0,0,0,0,0,0,0,0,0,0,0,1,0,1,0,1],[0,0,0,0,0,0,0,0,0,0,0,1,0,1,0,1,0],[0,0,0,0,0,0,0,0,0,0,0,0,1,0,1,0,1]],
[[0,0,0,0,0,1,0,0,0,0,0,0,0,0,0,0,0],[0,0,0,0,0,1,0,0,0,0,0,0,0,0,0,0,0],[0,0,0,0,0,1,0,0,0,0,0,0,0,0,0,0,0],[0,0,0,1,0,0,0,1,0,1,0,0,0,0,0,0,0],[0,0,0,0,1,0,0,1,0,0,1,0,0,0,0,0,0],[0,0,0,0,0,0,2,1,0,0,0,0,0,0,0,0,0],[1,1,1,0,0,0,0,0,0,1,1,0,0,0,0,0,0],[0,0,0,0,0,0,0,0,1,1,1,0,0,0,0,0,0],[0,0,0,1,1,0,1,0,0,0,0,0,0,0,0,0,0],[0,0,0,1,0,1,0,0,1,0,0,0,0,0,0,0,0],[0,0,0,0,1,1,0,0,1,0,0,0,0,0,0,0,0],[0,0,0,0,0,0,0,0,0,0,0,1,0,1,0,1,0],[0,0,0,0,0,0,0,0,0,0,0,0,1,0,1,0,1],[0,0,0,0,0,0,0,0,0,0,0,1,0,1,0,1,0],[0,0,0,0,0,0,0,0,0,0,0,0,1,0,1,0,1],[0,0,0,0,0,0,0,0,0,0,0,1,0,1,0,1,0],[0,0,0,0,0,0,0,0,0,0,0,0,1,0,1,0,1]],
[[0,0,0,0,0,0,1,0,0,0,0,0,0,0,0,0,0],[0,0,0,0,0,0,1,0,0,0,0,0,0,0,0,0,0],[0,0,0,0,0,0,1,0,0,0,0,0,0,0,0,0,0],[0,0,0,1,0,0,0,0,1,1,0,0,0,0,0,0,0],[0,0,0,0,1,0,0,0,1,0,1,0,0,0,0,0,0],[1,1,1,0,0,0,0,0,0,1,1,0,0,0,0,0,0],[0,0,0,0,0,2,0,0,1,0,0,0,0,0,0,0,0],[0,0,0,1,1,1,0,0,0,0,0,0,0,0,0,0,0],[0,0,0,0,0,0,0,1,0,1,1,0,0,0,0,0,0],[0,0,0,1,0,0,1,1,0,0,0,0,0,0,0,0,0],[0,0,0,0,1,0,1,1,0,0,0,0,0,0,0,0,0],[0,0,0,0,0,0,0,0,0,0,0,1,0,1,0,1,0],[0,0,0,0,0,0,0,0,0,0,0,0,1,0,1,0,1],[0,0,0,0,0,0,0,0,0,0,0,1,0,1,0,1,0],[0,0,0,0,0,0,0,0,0,0,0,0,1,0,1,0,1],[0,0,0,0,0,0,0,0,0,0,0,1,0,1,0,1,0],[0,0,0,0,0,0,0,0,0,0,0,0,1,0,1,0,1]],
[[0,0,0,0,0,0,0,1,0,0,0,0,0,0,0,0,0],[0,0,0,0,0,0,0,1,0,0,0,0,0,0,0,0,0],[0,0,0,0,0,0,0,1,0,0,0,0,0,0,0,0,0],[0,0,0,0,0,1,0,1,0,0,1,0,0,0,0,0,0],[0,0,0,0,0,1,0,1,0,1,0,0,0,0,0,0,0],[0,0,0,0,0,0,0,0,1,1,1,0,0,0,0,0,0],[0,0,0,1,1,1,0,0,0,0,0,0,0,0,0,0,0],[0,0,0,0,0,0,1,0,2,0,0,0,0,0,0,0,0],[1,1,1,1,1,0,0,0,0,0,0,0,0,0,0,0,0],[0,0,0,0,1,0,1,0,0,1,0,0,0,0,0,0,0],[0,0,0,1,0,0,1,0,0,0,1,0,0,0,0,0,0],[0,0,0,0,0,0,0,0,0,0,0,1,0,1,0,1,0],[0,0,0,0,0,0,0,0,0,0,0,0,1,0,1,0,1],[0,0,0,0,0,0,0,0,0,0,0,1,0,1,0,1,0],[0,0,0,0,0,0,0,0,0,0,0,0,1,0,1,0,1],[0,0,0,0,0,0,0,0,0,0,0,1,0,1,0,1,0],[0,0,0,0,0,0,0,0,0,0,0,0,1,0,1,0,1]],
[[0,0,0,0,0,0,0,0,1,0,0,0,0,0,0,0,0],[0,0,0,0,0,0,0,0,1,0,0,0,0,0,0,0,0],[0,0,0,0,0,0,0,0,1,0,0,0,0,0,0,0,0],[0,0,0,0,0,0,1,0,1,0,1,0,0,0,0,0,0],[0,0,0,0,0,0,1,0,1,1,0,0,0,0,0,0,0],[0,0,0,1,1,0,1,0,0,0,0,0,0,0,0,0,0],[0,0,0,0,0,0,0,1,0,1,1,0,0,0,0,0,0],[1,1,1,1,1,0,0,0,0,0,0,0,0,0,0,0,0],[0,0,0,0,0,1,0,2,0,0,0,0,0,0,0,0,0],[0,0,0,0,1,1,0,0,0,1,0,0,0,0,0,0,0],[0,0,0,1,0,1,0,0,0,0,1,0,0,0,0,0,0],[0,0,0,0,0,0,0,0,0,0,0,1,0,1,0,1,0],[0,0,0,0,0,0,0,0,0,0,0,0,1,0,1,0,1],[0,0,0,0,0,0,0,0,0,0,0,1,0,1,0,1,0],[0,0,0,0,0,0,0,0,0,0,0,0,1,0,1,0,1],[0,0,0,0,0,0,0,0,0,0,0,1,0,1,0,1,0],[0,0,0,0,0,0,0,0,0,0,0,0,1,0,1,0,1]],
[[0,0,0,0,0,0,0,0,0,1,0,0,0,0,0,0,0],[0,0,0,0,0,0,0,0,0,1,0,0,0,0,0,0,0],[0,0,0,0,0,0,0,0,0,1,0,0,0,0,0,0,0],[0,0,0,0,1,0,0,1,1,0,0,0,0,0,0,0,0],[0,0,0,0,0,1,1,0,0,0,1,0,0,0,0,0,0],[0,0,0,1,0,1,0,0,1,0,0,0,0,0,0,0,0],[0,0,0,1,0,0,1,1,0,0,0,0,0,0,0,0,0],[0,0,0,0,1,0,1,0,0,1,0,0,0,0,0,0,0],[0,0,0,0,1,1,0,0,0,1,0,0,0,0,0,0,0],[0,0,0,1,0,0,0,0,0,0,2,0,0,0,0,0,0],[1,1,1,0,0,0,0,1,1,0,0,0,0,0,0,0,0],[0,0,0,0,0,0,0,0,0,0,0,1,0,1,0,1,0],[0,0,0,0,0,0,0,0,0,0,0,0,1,0,1,0,1],[0,0,0,0,0,0,0,0,0,0,0,1,0,1,0,1,0],[0,0,0,0,0,0,0,0,0,0,0,0,1,0,1,0,1],[0,0,0,0,0,0,0,0,0,0,0,1,0,1,0,1,0],[0,0,0,0,0,0,0,0,0,0,0,0,1,0,1,0,1]],
[[0,0,0,0,0,0,0,0,0,0,1,0,0,0,0,0,0],[0,0,0,0,0,0,0,0,0,0,1,0,0,0,0,0,0],[0,0,0,0,0,0,0,0,0,0,1,0,0,0,0,0,0],[0,0,0,0,0,1,1,0,0,1,0,0,0,0,0,0,0],[0,0,0,1,0,0,0,1,1,0,0,0,0,0,0,0,0],[0,0,0,0,1,1,0,0,1,0,0,0,0,0,0,0,0],[0,0,0,0,1,0,1,1,0,0,0,0,0,0,0,0,0],[0,0,0,1,0,0,1,0,0,0,1,0,0,0,0,0,0],[0,0,0,1,0,1,0,0,0,0,1,0,0,0,0,0,0],[1,1,1,0,0,0,0,1,1,0,0,0,0,0,0,0,0],[0,0,0,0,1,0,0,0,0,2,0,0,0,0,0,0,0],[0,0,0,0,0,0,0,0,0,0,0,1,0,1,0,1,0],[0,0,0,0,0,0,0,0,0,0,0,0,1,0,1,0,1],[0,0,0,0,0,0,0,0,0,0,0,1,0,1,0,1,0],[0,0,0,0,0,0,0,0,0,0,0,0,1,0,1,0,1],[0,0,0,0,0,0,0,0,0,0,0,1,0,1,0,1,0],[0,0,0,0,0,0,0,0,0,0,0,0,1,0,1,0,1]],
[[0,0,0,0,0,0,0,0,0,0,0,1,0,0,0,0,0],[0,0,0,0,0,0,0,0,0,0,0,0,0,0,0,1,0],[0,0,0,0,0,0,0,0,0,0,0,0,0,1,0,0,0],[0,0,0,0,0,0,0,0,0,0,0,1,0,1,0,1,0],[0,0,0,0,0,0,0,0,0,0,0,1,0,1,0,1,0],[0,0,0,0,0,0,0,0,0,0,0,1,0,1,0,1,0],[0,0,0,0,0,0,0,0,0,0,0,1,0,1,0,1,0],[0,0,0,0,0,0,0,0,0,0,0,1,0,1,0,1,0],[0,0,0,0,0,0,0,0,0,0,0,1,0,1,0,1,0],[0,0,0,0,0,0,0,0,0,0,0,1,0,1,0,1,0],[0,0,0,0,0,0,0,0,0,0,0,1,0,1,0,1,0],[0,0,0,0,0,0,0,0,0,0,0,0,2,0,1,0,2],[1,0,0,1,1,1,1,1,1,1,1,0,0,0,0,0,0],[0,0,0,0,0,0,0,0,0,0,0,0,1,0,2,0,2],[0,1,0,1,1,1,1,1,1,1,1,0,0,0,0,0,0],[0,0,0,0,0,0,0,0,0,0,0,0,2,0,2,0,1],[0,0,1,1,1,1,1,1,1,1,1,0,0,0,0,0,0]],
[[0,0,0,0,0,0,0,0,0,0,0,0,1,0,0,0,0],[0,0,0,0,0,0,0,0,0,0,0,0,0,0,1,0,0],[0,0,0,0,0,0,0,0,0,0,0,0,0,0,0,0,1],[0,0,0,0,0,0,0,0,0,0,0,0,1,0,1,0,1],[0,0,0,0,0,0,0,0,0,0,0,0,1,0,1,0,1],[0,0,0,0,0,0,0,0,0,0,0,0,1,0,1,0,1],[0,0,0,0,0,0,0,0,0,0,0,0,1,0,1,0,1],[0,0,0,0,0,0,0,0,0,0,0,0,1,0,1,0,1],[0,0,0,0,0,0,0,0,0,0,0,0,1,0,1,0,1],[0,0,0,0,0,0,0,0,0,0,0,0,1,0,1,0,1],[0,0,0,0,0,0,0,0,0,0,0,0,1,0,1,0,1],[1,0,0,1,1,1,1,1,1,1,1,0,0,0,0,0,0],[0,0,0,0,0,0,0,0,0,0,0,2,0,1,0,2,0],[0,0,1,1,1,1,1,1,1,1,1,0,0,0,0,0,0],[0,0,0,0,0,0,0,0,0,0,0,1,0,2,0,2,0],[0,1,0,1,1,1,1,1,1,1,1,0,0,0,0,0,0],[0,0,0,0,0,0,0,0,0,0,0,2,0,2,0,1,0]],
[[0,0,0,0,0,0,0,0,0,0,0,0,0,1,0,0,0],[0,0,0,0,0,0,0,0,0,0,0,1,0,0,0,0,0],[0,0,0,0,0,0,0,0,0,0,0,0,0,0,0,1,0],[0,0,0,0,0,0,0,0,0,0,0,1,0,1,0,1,0],[0,0,0,0,0,0,0,0,0,0,0,1,0,1,0,1,0],[0,0,0,0,0,0,0,0,0,0,0,1,0,1,0,1,0],[0,0,0,0,0,0,0,0,0,0,0,1,0,1,0,1,0],[0,0,0,0,0,0,0,0,0,0,0,1,0,1,0,1,0],[0,0,0,0,0,0,0,0,0,0,0,1,0,1,0,1,0],[0,0,0,0,0,0,0,0,0,0,0,1,0,1,0,1,0],[0,0,0,0,0,0,0,0,0,0,0,1,0,1,0,1,0],[0,0,0,0,0,0,0,0,0,0,0,0,1,0,2,0,2],[0,0,1,1,1,1,1,1,1,1,1,0,0,0,0,0,0],[0,0,0,0,0,0,0,0,0,0,0,0,2,0,2,0,1],[1,0,0,1,1,1,1,1,1,1,1,0,0,0,0,0,0],[0,0,0,0,0,0,0,0,0,0,0,0,2,0,1,0,2],[0,1,0,1,1,1,1,1,1,1,1,0,0,0,0,0,0]],
[[0,0,0,0,0,0,0,0,0,0,0,0,0,0,1,0,0],[0,0,0,0,0,0,0,0,0,0,0,0,0,0,0,0,1],[0,0,0,0,0,0,0,0,0,0,0,0,1,0,0,0,0],[0,0,0,0,0,0,0,0,0,0,0,0,1,0,1,0,1],[0,0,0,0,0,0,0,0,0,0,0,0,1,0,1,0,1],[0,0,0,0,0,0,0,0,0,0,0,0,1,0,1,0,1],[0,0,0,0,0,0,0,0,0,0,0,0,1,0,1,0,1],[0,0,0,0,0,0,0,0,0,0,0,0,1,0,1,0,1],[0,0,0,0,0,0,0,0,0,0,0,0,1,0,1,0,1],[0,0,0,0,0,0,0,0,0,0,0,0,1,0,1,0,1],[0,0,0,0,0,0,0,0,0,0,0,0,1,0,1,0,1],[0,1,0,1,1,1,1,1,1,1,1,0,0,0,0,0,0],[0,0,0,0,0,0,0,0,0,0,0,1,0,2,0,2,0],[1,0,0,1,1,1,1,1,1,1,1,0,0,0,0,0,0],[0,0,0,0,0,0,0,0,0,0,0,2,0,2,0,1,0],[0,0,1,1,1,1,1,1,1,1,1,0,0,0,0,0,0],[0,0,0,0,0,0,0,0,0,0,0,2,0,1,0,2,0]],
[[0,0,0,0,0,0,0,0,0,0,0,0,0,0,0,1,0],[0,0,0,0,0,0,0,0,0,0,0,0,0,1,0,0,0],[0,0,0,0,0,0,0,0,0,0,0,1,0,0,0,0,0],[0,0,0,0,0,0,0,0,0,0,0,1,0,1,0,1,0],[0,0,0,0,0,0,0,0,0,0,0,1,0,1,0,1,0],[0,0,0,0,0,0,0,0,0,0,0,1,0,1,0,1,0],[0,0,0,0,0,0,0,0,0,0,0,1,0,1,0,1,0],[0,0,0,0,0,0,0,0,0,0,0,1,0,1,0,1,0],[0,0,0,0,0,0,0,0,0,0,0,1,0,1,0,1,0],[0,0,0,0,0,0,0,0,0,0,0,1,0,1,0,1,0],[0,0,0,0,0,0,0,0,0,0,0,1,0,1,0,1,0],[0,0,0,0,0,0,0,0,0,0,0,0,2,0,2,0,1],[0,1,0,1,1,1,1,1,1,1,1,0,0,0,0,0,0],[0,0,0,0,0,0,0,0,0,0,0,0,2,0,1,0,2],[0,0,1,1,1,1,1,1,1,1,1,0,0,0,0,0,0],[0,0,0,0,0,0,0,0,0,0,0,0,1,0,2,0,2],[1,0,0,1,1,1,1,1,1,1,1,0,0,0,0,0,0]],
[[0,0,0,0,0,0,0,0,0,0,0,0,0,0,0,0,1],[0,0,0,0,0,0,0,0,0,0,0,0,1,0,0,0,0],[0,0,0,0,0,0,0,0,0,0,0,0,0,0,1,0,0],[0,0,0,0,0,0,0,0,0,0,0,0,1,0,1,0,1],[0,0,0,0,0,0,0,0,0,0,0,0,1,0,1,0,1],[0,0,0,0,0,0,0,0,0,0,0,0,1,0,1,0,1],[0,0,0,0,0,0,0,0,0,0,0,0,1,0,1,0,1],[0,0,0,0,0,0,0,0,0,0,0,0,1,0,1,0,1],[0,0,0,0,0,0,0,0,0,0,0,0,1,0,1,0,1],[0,0,0,0,0,0,0,0,0,0,0,0,1,0,1,0,1],[0,0,0,0,0,0,0,0,0,0,0,0,1,0,1,0,1],[0,0,1,1,1,1,1,1,1,1,1,0,0,0,0,0,0],[0,0,0,0,0,0,0,0,0,0,0,2,0,2,0,1,0],[0,1,0,1,1,1,1,1,1,1,1,0,0,0,0,0,0],[0,0,0,0,0,0,0,0,0,0,0,2,0,1,0,2,0],[1,0,0,1,1,1,1,1,1,1,1,0,0,0,0,0,0],[0,0,0,0,0,0,0,0,0,0,0,1,0,2,0,2,0]]
]

#MD1
[[1,1,1,3,3,3,3,3,3,3,3,5,5,5,5,5,5],
[1,1,1,3,3,3,3,3,3,3,3,5*E(3),5*E(3)^2,5*E(3),5*E(3)^2,5*E(3),5*E(3)^2],
[1,1,1,3,3,3,3,3,3,3,3,5*E(3)^2,5*E(3),5*E(3)^2,5*E(3),5*E(3)^2,5*E(3)],
[3,3,3,6*E(5)^3 + 3*E(5)^4,3*E(5) + 6*E(5)^2,-3*E(5)^2 - 3*E(5)^3,-3*E(5)^2 - 3*E(5)^3,-3*E(5) - 3*E(5)^4,-3*E(5) - 3*E(5)^4,3*E(5)^2 + 6*E(5)^4,6*E(5) + 3*E(5)^3,0,0,0,0,0,0],
[3,3,3,3*E(5) + 6*E(5)^2,6*E(5)^3 + 3*E(5)^4,-3*E(5)^2 - 3*E(5)^3,-3*E(5)^2 - 3*E(5)^3,-3*E(5) - 3*E(5)^4,-3*E(5) - 3*E(5)^4,6*E(5) + 3*E(5)^3,3*E(5)^2 + 6*E(5)^4,0,0,0,0,0,0],
[3,3,3,-3*E(5)^2 - 3*E(5)^3,-3*E(5)^2 - 3*E(5)^3,3*E(5)^2 + 6*E(5)^4,6*E(5) + 3*E(5)^3,6*E(5)^3 + 3*E(5)^4,3*E(5) + 6*E(5)^2,-3*E(5) - 3*E(5)^4,-3*E(5) - 3*E(5)^4,0,0,0,0,0,0],
[3,3,3,-3*E(5)^2 - 3*E(5)^3,-3*E(5)^2 - 3*E(5)^3,6*E(5) + 3*E(5)^3,3*E(5)^2 + 6*E(5)^4,3*E(5) + 6*E(5)^2,6*E(5)^3 + 3*E(5)^4,-3*E(5) - 3*E(5)^4,-3*E(5) - 3*E(5)^4,0,0,0,0,0,0],
[3,3,3,-3*E(5) - 3*E(5)^4,-3*E(5) - 3*E(5)^4,6*E(5)^3 + 3*E(5)^4,3*E(5) + 6*E(5)^2,6*E(5) + 3*E(5)^3,3*E(5)^2 + 6*E(5)^4,-3*E(5)^2 - 3*E(5)^3,-3*E(5)^2 - 3*E(5)^3,0,0,0,0,0,0],
[3,3,3,-3*E(5) - 3*E(5)^4,-3*E(5) - 3*E(5)^4,3*E(5) + 6*E(5)^2,6*E(5)^3 + 3*E(5)^4,3*E(5)^2 + 6*E(5)^4,6*E(5) + 3*E(5)^3,-3*E(5)^2 - 3*E(5)^3,-3*E(5)^2 - 3*E(5)^3,0,0,0,0,0,0],
[3,3,3,3*E(5)^2 + 6*E(5)^4,6*E(5) + 3*E(5)^3,-3*E(5) - 3*E(5)^4,-3*E(5) - 3*E(5)^4,-3*E(5)^2 - 3*E(5)^3,-3*E(5)^2 - 3*E(5)^3,3*E(5) + 6*E(5)^2,6*E(5)^3 + 3*E(5)^4,0,0,0,0,0,0],
[3,3,3,6*E(5) + 3*E(5)^3,3*E(5)^2 + 6*E(5)^4,-3*E(5) - 3*E(5)^4,-3*E(5) - 3*E(5)^4,-3*E(5)^2 - 3*E(5)^3,-3*E(5)^2 - 3*E(5)^3,6*E(5)^3 + 3*E(5)^4,3*E(5) + 6*E(5)^2,0,0,0,0,0,0],
[5,5*E(3),5*E(3)^2,0,0,0,0,0,0,0,0,-5*E(9)^4,-5*E(9)^5,5*E(9)^4 + 5*E(9)^7,5*E(9)^2 + 5*E(9)^5,-5*E(9)^7,-5*E(9)^2],
[5,5*E(3)^2,5*E(3),0,0,0,0,0,0,0,0,-5*E(9)^5,-5*E(9)^4,5*E(9)^2 + 5*E(9)^5,5*E(9)^4 + 5*E(9)^7,-5*E(9)^2,-5*E(9)^7],
[5,5*E(3),5*E(3)^2,0,0,0,0,0,0,0,0,5*E(9)^4 + 5*E(9)^7,5*E(9)^2 + 5*E(9)^5,-5*E(9)^7,-5*E(9)^2,-5*E(9)^4,-5*E(9)^5],
[5,5*E(3)^2,5*E(3),0,0,0,0,0,0,0,0,5*E(9)^2 + 5*E(9)^5,5*E(9)^4 + 5*E(9)^7,-5*E(9)^2,-5*E(9)^7,-5*E(9)^5,-5*E(9)^4],
[5,5*E(3),5*E(3)^2,0,0,0,0,0,0,0,0,-5*E(9)^7,-5*E(9)^2,-5*E(9)^4,-5*E(9)^5,5*E(9)^4 + 5*E(9)^7,5*E(9)^2 + 5*E(9)^5],
[5,5*E(3)^2,5*E(3),0,0,0,0,0,0,0,0,-5*E(9)^2,-5*E(9)^7,-5*E(9)^5,-5*E(9)^4,5*E(9)^2 + 5*E(9)^5,5*E(9)^4 + 5*E(9)^7]]
[0, 0, 0, -2/5, -2/5, -1/5, -1/5, 1/5, 1/5, 2/5, 2/5, -2/9, -2/9, 1/9, 1/9, 4/9, 4/9], 45, 45, 4, [1, 0, 0, 0, 0, 0, 0, 0, 0, 0, 0, 0, 0, 0, 0, 0, 0]

#MD2
[[1,1,1,3,3,3,3,3,3,3,3,5,5,5,5,5,5],
[1,1,1,3,3,3,3,3,3,3,3,5*E(3)^2,5*E(3),5*E(3)^2,5*E(3),5*E(3)^2,5*E(3)],
[1,1,1,3,3,3,3,3,3,3,3,5*E(3),5*E(3)^2,5*E(3),5*E(3)^2,5*E(3),5*E(3)^2],
[3,3,3,6*E(5)^3 + 3*E(5)^4,3*E(5) + 6*E(5)^2,-3*E(5)^2 - 3*E(5)^3,-3*E(5)^2 - 3*E(5)^3,-3*E(5) - 3*E(5)^4,-3*E(5) - 3*E(5)^4,3*E(5)^2 + 6*E(5)^4,6*E(5) + 3*E(5)^3,0,0,0,0,0,0],
[3,3,3,3*E(5) + 6*E(5)^2,6*E(5)^3 + 3*E(5)^4,-3*E(5)^2 - 3*E(5)^3,-3*E(5)^2 - 3*E(5)^3,-3*E(5) - 3*E(5)^4,-3*E(5) - 3*E(5)^4,6*E(5) + 3*E(5)^3,3*E(5)^2 + 6*E(5)^4,0,0,0,0,0,0],
[3,3,3,-3*E(5)^2 - 3*E(5)^3,-3*E(5)^2 - 3*E(5)^3,3*E(5)^2 + 6*E(5)^4,6*E(5) + 3*E(5)^3,3*E(5) + 6*E(5)^2,6*E(5)^3 + 3*E(5)^4,-3*E(5) - 3*E(5)^4,-3*E(5) - 3*E(5)^4,0,0,0,0,0,0],
[3,3,3,-3*E(5)^2 - 3*E(5)^3,-3*E(5)^2 - 3*E(5)^3,6*E(5) + 3*E(5)^3,3*E(5)^2 + 6*E(5)^4,6*E(5)^3 + 3*E(5)^4,3*E(5) + 6*E(5)^2,-3*E(5) - 3*E(5)^4,-3*E(5) - 3*E(5)^4,0,0,0,0,0,0],
[3,3,3,-3*E(5) - 3*E(5)^4,-3*E(5) - 3*E(5)^4,3*E(5) + 6*E(5)^2,6*E(5)^3 + 3*E(5)^4,6*E(5) + 3*E(5)^3,3*E(5)^2 + 6*E(5)^4,-3*E(5)^2 - 3*E(5)^3,-3*E(5)^2 - 3*E(5)^3,0,0,0,0,0,0],
[3,3,3,-3*E(5) - 3*E(5)^4,-3*E(5) - 3*E(5)^4,6*E(5)^3 + 3*E(5)^4,3*E(5) + 6*E(5)^2,3*E(5)^2 + 6*E(5)^4,6*E(5) + 3*E(5)^3,-3*E(5)^2 - 3*E(5)^3,-3*E(5)^2 - 3*E(5)^3,0,0,0,0,0,0],
[3,3,3,3*E(5)^2 + 6*E(5)^4,6*E(5) + 3*E(5)^3,-3*E(5) - 3*E(5)^4,-3*E(5) - 3*E(5)^4,-3*E(5)^2 - 3*E(5)^3,-3*E(5)^2 - 3*E(5)^3,3*E(5) + 6*E(5)^2,6*E(5)^3 + 3*E(5)^4,0,0,0,0,0,0],
[3,3,3,6*E(5) + 3*E(5)^3,3*E(5)^2 + 6*E(5)^4,-3*E(5) - 3*E(5)^4,-3*E(5) - 3*E(5)^4,-3*E(5)^2 - 3*E(5)^3,-3*E(5)^2 - 3*E(5)^3,6*E(5)^3 + 3*E(5)^4,3*E(5) + 6*E(5)^2,0,0,0,0,0,0],
[5,5*E(3)^2,5*E(3),0,0,0,0,0,0,0,0,5*E(9)^2 + 5*E(9)^5,5*E(9)^4 + 5*E(9)^7,-5*E(9)^5,-5*E(9)^4,-5*E(9)^2,-5*E(9)^7],
[5,5*E(3),5*E(3)^2,0,0,0,0,0,0,0,0,5*E(9)^4 + 5*E(9)^7,5*E(9)^2 + 5*E(9)^5,-5*E(9)^4,-5*E(9)^5,-5*E(9)^7,-5*E(9)^2],
[5,5*E(3)^2,5*E(3),0,0,0,0,0,0,0,0,-5*E(9)^5,-5*E(9)^4,-5*E(9)^2,-5*E(9)^7,5*E(9)^2 + 5*E(9)^5,5*E(9)^4 + 5*E(9)^7],
[5,5*E(3),5*E(3)^2,0,0,0,0,0,0,0,0,-5*E(9)^4,-5*E(9)^5,-5*E(9)^7,-5*E(9)^2,5*E(9)^4 + 5*E(9)^7,5*E(9)^2 + 5*E(9)^5],
[5,5*E(3)^2,5*E(3),0,0,0,0,0,0,0,0,-5*E(9)^2,-5*E(9)^7,5*E(9)^2 + 5*E(9)^5,5*E(9)^4 + 5*E(9)^7,-5*E(9)^5,-5*E(9)^4],
[5,5*E(3),5*E(3)^2,0,0,0,0,0,0,0,0,-5*E(9)^7,-5*E(9)^2,5*E(9)^4 + 5*E(9)^7,5*E(9)^2 + 5*E(9)^5,-5*E(9)^4,-5*E(9)^5]]
[0, 0, 0, -2/5, -2/5, -1/5, -1/5, 1/5, 1/5, 2/5, 2/5, -4/9, -4/9, -1/9, -1/9, 2/9, 2/9], 45, 45, 4, [1, 0, 0, 0, 0, 0, 0, 0, 0, 0, 0, 0, 0, 0, 0, 0, 0]


