7
8
9
12
14
15
18
20
21
24
27
28
30
32
33
35
36
39
40
42
45
48
54
55
56
60
63
66
70
72
75
78
80
84
88
90
96
99
100
104
105
108
110
117
120
126
130
132
135
140
144
147
150
156
160
162
165
168
171
180
189
192
195
198
200
204
210
216
220
225
228
231
234
240
252
255
260
264
270
272
280
285
288
294
297
300
308
312
315
320
330
336
342
345
360
378
390
396
405
420
432
440
450
456
460
462
465
468
480
483
495
500
504
510
520
525
528
540
546
561
585
588
594
600
609
620
624
630
648
660
666
672
675
684
690
693
700
714
720
744
756
765
770
780
812
816
819
825
828
840
850
855
882
900
903
920
924
930
936
945
966
975
980
990
1008
1020
1026
1035
1050
1064
1071
1080
1092
1100
1122
1125
1140
1155
1170
1176
1188
1200
1210
1218
1260
1320
1332
1368
1386
1395
1425
1428
1440
1485
1512
1540
1560
1575
1620
1640
1680
1683
1700
1710
1800
1806
1820
1848
1860
1890
1932
1980
2028
2058
2070
2079
2100
2106
2115
2145
2160
2184
2205
2295
2310
2340
2352
2376
2394
2420
2436
2475
2508
2520
2530
2541
2600
2640
2664
2688
2745
2772
2790
2805
2835
2850
2856
2925
2940
2970
3000
3105
3220
3276
3315
3366
3420
3465
3570
3600
3612
3660
3696
3705
3720
3740
3780
3825
3927
4060
4095
4104
4140
4158
4176
4200
4212
4275
4284
4368
4410
4452
4590
4620
4680
4725
4872
4920
4950
4970
5040
5060
5082
5100
5175
5256
5292
5313
5418
5439
5460
5565
5580
5720
5733
5796
5850
5922
6162
6300
6345
6468
6498
6580
6600
6630
6660
6696
6699
6885
6930
7020
7140
7224
7245
7320
7392
7440
7497
7540
7854
7980
8190
8268
8280
8364
8415
8424
8580
8820
9009
9240
9450
9548
9576
9900
9940
9975
10100
10395
10575
10626
10725
10878
10965
10980
11130
11220
11385
11880
11970
12012
12180
12210
12324
12642
13020
13338
13398
13695
13860
13992
14025
14260
14280
14322
14448
14520
14700
15345
15600
16002
16380
16695
16905
17346
17388
17595
17955
18018
18060
18354
18564
18600
19530
19740
19836
19845
19950
20328
21252
22620
23100
23994
24360
24420
24492
24648
24885
25245
25425
25620
26796
27090
28392
28665
28980
29106
29820
30600
31416
32580
32895
33810
34362
35420
35700
35910
36765
36975
37506
39123
39330
39732
41085
41580
44520
44730
46410
47058
48321
48620
48645
57330
58905
59220
59475
61908
64554
66780
68475
72072
75012
77658
78246
78540
79365
79716
80010
81585
86730
88620
90600
101178
112203
115290
117306
122892
130284
130995
132930
143220
150165
157122
174195
176820
196365
233772
234780
285516
292995
340725
397530
427812
467754
545412
746595
779730
854700
1089018
3263442
