7
8
9
10
12
14
15
16
18
20
21
22
24
27
28
30
32
33
35
36
39
40
42
44
45
48
50
52
54
55
56
60
63
66
68
70
72
75
78
80
84
88
90
96
99
100
102
104
105
108
110
112
114
117
120
126
130
132
135
136
140
144
147
150
152
154
156
160
162
165
168
170
171
176
180
189
192
195
198
200
204
210
216
220
224
225
228
230
231
234
238
240
252
255
260
264
270
272
276
280
285
288
294
297
300
308
310
312
315
320
324
330
336
340
342
345
348
350
352
360
372
378
380
384
390
396
400
405
406
408
414
416
420
432
440
444
448
450
456
460
462
465
468
476
480
483
490
495
500
504
510
520
525
528
532
540
546
550
552
558
560
561
570
572
576
580
585
588
594
600
609
612
620
624
630
648
650
660
666
672
675
680
684
690
693
696
700
702
714
720
728
744
756
765
768
770
774
780
792
798
800
810
812
816
819
820
825
828
836
840
850
855
860
864
880
882
888
896
900
903
910
912
918
920
924
930
936
945
950
952
960
966
975
980
984
990
1008
1012
1014
1020
1026
1035
1040
1050
1056
1064
1071
1080
1092
1100
1104
1110
1116
1120
1122
1125
1134
1140
1155
1170
1176
1188
1190
1200
1210
1218
1220
1224
1230
1248
1254
1260
1272
1296
1300
1302
1320
1326
1330
1332
1344
1350
1360
1368
1380
1386
1392
1395
1400
1404
1425
1428
1430
1440
1464
1470
1476
1485
1488
1500
1512
1518
1520
1530
1540
1548
1560
1575
1584
1596
1610
1620
1624
1632
1638
1640
1650
1656
1680
1683
1700
1710
1716
1720
1728
1750
1752
1760
1764
1776
1782
1800
1806
1820
1830
1836
1840
1848
1860
1870
1872
1890
1904
1920
1932
1944
1950
1960
1968
1974
1976
1980
1998
2016
2028
2030
2040
2046
2052
2058
2070
2079
2088
2100
2106
2112
2115
2128
2142
2145
2160
2184
2200
2205
2210
2220
2240
2244
2250
2262
2268
2280
2288
2295
2310
2340
2352
2376
2380
2394
2400
2420
2436
2448
2460
2475
2484
2496
2508
2520
2530
2541
2544
2550
2574
2580
2590
2600
2604
2622
2628
2640
2646
2652
2660
2664
2688
2700
2720
2730
2736
2745
2750
2756
2760
2772
2784
2790
2800
2805
2808
2820
2835
2850
2856
2860
2870
2880
2898
2925
2928
2940
2952
2964
2970
2982
2992
3000
3010
3024
3036
3060
3080
3105
3120
3132
3150
3168
3192
3198
3220
3234
3240
3248
3264
3276
3280
3300
3315
3330
3348
3354
3360
3366
3420
3432
3444
3465
3480
3500
3504
3510
3520
3528
3564
3570
3588
3600
3612
3630
3640
3654
3660
3672
3680
3696
3705
3710
3720
3740
3744
3780
3822
3825
3828
3840
3850
3864
3876
3888
3900
3920
3927
3948
3960
3990
3996
4020
4032
4048
4056
4060
4070
4080
4092
4095
4100
4104
4116
4134
4140
4158
4176
4182
4200
4212
4230
4256
4260
4275
4284
4290
4320
4368
4380
4410
4422
4440
4446
4452
4480
4488
4500
4524
4550
4560
4590
4620
4656
4662
4680
4692
4704
4725
4752
4760
4770
4774
4788
4800
4830
4836
4860
4872
4896
4900
4920
4950
4970
4992
4998
5016
5040
5060
5082
5100
5110
5130
5148
5160
5175
5180
5192
5208
5244
5256
5280
5292
5304
5313
5320
5328
5334
5376
5390
5400
5418
5439
5460
5490
5500
5520
5544
5565
5580
5600
5610
5616
5640
5670
5700
5712
5720
5733
5740
5760
5796
5850
5880
5886
5922
5928
5940
5950
5964
6000
6020
6048
6084
6110
6120
6160
6162
6210
6240
6264
6270
6300
6318
6336
6345
6360
6380
6384
6396
6440
6450
6460
6468
6480
6498
6510
6552
6560
6580
6600
6612
6630
6650
6660
6696
6699
6700
6708
6710
6720
6732
6840
6864
6885
6930
6960
6996
7020
7040
7056
7128
7140
7176
7200
7224
7245
7260
7308
7310
7320
7344
7350
7360
7370
7380
7392
7410
7420
7440
7476
7480
7488
7497
7524
7540
7560
7590
7644
7680
7700
7728
7752
7770
7800
7854
7920
7980
7992
8040
8064
8100
8112
8120
8140
8148
8160
8190
8208
8232
8268
8280
8316
8352
8360
8364
8370
8400
8415
8424
8450
8470
8520
8526
8550
8568
8580
8610
8640
8736
8760
8820
8844
8880
8892
8904
8970
9000
9009
9020
9030
9100
9120
9180
9204
9240
9300
9312
9324
9350
9360
9384
9408
9450
9492
9520
9548
9576
9600
9660
9702
9720
9744
9828
9840
9870
9900
9918
9936
9940
9975
9984
9996
10010
10032
10080
10100
10140
10164
10200
10220
10230
10296
10320
10350
10360
10395
10416
10440
10450
10500
10512
10540
10560
10575
10584
10608
10626
10640
10668
10710
10725
10780
10800
10836
10878
10920
10965
10980
11000
11040
11088
11130
11160
11172
11214
11220
11232
11286
11310
11340
11385
11400
11424
11440
11480
11520
11550
11592
11700
11760
11772
11844
11856
11880
11900
11970
12000
12012
12060
12096
12120
12144
12180
12210
12240
12246
12250
12320
12324
12390
12420
12430
12480
12528
12540
12558
12600
12636
12642
12654
12656
12720
12760
12768
12792
12852
12870
12900
12936
12948
12960
12996
13020
13104
13110
13140
13160
13200
13224
13230
13260
13300
13310
13320
13338
13392
13398
13420
13440
13566
13650
13662
13680
13695
13728
13770
13780
13806
13860
13872
13950
13992
14025
14040
14076
14196
14256
14260
14268
14280
14300
14322
14352
14364
14448
14490
14520
14586
14616
14630
14640
14688
14700
14742
14760
14784
14850
14880
14910
14960
15000
15120
15180
15210
15240
15288
15300
15345
15360
15400
15428
15444
15480
15504
15510
15576
15600
15664
15678
15708
15720
15750
15768
15840
15950
15960
15984
16002
16128
16240
16280
16290
16320
16380
16422
16464
16536
16560
16632
16695
16728
16740
16758
16800
16848
16905
16920
17030
17052
17100
17120
17136
17160
17220
17238
17280
17290
17316
17346
17388
17400
17472
17556
17595
17640
17710
17760
17784
17940
17955
18000
18018
18060
18120
18228
18260
18270
18300
18330
18354
18360
18408
18450
18480
18486
18528
18564
18600
18620
18624
18632
18720
18768
18810
18816
18900
18984
19110
19152
19200
19320
19344
19350
19404
19440
19470
19488
19530
19580
19656
19680
19740
19760
19800
19836
19845
19866
19880
19890
19950
20020
20064
20090
20100
20160
20196
20280
20328
20350
20358
20400
20436
20460
20520
20700
20748
20880
21000
21012
21060
21080
21120
21168
21216
21252
21420
21450
21560
21600
21720
21756
21780
21840
21930
21960
21996
22080
22100
22110
22120
22176
22230
22260
22320
22386
22428
22440
22464
22572
22620
22680
22724
22770
22800
22932
22950
22960
23100
23184
23256
23280
23310
23400
23478
23520
23544
23760
23870
23940
23994
24000
24024
24120
24156
24180
24192
24276
24288
24310
24360
24420
24480
24492
24570
24600
24648
24750
24780
24804
24840
24860
24885
24940
24948
24960
24990
25080
25092
25116
25200
25245
25284
25308
25380
25425
25428
25452
25520
25550
25620
25704
25740
25760
25800
25872
25920
26040
26180
26208
26220
26280
26320
26334
26364
26460
26520
26640
26676
26796
26910
27000
27090
27132
27300
27324
27342
27360
27390
27456
27612
27690
27720
27830
27984
28000
28080
28152
28350
28392
28536
28548
28560
28638
28644
28665
28704
28728
28830
28896
28920
28980
29040
29106
29172
29232
29260
29280
29400
29412
29484
29520
29568
29700
29750
29760
29820
29988
30000
30030
30096
30240
30300
30360
30420
30576
30600
30690
30702
30720
30800
30888
30954
31152
31200
31320
31350
31356
31416
31460
31536
31590
31620
31668
31680
31878
31920
32004
32550
32560
32580
32592
32604
32640
32670
32718
32760
32844
32895
32900
32928
33000
33072
33120
33150
33264
33390
33456
33480
33516
33540
33558
33600
33660
33810
34060
34104
34200
34272
34320
34362
34440
34452
34476
34560
34580
34632
34692
34776
35088
35200
35280
35420
35520
35568
35700
35880
35910
36036
36120
36270
36540
36600
36630
36660
36708
36720
36765
36894
36900
36960
36972
36975
37056
37080
37128
37200
37230
37440
37506
37536
37620
37674
37800
37848
37950
37968
38220
38232
38304
38430
38610
38640
38688
38700
38760
38880
39000
39060
39123
39270
39330
39340
39360
39480
39672
39732
39760
39780
39798
39900
39960
39984
40014
40040
40200
40260
40320
40392
40560
40656
40704
40716
40920
40950
40964
41040
41085
41310
41340
41412
41496
41580
41820
41976
42024
42120
42160
42420
42432
42504
42560
42780
42840
42966
43120
43134
43350
43512
43560
43608
43680
43710
43860
43920
43956
43992
44220
44280
44310
44520
44574
44660
44730
44772
44880
44928
45150
45240
45300
45360
45600
45720
45864
46200
46410
46512
46560
46620
46750
46800
46872
46956
47040
47058
47088
47124
47190
47580
47600
47610
47700
47880
47988
48000
48048
48312
48321
48360
48510
48600
48620
48645
48708
48720
48828
48840
48984
49140
49200
49210
49280
49284
49296
49590
49680
49720
49770
49920
49950
49980
50160
50232
50400
50568
50600
50616
50760
50820
50850
50856
50904
51240
51480
51600
51744
51792
51870
51920
52212
52360
52374
52560
52668
52734
52824
52910
52920
53040
53460
53550
53592
53820
54000
54120
54180
54560
54600
54612
54670
54684
54720
54756
54780
54912
54990
55224
55380
55440
55510
55860
55896
56160
56304
56616
56700
56784
56862
56980
57072
57120
57276
57330
57660
57684
57840
57876
57918
57960
58080
58190
58212
58320
58548
58560
58590
58630
58800
58824
58830
58905
58968
59220
59280
59400
59475
59520
59640
59976
60060
60270
60480
60600
60720
60888
60900
61110
61200
61320
61380
61404
61560
61620
61776
61908
61920
62400
62640
62700
62790
62832
62916
63000
63240
63280
63336
63360
63756
63800
63840
63960
64170
64260
64554
64600
64680
64728
64980
65142
65160
65184
65208
65280
65340
65436
65520
65780
65880
65988
66300
66612
66780
66960
67032
67080
67116
67158
67200
67284
67320
67620
67760
67830
67860
67950
68060
68208
68475
68640
68724
68880
69030
69160
69960
70356
70644
70980
71040
71136
71288
71400
71610
71760
71820
71862
72072
72380
72450
72540
72600
73080
73100
73170
73200
73260
73476
73542
73788
73800
73920
74160
74256
74460
74550
74592
74820
75000
75012
75348
75600
75684
75696
75936
76440
76464
76590
76860
77220
77280
77400
77658
77760
78000
78120
78246
78318
78540
78660
78680
78720
78840
78960
79365
79464
79596
79716
79728
79800
79920
80010
80028
80036
80520
80640
81120
81270
81408
81585
81770
81900
82236
82680
83160
83600
83640
84048
84240
85008
85120
85272
85470
85560
85680
85800
85932
86268
86710
86730
87024
87120
87216
87360
87420
87720
87780
88440
88560
88620
88830
88920
89040
89148
89460
90300
90600
90720
90860
91140
91200
92070
92400
92430
92820
93000
93120
93240
93366
93528
93720
93744
93912
93960
94068
94080
94116
94350
94380
95004
95160
95220
95700
96720
97020
97200
97290
97350
97656
97812
97920
97968
98280
98420
98532
98670
99120
99180
99360
99540
99820
99840
99900
99918
99960
100440
100464
100890
101136
101178
101556
101640
101700
101750
101808
102102
102180
102648
102720
102960
103320
103584
103740
103950
104400
104720
104748
105336
105468
105534
105648
105840
105950
106080
106260
106470
106590
106820
107100
107184
107484
107640
107800
108120
108360
108732
109200
109224
109230
109252
109560
109980
110670
110760
111300
111792
112203
112710
112860
113232
113460
113526
113568
113724
113850
114030
114240
114660
115248
115290
115320
115440
115500
115680
115752
115830
115836
115872
115920
116160
116424
116886
117030
117120
117180
117306
117480
117600
117648
117660
117720
117936
118020
118206
118370
118440
118500
118800
118910
119040
119350
120060
120120
120600
120900
121200
121380
121776
121800
122210
122220
122460
122760
122892
123000
123240
123816
124320
124488
124800
124950
125020
125580
125832
127092
127160
127680
127920
128520
128700
129108
129360
129456
129492
129580
129870
129960
130284
130320
130416
130560
130680
130995
131040
131760
131976
132756
132930
133560
133770
134064
134310
134316
134568
135300
135720
137760
138060
138320
141220
141680
141960
142044
142680
143100
143220
143640
143724
144144
144600
144900
145080
145200
145350
145464
145860
146520
146880
147030
147084
147576
147620
148320
148518
148610
148920
149184
149604
149640
149940
150024
150165
150552
150920
151200
151580
152280
152520
152880
153000
153270
153510
153720
154560
155316
155520
155610
155844
156000
156156
156468
156492
156636
156780
157080
157122
157360
157680
158004
158340
158550
158620
158916
158928
159390
159432
159456
159720
160020
160160
160212
161280
163800
164388
164472
165360
165648
166140
166320
166374
166872
167280
167310
168036
168350
168480
168920
170430
170520
170646
170940
171360
171444
172536
172692
172920
173166
173460
173472
173520
173910
174048
174195
174240
174840
174870
174960
175440
175560
176436
176820
177012
177240
177660
178640
178920
180600
181200
181830
181896
182094
182280
182970
183000
183960
184800
185280
185640
185820
185920
186240
186732
187056
187920
188370
188640
188700
188760
188790
189720
190320
192560
192960
193116
193440
194040
195000
195312
195360
195480
196365
196560
198240
198276
198468
198744
198900
199080
199836
199920
200550
200928
200970
201720
201780
202356
202950
203580
204204
204360
204516
205296
205920
206360
206640
207060
207480
209550
211068
212520
213150
213906
214200
214368
215280
216240
216690
216960
218460
219120
219492
220116
221340
221520
221550
221760
222444
222768
223062
223236
223260
223380
224250
226044
226128
226464
226920
227052
228000
228060
229320
230580
230880
231000
231360
231660
231672
232050
232320
232500
232848
233772
234060
234270
234360
234612
234780
235320
235440
236040
236060
236412
236740
237000
240120
240600
240870
241200
241560
243320
244062
244440
244860
244920
245784
246480
246820
247680
248472
248508
248710
248820
249570
249600
249900
250390
251160
252560
252720
253000
253080
253470
254100
255612
255840
257040
257070
258060
259740
259920
260568
261120
261360
265230
265776
265860
267120
267960
274950
275520
276900
277200
280830
283556
285012
285516
286440
287730
288190
288420
289200
289230
290160
291720
292680
292740
292995
293480
293760
294030
294060
295152
295260
297036
297220
298662
299208
300120
300510
300960
303000
304920
304980
305760
306612
307020
308160
309120
311220
311640
312312
312438
313200
314160
314184
314244
314496
317460
318396
318780
320040
320280
323544
323700
327600
328776
330720
332748
333564
333744
333960
335790
336700
337020
337820
340725
340860
341292
342210
342810
342888
343278
344760
344916
344960
345384
346332
346920
346944
347820
347880
348096
349680
349800
351120
351288
351624
352870
353220
353430
353640
354024
355320
357840
358110
360360
360600
361200
362100
363000
363792
364188
366960
367710
368550
369096
370188
370560
371280
371520
371640
374660
375060
375972
377520
377580
378000
378420
378510
380640
385920
389880
390000
390960
394200
394524
395780
396552
397488
397530
398160
398580
399672
399966
400608
401100
405720
407160
408360
408720
411840
412284
415140
417924
425880
426300
426972
427812
428400
428736
429660
430560
433380
433920
434928
435540
436260
436920
437360
438204
440232
444222
444444
444888
446124
446472
446520
448380
448920
450120
450180
452256
453000
453840
456120
456456
457470
459108
459910
461760
462168
462300
462720
463344
463980
465000
467544
467754
468120
468540
468600
468720
469404
469560
471636
472340
472430
473616
477204
477750
478170
480260
480480
481200
482460
482790
483990
486798
487620
488124
488280
489720
489840
492660
492960
493680
494760
494910
495726
496944
497016
498960
505440
506940
510510
511224
511940
512820
519120
520410
520560
526680
527670
530460
531720
538560
545412
548240
552300
553800
560340
563880
566904
570024
570108
571032
574332
577116
578460
580320
582120
584280
584430
585156
585360
590304
590520
592740
593400
593670
595320
597324
598416
601020
603000
605280
606900
609180
609960
610080
610470
611520
613548
614040
616320
618860
623420
624876
628320
632060
634920
637560
640920
642620
644046
647088
647400
652080
653172
653400
654360
655200
658350
660156
661284
666672
673220
673440
680190
681156
682110
683592
683760
685620
686556
687492
692664
692760
693420
693780
693840
694212
695640
695760
696080
706440
706680
706860
708120
710710
716220
720600
721200
723350
727320
727720
733260
735420
739200
740376
741312
742980
746460
746595
751520
751920
751944
752220
753000
753270
755040
756840
779730
779760
785928
789048
792624
794430
795060
796320
797160
799932
801216
802200
811800
812760
813120
814320
817440
818070
818844
820820
839160
847320
850164
853230
853866
854700
855624
855972
856800
858000
859050
861492
865830
866760
868560
872520
880308
881820
884676
885720
888420
888444
896610
896700
900360
903000
909720
912660
913920
915750
922560
923520
924336
924600
926280
933702
935280
935508
939120
947232
954408
954800
965580
967980
972840
973596
976560
979680
979758
983100
985920
989820
991452
1004640
1006740
1010100
1013520
1021020
1021720
1030224
1037136
1047540
1050852
1060920
1072260
1089018
1090320
1090824
1103550
1118260
1119960
1122576
1128000
1140216
1155060
1156920
1164120
1166676
1167480
1168560
1170312
1193556
1194648
1215240
1218204
1218360
1219920
1220940
1223040
1227096
1230720
1272600
1278060
1282710
1288092
1292280
1292390
1294896
1298076
1304160
1320600
1322880
1329900
1343220
1346880
1355310
1358940
1361360
1367520
1368900
1370070
1372956
1380060
1384152
1385328
1387560
1398012
1398384
1399320
1409760
1412532
1430370
1441200
1460316
1463700
1464372
1465310
1466556
1476060
1480518
1480920
1482624
1484742
1485960
1500120
1503000
1503480
1503840
1506540
1506960
1557360
1559460
1571856
1575024
1588860
1590120
1592136
1611720
1615380
1618500
1618680
1625520
1628640
1632624
1638780
1656270
1661160
1678320
1693812
1702932
1706460
1707732
1708476
1709400
1714620
1730960
1731660
1733520
1740180
1742510
1743720
1756920
1761084
1769320
1771440
1775556
1779960
1790910
1793400
1803000
1824270
1827840
1833468
1845120
1845360
1846320
1867404
1903440
1931160
1934868
1950000
1953120
1959516
1968780
1975428
1980468
2022120
2026860
2040612
2047760
2048520
2058420
2065908
2081310
2095080
2099196
2119320
2127720
2144520
2176230
2178036
2219724
2236260
2237670
2239920
2245152
2247960
2253000
2271060
2272920
2275572
2310120
2334960
2359420
2368080
2377760
2387112
2410320
2425560
2434740
2435160
2436720
2439840
2475060
2521750
2552550
2556120
2558400
2597070
2602080
2637492
2682780
2686440
2716560
2722830
2768304
2771400
2796024
2796768
2926950
2933112
2952120
2961036
2969484
3001440
3003000
3005940
3030720
3079320
3147540
3177720
3202980
3208920
3230760
3239964
3247920
3251040
3263442
3265248
3279210
3352560
3394160
3405780
3416952
3455760
3461460
3463320
3528360
3533310
3533670
3579480
3648540
3688320
3800720
3809190
3845244
3847800
3869736
3900000
3906708
4039320
4041510
4092660
4114812
4123452
4251870
4255440
4286970
4352460
4353720
4437342
4439448
4468860
4472520
4503000
4529910
4616520
4667760
4686110
4694910
4730520
4749360
4772040
4806120
4846200
4870320
4873440
4899720
4945150
4981680
5025540
5094492
5105100
5116800
5266716
5272956
5285280
5365560
5426960
5532120
5534256
5704920
5838072
5853900
5917860
5936532
6056520
6262620
6292572
6334536
6352920
6376020
6403320
6403430
6457308
6495840
6525078
6526884
6701460
6705120
6788760
6922920
7042200
7289940
7322520
7595280
7714980
7793760
7889310
8073720
8182460
8286564
8383830
8503740
8799120
8874684
8937720
9003000
9016644
9424272
9492560
9597720
9737520
9740640
9831360
9951150
10203060
10304470
10556040
10723800
11206884
11401572
11560224
11667780
11695476
12103260
12108120
12355420
12662910
12669072
12748470
12752040
12985440
13050156
13076700
13399260
13402920
13565310
13570260
13842120
14069880
14920620
15405468
16767660
17000340
17098224
17497488
17583720
17745156
17868120
18978960
18991284
19180920
19475040
21097560
22794876
23095956
23327196
24211320
24705870
24859560
25325820
25496940
25754960
26368320
26798520
29829030
30793308
31545696
34188180
34986612
35152920
37951760
37976406
37982568
38943840
42180600
46167420
49706910
50012664
50639316
50986740
52722120
53589720
68368092
69964860
70291320
74554260
75952812
100000836
105429720
149096310
149989008
151893300
199977180
210844920
299953524
599882556
