## The rank less than 9 is already covered by the general case.

## Rank 9: we are reduced to MSND Egyptian fraction from lenght-5 sequence (a,a,b,b,c), where the two pairs correspond to (V,V^*) with n_V=2
It is classified in MNSDEgyFracL5Div.txt:
3 3 7 7 21
3 3 9 9 9
5 5 5 5 5

OK, 9 and 21 already appear as possible FPdim in MNSDEgyFracL9Div.txt:
[9, 21, 25, 33, 45, 57, 65, 81, 105, 117, 165, 189, 225, 273, 297, 333, 357, 385, 425, 441, 465, 513, 525, 585, 605, 609, 693, 945, 1029, 1053, 1197, 1265, 1485, 1785, 2205, 2485, 2709, 2925, 2961, 3081, 3249, 3465, 4725, 5985, 6105, 6321, 6669, 7161, 8001, 8673, 9177, 9765, 11997, 13545, 14553, 17181, 18753, 19665, 22365, 23205, 23529, 28665, 32277, 38829, 40005, 43365, 50589, 57645, 58653, 66465, 78561, 198765, 233877, 389865, 544509, 1631721]

## Rank 11: we are reduced to MSND Egyptian fraction from lenght-7 sequence sequences (a,a,b,b,c,c,d), where two pairs correspond to (V,V^*) with n_V=2 and one pair to n_V=1
It is classified in MNSDEgyFracL7Div.txt:
3 3 7 7 43 43 903 
3 3 7 7 45 45 315 
3 3 7 7 49 49 147 
3 3 7 7 63 63 63 
3 3 9 9 19 19 171 
3 3 9 9 21 21 63 
3 3 9 9 27 27 27 
3 3 13 13 13 13 39 
3 3 15 15 15 15 15 
5 5 5 5 11 11 55 
5 5 5 5 15 15 15 
5 5 7 7 7 7 35 
7 7 7 7 7 7 7

OK, 15, 27, 35, 39, 55, 63, 147, 171, 315, 903 already appear as possible FPdim in MNSDEgyFracL11Div.txt:
[11, 15, 27, 35, 39, 51, 55, 63, 75, 99, 115, 119, 135, 147, 155, 171, 175, 195, 203, 207, 231, 243, 255, 275, 279, 315, 351, 387, 399, 455, 483, 495, 507, 555, 567, 595, 615, 627, 651, 663, 675, 715, 735, 759, 819, 855, 875, 891, 903, 915, 935, 987, 999, 1015, 1023, 1035, 1071, 1131, 1155, 1239, 1275, 1287, 1311, 1323, 1375, 1395, 1491, 1539, 1575, 1647, 1683, 1755, 1815, 1827, 1911, 1971, 1995, 2035, 2067, 2079, 2091, 2211, 2223, 2275, 2295, 2331, 2387, 2415, 2475, 2499, 2511, 2555,..........., 760719752247, 1775010579615, 5325028475403]


