sage: %attach EgyFracL5Div.sage
sage: len(L)
97
sage: NC7=[]
....: for l in L:
....:     a=max(l)
....:     l1=len(set(l)); l2=len(l)
....:     if l1<l2 and a>=7 and not(l1+1==l2 and l.count(a)==2):	# the part not() is to exclude 1/a + 1/a + all differents
....:         NC7.append(l)
....: 
sage: len(NC7)
43
sage: Di=[]
sage: for l in NC7:
....:     a=max(l)
....:     if not a in Di:
....:         Di.append(a)
....: Di.sort()
sage: print(Di)
[8, 9, 10, 12, 14, 15, 18, 20, 21, 24, 30, 36, 42, 45, 48, 60, 70, 78, 84, 110, 120, 156]
sage: len(Di)
22

# classification of all the integral fusion rings of rank 7 and FPdim in Di

sage: %attach /home/sebastien/Nutstore Files/SAGE/TypesFinder.spyx
sage: L=[8, 9, 10, 12, 14, 15, 18, 20, 21, 24, 30, 36, 42, 45, 48, 60, 70, 78, 84, 110, 120, 156]
sage: T=[]
sage: for n in L:
....:     T.append([n, TypesFinder(n, 7)])
sage: sum([len(t[1]) for t in T])
83
# No need type filter and prenormaliz here (83 is small enough)
# direct classification of all possible fusion rings for these two types:
sage: TT=[]
sage: for t in T:
....:     TT.extend(t[1])
....: 
sage: len(TT)
83
sage: %attach /home/sebastien/Nutstore Files/SAGE/TypeToNormaliz.sage
sage: TypesToNormalizAlone(TT)
# It mades 255 files
for i in *; do normaliz -x=4 -c "$i"; done
## All done, only 25 files admit solutions

ls *.fus > FUS.sage
# Transform FUS.sage containing the list L of types:
].fus\n[ to ]],\n[[
][ to ],[
].fus to ]]]
first [ to L=[[[
test the code, and add it to FullMove.sh (idem for all hand work)		# not working well, update it! (idem rank6)
sed -i -e 's/]\.fus\\n\[/]],\n[[/g' \
       -e 's/\]\[/],[/g' \
       -e 's/]\.fus/]]]/g' \
       -e '0,/\[/{s/\[/L=\[\[\[/}' FUS.sage
sage: %attach FUS.sage
sage: len(L)
25
sage: T=[]
sage: for l in L:
....:     t=l[0]
....:     if not t in T:
....:         T.append(t)
....: 
sage: len(T)
11			# number of different types

#To count the number of fusion rings:
awk 'FNR==1{sum+=$1} END{print sum}' *.out
44
# Transform the .fus file as one line per fusion ring:
for file in *.fus
do
    # Check if the file is a regular file
    if [ -f "$file" ]; then
        # Apply the command to the file
        cat "$file" | tr -d '[:space:]' | sed -e '1s/^.//' -e '$s/.$//' -e 's/]]],\[\[\[/]]]\n\[\[\[/g' > temp.fus && mv temp.fus "$file"
    fi
done
sage: %attach /home/sebastien/Nutstore Files/SAGE/AllCriteria.sage
sage: L=FolderChecking()
sage: len(L)
NonCommutative[3, 6, 7, 42]
NonCommutative[3, 4, 24, 24]
NonCommutative[3, 4, 15, 60]
20				# number of Drinfeld rings in total

## List of noncommutative ones ##

sage: NC=[]
....: for l in L:
....:     if NonCo(l[4]):
....:         NC.append(l)
....: 
sage: len(NC)
3				# number of noncommutative Drinfeld rings in total
sage: for l in NC:
....:     print(l)
[24,[1,1,1,2,2,2,3],[0,2,1,3,4,5,6],'NonCommutative[3,4,24,24]',
[
[[1,0,0,0,0,0,0],[0,1,0,0,0,0,0],[0,0,1,0,0,0,0],[0,0,0,1,0,0,0],[0,0,0,0,1,0,0],[0,0,0,0,0,1,0],[0,0,0,0,0,0,1]],
[[0,1,0,0,0,0,0],[0,0,1,0,0,0,0],[1,0,0,0,0,0,0],[0,0,0,0,0,1,0],[0,0,0,1,0,0,0],[0,0,0,0,1,0,0],[0,0,0,0,0,0,1]],
[[0,0,1,0,0,0,0],[1,0,0,0,0,0,0],[0,1,0,0,0,0,0],[0,0,0,0,1,0,0],[0,0,0,0,0,1,0],[0,0,0,1,0,0,0],[0,0,0,0,0,0,1]],
[[0,0,0,1,0,0,0],[0,0,0,0,1,0,0],[0,0,0,0,0,1,0],[1,0,0,0,0,0,1],[0,1,0,0,0,0,1],[0,0,1,0,0,0,1],[0,0,0,1,1,1,0]],
[[0,0,0,0,1,0,0],[0,0,0,0,0,1,0],[0,0,0,1,0,0,0],[0,0,1,0,0,0,1],[1,0,0,0,0,0,1],[0,1,0,0,0,0,1],[0,0,0,1,1,1,0]],
[[0,0,0,0,0,1,0],[0,0,0,1,0,0,0],[0,0,0,0,1,0,0],[0,1,0,0,0,0,1],[0,0,1,0,0,0,1],[1,0,0,0,0,0,1],[0,0,0,1,1,1,0]],
[[0,0,0,0,0,0,1],[0,0,0,0,0,0,1],[0,0,0,0,0,0,1],[0,0,0,1,1,1,0],[0,0,0,1,1,1,0],[0,0,0,1,1,1,0],[1,1,1,0,0,0,2]]
]]
[42,[1,1,1,1,1,1,6],[0,1,2,3,5,4,6],'NonCommutative[3,6,7,42]',
[
[[1,0,0,0,0,0,0],[0,1,0,0,0,0,0],[0,0,1,0,0,0,0],[0,0,0,1,0,0,0],[0,0,0,0,1,0,0],[0,0,0,0,0,1,0],[0,0,0,0,0,0,1]],
[[0,1,0,0,0,0,0],[1,0,0,0,0,0,0],[0,0,0,0,0,1,0],[0,0,0,0,1,0,0],[0,0,0,1,0,0,0],[0,0,1,0,0,0,0],[0,0,0,0,0,0,1]],
[[0,0,1,0,0,0,0],[0,0,0,0,1,0,0],[1,0,0,0,0,0,0],[0,0,0,0,0,1,0],[0,1,0,0,0,0,0],[0,0,0,1,0,0,0],[0,0,0,0,0,0,1]],
[[0,0,0,1,0,0,0],[0,0,0,0,0,1,0],[0,0,0,0,1,0,0],[1,0,0,0,0,0,0],[0,0,1,0,0,0,0],[0,1,0,0,0,0,0],[0,0,0,0,0,0,1]],
[[0,0,0,0,1,0,0],[0,0,1,0,0,0,0],[0,0,0,1,0,0,0],[0,1,0,0,0,0,0],[0,0,0,0,0,1,0],[1,0,0,0,0,0,0],[0,0,0,0,0,0,1]],
[[0,0,0,0,0,1,0],[0,0,0,1,0,0,0],[0,1,0,0,0,0,0],[0,0,1,0,0,0,0],[1,0,0,0,0,0,0],[0,0,0,0,1,0,0],[0,0,0,0,0,0,1]],
[[0,0,0,0,0,0,1],[0,0,0,0,0,0,1],[0,0,0,0,0,0,1],[0,0,0,0,0,0,1],[0,0,0,0,0,0,1],[0,0,0,0,0,0,1],[1,1,1,1,1,1,5]]
]]
[60,[1,1,1,3,4,4,4],[0,2,1,3,4,5,6],'NonCommutative[3,4,15,60]',
[
[[1,0,0,0,0,0,0],[0,1,0,0,0,0,0],[0,0,1,0,0,0,0],[0,0,0,1,0,0,0],[0,0,0,0,1,0,0],[0,0,0,0,0,1,0],[0,0,0,0,0,0,1]],
[[0,1,0,0,0,0,0],[0,0,1,0,0,0,0],[1,0,0,0,0,0,0],[0,0,0,1,0,0,0],[0,0,0,0,0,0,1],[0,0,0,0,1,0,0],[0,0,0,0,0,1,0]],
[[0,0,1,0,0,0,0],[1,0,0,0,0,0,0],[0,1,0,0,0,0,0],[0,0,0,1,0,0,0],[0,0,0,0,0,1,0],[0,0,0,0,0,0,1],[0,0,0,0,1,0,0]],
[[0,0,0,1,0,0,0],[0,0,0,1,0,0,0],[0,0,0,1,0,0,0],[1,1,1,2,0,0,0],[0,0,0,0,1,1,1],[0,0,0,0,1,1,1],[0,0,0,0,1,1,1]],
[[0,0,0,0,1,0,0],[0,0,0,0,0,1,0],[0,0,0,0,0,0,1],[0,0,0,0,1,1,1],[1,0,0,1,1,1,1],[0,1,0,1,1,1,1],[0,0,1,1,1,1,1]],
[[0,0,0,0,0,1,0],[0,0,0,0,0,0,1],[0,0,0,0,1,0,0],[0,0,0,0,1,1,1],[0,0,1,1,1,1,1],[1,0,0,1,1,1,1],[0,1,0,1,1,1,1]],
[[0,0,0,0,0,0,1],[0,0,0,0,1,0,0],[0,0,0,0,0,1,0],[0,0,0,0,1,1,1],[0,1,0,1,1,1,1],[0,0,1,1,1,1,1],[1,0,0,1,1,1,1]]
]]

## List of commutative ones ##

sage: for l in L:
....:     if not NonCo(l[4]):
....:         print(l)
[24,[1,1,1,2,2,2,3],[0,2,1,3,5,4,6],[4,6,6,6,6,24,24],
[
[[1,0,0,0,0,0,0],[0,1,0,0,0,0,0],[0,0,1,0,0,0,0],[0,0,0,1,0,0,0],[0,0,0,0,1,0,0],[0,0,0,0,0,1,0],[0,0,0,0,0,0,1]],
[[0,1,0,0,0,0,0],[0,0,1,0,0,0,0],[1,0,0,0,0,0,0],[0,0,0,0,0,1,0],[0,0,0,1,0,0,0],[0,0,0,0,1,0,0],[0,0,0,0,0,0,1]],
[[0,0,1,0,0,0,0],[1,0,0,0,0,0,0],[0,1,0,0,0,0,0],[0,0,0,0,1,0,0],[0,0,0,0,0,1,0],[0,0,0,1,0,0,0],[0,0,0,0,0,0,1]],
[[0,0,0,1,0,0,0],[0,0,0,0,0,1,0],[0,0,0,0,1,0,0],[1,0,0,0,0,0,1],[0,0,1,0,0,0,1],[0,1,0,0,0,0,1],[0,0,0,1,1,1,0]],
[[0,0,0,0,1,0,0],[0,0,0,1,0,0,0],[0,0,0,0,0,1,0],[0,0,1,0,0,0,1],[0,1,0,0,0,0,1],[1,0,0,0,0,0,1],[0,0,0,1,1,1,0]],
[[0,0,0,0,0,1,0],[0,0,0,0,1,0,0],[0,0,0,1,0,0,0],[0,1,0,0,0,0,1],[1,0,0,0,0,0,1],[0,0,1,0,0,0,1],[0,0,0,1,1,1,0]],
[[0,0,0,0,0,0,1],[0,0,0,0,0,0,1],[0,0,0,0,0,0,1],[0,0,0,1,1,1,0],[0,0,0,1,1,1,0],[0,0,0,1,1,1,0],[1,1,1,0,0,0,2]]
]]
[42,[1,1,1,1,1,1,6],[0,1,5,4,3,2,6],[6,6,6,6,6,7,42],
[
[[1,0,0,0,0,0,0],[0,1,0,0,0,0,0],[0,0,1,0,0,0,0],[0,0,0,1,0,0,0],[0,0,0,0,1,0,0],[0,0,0,0,0,1,0],[0,0,0,0,0,0,1]],
[[0,1,0,0,0,0,0],[1,0,0,0,0,0,0],[0,0,0,0,1,0,0],[0,0,0,0,0,1,0],[0,0,1,0,0,0,0],[0,0,0,1,0,0,0],[0,0,0,0,0,0,1]],
[[0,0,1,0,0,0,0],[0,0,0,0,1,0,0],[0,0,0,0,0,1,0],[0,1,0,0,0,0,0],[0,0,0,1,0,0,0],[1,0,0,0,0,0,0],[0,0,0,0,0,0,1]],
[[0,0,0,1,0,0,0],[0,0,0,0,0,1,0],[0,1,0,0,0,0,0],[0,0,1,0,0,0,0],[1,0,0,0,0,0,0],[0,0,0,0,1,0,0],[0,0,0,0,0,0,1]],
[[0,0,0,0,1,0,0],[0,0,1,0,0,0,0],[0,0,0,1,0,0,0],[1,0,0,0,0,0,0],[0,0,0,0,0,1,0],[0,1,0,0,0,0,0],[0,0,0,0,0,0,1]],
[[0,0,0,0,0,1,0],[0,0,0,1,0,0,0],[1,0,0,0,0,0,0],[0,0,0,0,1,0,0],[0,1,0,0,0,0,0],[0,0,1,0,0,0,0],[0,0,0,0,0,0,1]],
[[0,0,0,0,0,0,1],[0,0,0,0,0,0,1],[0,0,0,0,0,0,1],[0,0,0,0,0,0,1],[0,0,0,0,0,0,1],[0,0,0,0,0,0,1],[1,1,1,1,1,1,5]]
]]
[48,[1,1,1,1,2,2,6],[0,1,2,3,4,5,6],[4,4,6,6,12,16,48],
[
[[1,0,0,0,0,0,0],[0,1,0,0,0,0,0],[0,0,1,0,0,0,0],[0,0,0,1,0,0,0],[0,0,0,0,1,0,0],[0,0,0,0,0,1,0],[0,0,0,0,0,0,1]],
[[0,1,0,0,0,0,0],[1,0,0,0,0,0,0],[0,0,0,1,0,0,0],[0,0,1,0,0,0,0],[0,0,0,0,0,1,0],[0,0,0,0,1,0,0],[0,0,0,0,0,0,1]],
[[0,0,1,0,0,0,0],[0,0,0,1,0,0,0],[1,0,0,0,0,0,0],[0,1,0,0,0,0,0],[0,0,0,0,0,1,0],[0,0,0,0,1,0,0],[0,0,0,0,0,0,1]],
[[0,0,0,1,0,0,0],[0,0,1,0,0,0,0],[0,1,0,0,0,0,0],[1,0,0,0,0,0,0],[0,0,0,0,1,0,0],[0,0,0,0,0,1,0],[0,0,0,0,0,0,1]],
[[0,0,0,0,1,0,0],[0,0,0,0,0,1,0],[0,0,0,0,0,1,0],[0,0,0,0,1,0,0],[1,0,0,1,0,1,0],[0,1,1,0,1,0,0],[0,0,0,0,0,0,2]],
[[0,0,0,0,0,1,0],[0,0,0,0,1,0,0],[0,0,0,0,1,0,0],[0,0,0,0,0,1,0],[0,1,1,0,1,0,0],[1,0,0,1,0,1,0],[0,0,0,0,0,0,2]],
[[0,0,0,0,0,0,1],[0,0,0,0,0,0,1],[0,0,0,0,0,0,1],[0,0,0,0,0,0,1],[0,0,0,0,0,0,2],[0,0,0,0,0,0,2],[1,1,1,1,2,2,4]]
]]
[48,[1,1,1,1,2,2,6],[0,1,2,3,5,4,6],[4,4,4,12,12,16,48],
[
[[1,0,0,0,0,0,0],[0,1,0,0,0,0,0],[0,0,1,0,0,0,0],[0,0,0,1,0,0,0],[0,0,0,0,1,0,0],[0,0,0,0,0,1,0],[0,0,0,0,0,0,1]],
[[0,1,0,0,0,0,0],[1,0,0,0,0,0,0],[0,0,0,1,0,0,0],[0,0,1,0,0,0,0],[0,0,0,0,1,0,0],[0,0,0,0,0,1,0],[0,0,0,0,0,0,1]],
[[0,0,1,0,0,0,0],[0,0,0,1,0,0,0],[1,0,0,0,0,0,0],[0,1,0,0,0,0,0],[0,0,0,0,1,0,0],[0,0,0,0,0,1,0],[0,0,0,0,0,0,1]],
[[0,0,0,1,0,0,0],[0,0,1,0,0,0,0],[0,1,0,0,0,0,0],[1,0,0,0,0,0,0],[0,0,0,0,1,0,0],[0,0,0,0,0,1,0],[0,0,0,0,0,0,1]],
[[0,0,0,0,1,0,0],[0,0,0,0,1,0,0],[0,0,0,0,1,0,0],[0,0,0,0,1,0,0],[0,0,0,0,0,2,0],[1,1,1,1,0,0,0],[0,0,0,0,0,0,2]],
[[0,0,0,0,0,1,0],[0,0,0,0,0,1,0],[0,0,0,0,0,1,0],[0,0,0,0,0,1,0],[1,1,1,1,0,0,0],[0,0,0,0,2,0,0],[0,0,0,0,0,0,2]],
[[0,0,0,0,0,0,1],[0,0,0,0,0,0,1],[0,0,0,0,0,0,1],[0,0,0,0,0,0,1],[0,0,0,0,0,0,2],[0,0,0,0,0,0,2],[1,1,1,1,2,2,4]]
]]
[48,[1,1,1,1,2,2,6],[0,1,3,2,4,5,6],[4,4,6,6,12,16,48],
[
[[1,0,0,0,0,0,0],[0,1,0,0,0,0,0],[0,0,1,0,0,0,0],[0,0,0,1,0,0,0],[0,0,0,0,1,0,0],[0,0,0,0,0,1,0],[0,0,0,0,0,0,1]],
[[0,1,0,0,0,0,0],[1,0,0,0,0,0,0],[0,0,0,1,0,0,0],[0,0,1,0,0,0,0],[0,0,0,0,1,0,0],[0,0,0,0,0,1,0],[0,0,0,0,0,0,1]],
[[0,0,1,0,0,0,0],[0,0,0,1,0,0,0],[0,1,0,0,0,0,0],[1,0,0,0,0,0,0],[0,0,0,0,0,1,0],[0,0,0,0,1,0,0],[0,0,0,0,0,0,1]],
[[0,0,0,1,0,0,0],[0,0,1,0,0,0,0],[1,0,0,0,0,0,0],[0,1,0,0,0,0,0],[0,0,0,0,0,1,0],[0,0,0,0,1,0,0],[0,0,0,0,0,0,1]],
[[0,0,0,0,1,0,0],[0,0,0,0,1,0,0],[0,0,0,0,0,1,0],[0,0,0,0,0,1,0],[1,1,0,0,0,1,0],[0,0,1,1,1,0,0],[0,0,0,0,0,0,2]],
[[0,0,0,0,0,1,0],[0,0,0,0,0,1,0],[0,0,0,0,1,0,0],[0,0,0,0,1,0,0],[0,0,1,1,1,0,0],[1,1,0,0,0,1,0],[0,0,0,0,0,0,2]],
[[0,0,0,0,0,0,1],[0,0,0,0,0,0,1],[0,0,0,0,0,0,1],[0,0,0,0,0,0,1],[0,0,0,0,0,0,2],[0,0,0,0,0,0,2],[1,1,1,1,2,2,4]]
]]
[48,[1,1,1,1,2,2,6],[0,1,3,2,5,4,6],[4,4,4,12,12,16,48],
[
[[1,0,0,0,0,0,0],[0,1,0,0,0,0,0],[0,0,1,0,0,0,0],[0,0,0,1,0,0,0],[0,0,0,0,1,0,0],[0,0,0,0,0,1,0],[0,0,0,0,0,0,1]],
[[0,1,0,0,0,0,0],[1,0,0,0,0,0,0],[0,0,0,1,0,0,0],[0,0,1,0,0,0,0],[0,0,0,0,1,0,0],[0,0,0,0,0,1,0],[0,0,0,0,0,0,1]],
[[0,0,1,0,0,0,0],[0,0,0,1,0,0,0],[0,1,0,0,0,0,0],[1,0,0,0,0,0,0],[0,0,0,0,1,0,0],[0,0,0,0,0,1,0],[0,0,0,0,0,0,1]],
[[0,0,0,1,0,0,0],[0,0,1,0,0,0,0],[1,0,0,0,0,0,0],[0,1,0,0,0,0,0],[0,0,0,0,1,0,0],[0,0,0,0,0,1,0],[0,0,0,0,0,0,1]],
[[0,0,0,0,1,0,0],[0,0,0,0,1,0,0],[0,0,0,0,1,0,0],[0,0,0,0,1,0,0],[0,0,0,0,0,2,0],[1,1,1,1,0,0,0],[0,0,0,0,0,0,2]],
[[0,0,0,0,0,1,0],[0,0,0,0,0,1,0],[0,0,0,0,0,1,0],[0,0,0,0,0,1,0],[1,1,1,1,0,0,0],[0,0,0,0,2,0,0],[0,0,0,0,0,0,2]],
[[0,0,0,0,0,0,1],[0,0,0,0,0,0,1],[0,0,0,0,0,0,1],[0,0,0,0,0,0,1],[0,0,0,0,0,0,2],[0,0,0,0,0,0,2],[1,1,1,1,2,2,4]]
]]
[60,[1,1,1,3,4,4,4],[0,2,1,3,4,6,5],[4,6,6,6,6,15,60],
[
[[1,0,0,0,0,0,0],[0,1,0,0,0,0,0],[0,0,1,0,0,0,0],[0,0,0,1,0,0,0],[0,0,0,0,1,0,0],[0,0,0,0,0,1,0],[0,0,0,0,0,0,1]],
[[0,1,0,0,0,0,0],[0,0,1,0,0,0,0],[1,0,0,0,0,0,0],[0,0,0,1,0,0,0],[0,0,0,0,0,0,1],[0,0,0,0,1,0,0],[0,0,0,0,0,1,0]],
[[0,0,1,0,0,0,0],[1,0,0,0,0,0,0],[0,1,0,0,0,0,0],[0,0,0,1,0,0,0],[0,0,0,0,0,1,0],[0,0,0,0,0,0,1],[0,0,0,0,1,0,0]],
[[0,0,0,1,0,0,0],[0,0,0,1,0,0,0],[0,0,0,1,0,0,0],[1,1,1,2,0,0,0],[0,0,0,0,1,1,1],[0,0,0,0,1,1,1],[0,0,0,0,1,1,1]],
[[0,0,0,0,1,0,0],[0,0,0,0,0,0,1],[0,0,0,0,0,1,0],[0,0,0,0,1,1,1],[1,0,0,1,1,1,1],[0,0,1,1,1,1,1],[0,1,0,1,1,1,1]],
[[0,0,0,0,0,1,0],[0,0,0,0,1,0,0],[0,0,0,0,0,0,1],[0,0,0,0,1,1,1],[0,0,1,1,1,1,1],[0,1,0,1,1,1,1],[1,0,0,1,1,1,1]],
[[0,0,0,0,0,0,1],[0,0,0,0,0,1,0],[0,0,0,0,1,0,0],[0,0,0,0,1,1,1],[0,1,0,1,1,1,1],[1,0,0,1,1,1,1],[0,0,1,1,1,1,1]]
]]
[120,[1,1,1,3,6,6,6],[0,2,1,3,4,5,6],[3,3,6,12,24,30,120],
[
[[1,0,0,0,0,0,0],[0,1,0,0,0,0,0],[0,0,1,0,0,0,0],[0,0,0,1,0,0,0],[0,0,0,0,1,0,0],[0,0,0,0,0,1,0],[0,0,0,0,0,0,1]],
[[0,1,0,0,0,0,0],[0,0,1,0,0,0,0],[1,0,0,0,0,0,0],[0,0,0,1,0,0,0],[0,0,0,0,1,0,0],[0,0,0,0,0,1,0],[0,0,0,0,0,0,1]],
[[0,0,1,0,0,0,0],[1,0,0,0,0,0,0],[0,1,0,0,0,0,0],[0,0,0,1,0,0,0],[0,0,0,0,1,0,0],[0,0,0,0,0,1,0],[0,0,0,0,0,0,1]],
[[0,0,0,1,0,0,0],[0,0,0,1,0,0,0],[0,0,0,1,0,0,0],[1,1,1,2,0,0,0],[0,0,0,0,1,0,2],[0,0,0,0,0,3,0],[0,0,0,0,2,0,1]],
[[0,0,0,0,1,0,0],[0,0,0,0,1,0,0],[0,0,0,0,1,0,0],[0,0,0,0,1,0,2],[1,1,1,1,1,2,2],[0,0,0,0,2,2,2],[0,0,0,2,2,2,1]],
[[0,0,0,0,0,1,0],[0,0,0,0,0,1,0],[0,0,0,0,0,1,0],[0,0,0,0,0,3,0],[0,0,0,0,2,2,2],[1,1,1,3,2,0,2],[0,0,0,0,2,2,2]],
[[0,0,0,0,0,0,1],[0,0,0,0,0,0,1],[0,0,0,0,0,0,1],[0,0,0,0,2,0,1],[0,0,0,2,2,2,1],[0,0,0,0,2,2,2],[1,1,1,1,1,2,2]]
]]
[120,[1,1,1,3,6,6,6],[0,2,1,3,4,5,6],[3,3,4,24,60,60,120],
[
[[1,0,0,0,0,0,0],[0,1,0,0,0,0,0],[0,0,1,0,0,0,0],[0,0,0,1,0,0,0],[0,0,0,0,1,0,0],[0,0,0,0,0,1,0],[0,0,0,0,0,0,1]],
[[0,1,0,0,0,0,0],[0,0,1,0,0,0,0],[1,0,0,0,0,0,0],[0,0,0,1,0,0,0],[0,0,0,0,1,0,0],[0,0,0,0,0,1,0],[0,0,0,0,0,0,1]],
[[0,0,1,0,0,0,0],[1,0,0,0,0,0,0],[0,1,0,0,0,0,0],[0,0,0,1,0,0,0],[0,0,0,0,1,0,0],[0,0,0,0,0,1,0],[0,0,0,0,0,0,1]],
[[0,0,0,1,0,0,0],[0,0,0,1,0,0,0],[0,0,0,1,0,0,0],[1,1,1,2,0,0,0],[0,0,0,0,3,0,0],[0,0,0,0,0,3,0],[0,0,0,0,0,0,3]],
[[0,0,0,0,1,0,0],[0,0,0,0,1,0,0],[0,0,0,0,1,0,0],[0,0,0,0,3,0,0],[1,1,1,3,0,2,2],[0,0,0,0,2,0,4],[0,0,0,0,2,4,0]],
[[0,0,0,0,0,1,0],[0,0,0,0,0,1,0],[0,0,0,0,0,1,0],[0,0,0,0,0,3,0],[0,0,0,0,2,0,4],[1,1,1,3,0,3,1],[0,0,0,0,4,1,1]],
[[0,0,0,0,0,0,1],[0,0,0,0,0,0,1],[0,0,0,0,0,0,1],[0,0,0,0,0,0,3],[0,0,0,0,2,4,0],[0,0,0,0,4,1,1],[1,1,1,3,0,1,3]]
]]
[120,[1,1,1,3,6,6,6],[0,2,1,3,4,6,5],[3,3,4,24,60,60,120],
[
[[1,0,0,0,0,0,0],[0,1,0,0,0,0,0],[0,0,1,0,0,0,0],[0,0,0,1,0,0,0],[0,0,0,0,1,0,0],[0,0,0,0,0,1,0],[0,0,0,0,0,0,1]],
[[0,1,0,0,0,0,0],[0,0,1,0,0,0,0],[1,0,0,0,0,0,0],[0,0,0,1,0,0,0],[0,0,0,0,1,0,0],[0,0,0,0,0,1,0],[0,0,0,0,0,0,1]],
[[0,0,1,0,0,0,0],[1,0,0,0,0,0,0],[0,1,0,0,0,0,0],[0,0,0,1,0,0,0],[0,0,0,0,1,0,0],[0,0,0,0,0,1,0],[0,0,0,0,0,0,1]],
[[0,0,0,1,0,0,0],[0,0,0,1,0,0,0],[0,0,0,1,0,0,0],[1,1,1,2,0,0,0],[0,0,0,0,3,0,0],[0,0,0,0,0,3,0],[0,0,0,0,0,0,3]],
[[0,0,0,0,1,0,0],[0,0,0,0,1,0,0],[0,0,0,0,1,0,0],[0,0,0,0,3,0,0],[1,1,1,3,0,2,2],[0,0,0,0,2,0,4],[0,0,0,0,2,4,0]],
[[0,0,0,0,0,1,0],[0,0,0,0,0,1,0],[0,0,0,0,0,1,0],[0,0,0,0,0,3,0],[0,0,0,0,2,0,4],[0,0,0,0,4,2,0],[1,1,1,3,0,2,2]],
[[0,0,0,0,0,0,1],[0,0,0,0,0,0,1],[0,0,0,0,0,0,1],[0,0,0,0,0,0,3],[0,0,0,0,2,4,0],[1,1,1,3,0,2,2],[0,0,0,0,4,0,2]]
]]
[120,[1,1,4,4,5,5,6],[0,1,2,3,4,5,6],[4,5,6,6,8,12,120],
[
[[1,0,0,0,0,0,0],[0,1,0,0,0,0,0],[0,0,1,0,0,0,0],[0,0,0,1,0,0,0],[0,0,0,0,1,0,0],[0,0,0,0,0,1,0],[0,0,0,0,0,0,1]],
[[0,1,0,0,0,0,0],[1,0,0,0,0,0,0],[0,0,0,1,0,0,0],[0,0,1,0,0,0,0],[0,0,0,0,0,1,0],[0,0,0,0,1,0,0],[0,0,0,0,0,0,1]],
[[0,0,1,0,0,0,0],[0,0,0,1,0,0,0],[1,0,0,1,0,1,1],[0,1,1,0,1,0,1],[0,0,0,1,1,1,1],[0,0,1,0,1,1,1],[0,0,1,1,1,1,1]],
[[0,0,0,1,0,0,0],[0,0,1,0,0,0,0],[0,1,1,0,1,0,1],[1,0,0,1,0,1,1],[0,0,1,0,1,1,1],[0,0,0,1,1,1,1],[0,0,1,1,1,1,1]],
[[0,0,0,0,1,0,0],[0,0,0,0,0,1,0],[0,0,0,1,1,1,1],[0,0,1,0,1,1,1],[1,0,1,1,1,1,1],[0,1,1,1,1,1,1],[0,0,1,1,1,1,2]],
[[0,0,0,0,0,1,0],[0,0,0,0,1,0,0],[0,0,1,0,1,1,1],[0,0,0,1,1,1,1],[0,1,1,1,1,1,1],[1,0,1,1,1,1,1],[0,0,1,1,1,1,2]],
[[0,0,0,0,0,0,1],[0,0,0,0,0,0,1],[0,0,1,1,1,1,1],[0,0,1,1,1,1,1],[0,0,1,1,1,1,2],[0,0,1,1,1,1,2],[1,1,1,1,2,2,1]]
]]
[120,[1,1,4,4,5,5,6],[0,1,2,3,4,5,6],[4,4,5,8,12,12,120],
[
[[1,0,0,0,0,0,0],[0,1,0,0,0,0,0],[0,0,1,0,0,0,0],[0,0,0,1,0,0,0],[0,0,0,0,1,0,0],[0,0,0,0,0,1,0],[0,0,0,0,0,0,1]],
[[0,1,0,0,0,0,0],[1,0,0,0,0,0,0],[0,0,1,0,0,0,0],[0,0,0,1,0,0,0],[0,0,0,0,0,1,0],[0,0,0,0,1,0,0],[0,0,0,0,0,0,1]],
[[0,0,1,0,0,0,0],[0,0,1,0,0,0,0],[1,1,2,0,0,0,1],[0,0,0,0,1,1,1],[0,0,0,1,1,1,1],[0,0,0,1,1,1,1],[0,0,1,1,1,1,1]],
[[0,0,0,1,0,0,0],[0,0,0,1,0,0,0],[0,0,0,0,1,1,1],[1,1,0,2,0,0,1],[0,0,1,0,1,1,1],[0,0,1,0,1,1,1],[0,0,1,1,1,1,1]],
[[0,0,0,0,1,0,0],[0,0,0,0,0,1,0],[0,0,0,1,1,1,1],[0,0,1,0,1,1,1],[1,0,1,1,1,1,1],[0,1,1,1,1,1,1],[0,0,1,1,1,1,2]],
[[0,0,0,0,0,1,0],[0,0,0,0,1,0,0],[0,0,0,1,1,1,1],[0,0,1,0,1,1,1],[0,1,1,1,1,1,1],[1,0,1,1,1,1,1],[0,0,1,1,1,1,2]],
[[0,0,0,0,0,0,1],[0,0,0,0,0,0,1],[0,0,1,1,1,1,1],[0,0,1,1,1,1,1],[0,0,1,1,1,1,2],[0,0,1,1,1,1,2],[1,1,1,1,2,2,1]]
]]
[120,[1,1,4,4,5,5,6],[0,1,2,3,5,4,6],[4,4,5,8,12,12,120],
[
[[1,0,0,0,0,0,0],[0,1,0,0,0,0,0],[0,0,1,0,0,0,0],[0,0,0,1,0,0,0],[0,0,0,0,1,0,0],[0,0,0,0,0,1,0],[0,0,0,0,0,0,1]],
[[0,1,0,0,0,0,0],[1,0,0,0,0,0,0],[0,0,1,0,0,0,0],[0,0,0,1,0,0,0],[0,0,0,0,0,1,0],[0,0,0,0,1,0,0],[0,0,0,0,0,0,1]],
[[0,0,1,0,0,0,0],[0,0,1,0,0,0,0],[1,1,2,0,0,0,1],[0,0,0,0,1,1,1],[0,0,0,1,1,1,1],[0,0,0,1,1,1,1],[0,0,1,1,1,1,1]],
[[0,0,0,1,0,0,0],[0,0,0,1,0,0,0],[0,0,0,0,1,1,1],[1,1,0,2,0,0,1],[0,0,1,0,1,1,1],[0,0,1,0,1,1,1],[0,0,1,1,1,1,1]],
[[0,0,0,0,1,0,0],[0,0,0,0,0,1,0],[0,0,0,1,1,1,1],[0,0,1,0,1,1,1],[0,1,1,1,1,1,1],[1,0,1,1,1,1,1],[0,0,1,1,1,1,2]],
[[0,0,0,0,0,1,0],[0,0,0,0,1,0,0],[0,0,0,1,1,1,1],[0,0,1,0,1,1,1],[1,0,1,1,1,1,1],[0,1,1,1,1,1,1],[0,0,1,1,1,1,2]],
[[0,0,0,0,0,0,1],[0,0,0,0,0,0,1],[0,0,1,1,1,1,1],[0,0,1,1,1,1,1],[0,0,1,1,1,1,2],[0,0,1,1,1,1,2],[1,1,1,1,2,2,1]]
]]
[156,[1,1,1,1,2,2,12],[0,1,2,3,4,5,6],[4,4,6,6,12,13,156],
[
[[1,0,0,0,0,0,0],[0,1,0,0,0,0,0],[0,0,1,0,0,0,0],[0,0,0,1,0,0,0],[0,0,0,0,1,0,0],[0,0,0,0,0,1,0],[0,0,0,0,0,0,1]],
[[0,1,0,0,0,0,0],[1,0,0,0,0,0,0],[0,0,0,1,0,0,0],[0,0,1,0,0,0,0],[0,0,0,0,0,1,0],[0,0,0,0,1,0,0],[0,0,0,0,0,0,1]],
[[0,0,1,0,0,0,0],[0,0,0,1,0,0,0],[1,0,0,0,0,0,0],[0,1,0,0,0,0,0],[0,0,0,0,0,1,0],[0,0,0,0,1,0,0],[0,0,0,0,0,0,1]],
[[0,0,0,1,0,0,0],[0,0,1,0,0,0,0],[0,1,0,0,0,0,0],[1,0,0,0,0,0,0],[0,0,0,0,1,0,0],[0,0,0,0,0,1,0],[0,0,0,0,0,0,1]],
[[0,0,0,0,1,0,0],[0,0,0,0,0,1,0],[0,0,0,0,0,1,0],[0,0,0,0,1,0,0],[1,0,0,1,0,1,0],[0,1,1,0,1,0,0],[0,0,0,0,0,0,2]],
[[0,0,0,0,0,1,0],[0,0,0,0,1,0,0],[0,0,0,0,1,0,0],[0,0,0,0,0,1,0],[0,1,1,0,1,0,0],[1,0,0,1,0,1,0],[0,0,0,0,0,0,2]],
[[0,0,0,0,0,0,1],[0,0,0,0,0,0,1],[0,0,0,0,0,0,1],[0,0,0,0,0,0,1],[0,0,0,0,0,0,2],[0,0,0,0,0,0,2],[1,1,1,1,2,2,11]]
]]
[156,[1,1,1,1,2,2,12],[0,1,2,3,5,4,6],[4,4,4,12,12,13,156],
[
[[1,0,0,0,0,0,0],[0,1,0,0,0,0,0],[0,0,1,0,0,0,0],[0,0,0,1,0,0,0],[0,0,0,0,1,0,0],[0,0,0,0,0,1,0],[0,0,0,0,0,0,1]],
[[0,1,0,0,0,0,0],[1,0,0,0,0,0,0],[0,0,0,1,0,0,0],[0,0,1,0,0,0,0],[0,0,0,0,1,0,0],[0,0,0,0,0,1,0],[0,0,0,0,0,0,1]],
[[0,0,1,0,0,0,0],[0,0,0,1,0,0,0],[1,0,0,0,0,0,0],[0,1,0,0,0,0,0],[0,0,0,0,1,0,0],[0,0,0,0,0,1,0],[0,0,0,0,0,0,1]],
[[0,0,0,1,0,0,0],[0,0,1,0,0,0,0],[0,1,0,0,0,0,0],[1,0,0,0,0,0,0],[0,0,0,0,1,0,0],[0,0,0,0,0,1,0],[0,0,0,0,0,0,1]],
[[0,0,0,0,1,0,0],[0,0,0,0,1,0,0],[0,0,0,0,1,0,0],[0,0,0,0,1,0,0],[0,0,0,0,0,2,0],[1,1,1,1,0,0,0],[0,0,0,0,0,0,2]],
[[0,0,0,0,0,1,0],[0,0,0,0,0,1,0],[0,0,0,0,0,1,0],[0,0,0,0,0,1,0],[1,1,1,1,0,0,0],[0,0,0,0,2,0,0],[0,0,0,0,0,0,2]],
[[0,0,0,0,0,0,1],[0,0,0,0,0,0,1],[0,0,0,0,0,0,1],[0,0,0,0,0,0,1],[0,0,0,0,0,0,2],[0,0,0,0,0,0,2],[1,1,1,1,2,2,11]]
]]
[156,[1,1,1,1,2,2,12],[0,1,3,2,4,5,6],[4,4,6,6,12,13,156],
[
[[1,0,0,0,0,0,0],[0,1,0,0,0,0,0],[0,0,1,0,0,0,0],[0,0,0,1,0,0,0],[0,0,0,0,1,0,0],[0,0,0,0,0,1,0],[0,0,0,0,0,0,1]],
[[0,1,0,0,0,0,0],[1,0,0,0,0,0,0],[0,0,0,1,0,0,0],[0,0,1,0,0,0,0],[0,0,0,0,1,0,0],[0,0,0,0,0,1,0],[0,0,0,0,0,0,1]],
[[0,0,1,0,0,0,0],[0,0,0,1,0,0,0],[0,1,0,0,0,0,0],[1,0,0,0,0,0,0],[0,0,0,0,0,1,0],[0,0,0,0,1,0,0],[0,0,0,0,0,0,1]],
[[0,0,0,1,0,0,0],[0,0,1,0,0,0,0],[1,0,0,0,0,0,0],[0,1,0,0,0,0,0],[0,0,0,0,0,1,0],[0,0,0,0,1,0,0],[0,0,0,0,0,0,1]],
[[0,0,0,0,1,0,0],[0,0,0,0,1,0,0],[0,0,0,0,0,1,0],[0,0,0,0,0,1,0],[1,1,0,0,0,1,0],[0,0,1,1,1,0,0],[0,0,0,0,0,0,2]],
[[0,0,0,0,0,1,0],[0,0,0,0,0,1,0],[0,0,0,0,1,0,0],[0,0,0,0,1,0,0],[0,0,1,1,1,0,0],[1,1,0,0,0,1,0],[0,0,0,0,0,0,2]],
[[0,0,0,0,0,0,1],[0,0,0,0,0,0,1],[0,0,0,0,0,0,1],[0,0,0,0,0,0,1],[0,0,0,0,0,0,2],[0,0,0,0,0,0,2],[1,1,1,1,2,2,11]]
]]
[156,[1,1,1,1,2,2,12],[0,1,3,2,5,4,6],[4,4,4,12,12,13,156],
[
[[1,0,0,0,0,0,0],[0,1,0,0,0,0,0],[0,0,1,0,0,0,0],[0,0,0,1,0,0,0],[0,0,0,0,1,0,0],[0,0,0,0,0,1,0],[0,0,0,0,0,0,1]],
[[0,1,0,0,0,0,0],[1,0,0,0,0,0,0],[0,0,0,1,0,0,0],[0,0,1,0,0,0,0],[0,0,0,0,1,0,0],[0,0,0,0,0,1,0],[0,0,0,0,0,0,1]],
[[0,0,1,0,0,0,0],[0,0,0,1,0,0,0],[0,1,0,0,0,0,0],[1,0,0,0,0,0,0],[0,0,0,0,1,0,0],[0,0,0,0,0,1,0],[0,0,0,0,0,0,1]],
[[0,0,0,1,0,0,0],[0,0,1,0,0,0,0],[1,0,0,0,0,0,0],[0,1,0,0,0,0,0],[0,0,0,0,1,0,0],[0,0,0,0,0,1,0],[0,0,0,0,0,0,1]],
[[0,0,0,0,1,0,0],[0,0,0,0,1,0,0],[0,0,0,0,1,0,0],[0,0,0,0,1,0,0],[0,0,0,0,0,2,0],[1,1,1,1,0,0,0],[0,0,0,0,0,0,2]],
[[0,0,0,0,0,1,0],[0,0,0,0,0,1,0],[0,0,0,0,0,1,0],[0,0,0,0,0,1,0],[1,1,1,1,0,0,0],[0,0,0,0,2,0,0],[0,0,0,0,0,0,2]],
[[0,0,0,0,0,0,1],[0,0,0,0,0,0,1],[0,0,0,0,0,0,1],[0,0,0,0,0,0,1],[0,0,0,0,0,0,2],[0,0,0,0,0,0,2],[1,1,1,1,2,2,11]]
]]

