3 3 7 7 43 43 1807 1807 1631721
3 3 7 7 43 43 1809 1809 544509
3 3 7 7 43 43 1813 1813 233877
3 3 7 7 43 43 1827 1827 78561
3 3 7 7 43 43 1849 1849 38829
3 3 7 7 43 43 1935 1935 13545
3 3 7 7 43 43 2107 2107 6321
3 3 7 7 43 43 2709 2709 2709
3 3 7 7 45 45 631 631 198765
3 3 7 7 45 45 633 633 66465
3 3 7 7 45 45 635 635 40005
3 3 7 7 45 45 637 637 28665
3 3 7 7 45 45 639 639 22365
3 3 7 7 45 45 645 645 13545
3 3 7 7 45 45 651 651 9765
3 3 7 7 45 45 665 665 5985
3 3 7 7 45 45 675 675 4725
3 3 7 7 45 45 693 693 3465
3 3 7 7 45 45 735 735 2205
3 3 7 7 45 45 945 945 945
3 3 7 7 47 47 395 395 389865
3 3 7 7 47 47 399 399 18753
3 3 7 7 47 47 423 423 2961
3 3 7 7 49 49 295 295 43365
3 3 7 7 49 49 297 297 14553
3 3 7 7 49 49 301 301 6321
3 3 7 7 49 49 315 315 2205
3 3 7 7 49 49 343 343 1029
3 3 7 7 49 49 441 441 441
3 3 7 7 51 51 255 255 1785
3 3 7 7 51 51 357 357 357
3 3 7 7 53 53 203 203 32277
3 3 7 7 57 57 161 161 9177
3 3 7 7 57 57 171 171 1197
3 3 7 7 59 59 147 147 8673
3 3 7 7 61 61 135 135 57645
3 3 7 7 63 63 127 127 8001
3 3 7 7 63 63 129 129 2709
3 3 7 7 63 63 133 133 1197
3 3 7 7 63 63 135 135 945
3 3 7 7 63 63 147 147 441
3 3 7 7 63 63 189 189 189
3 3 7 7 65 65 119 119 23205
3 3 7 7 73 73 99 99 50589
3 3 7 7 75 75 105 105 525
3 3 7 7 77 77 93 93 7161
3 3 7 7 77 77 99 99 693
3 3 7 7 85 85 85 85 1785
3 3 7 7 87 87 87 87 609
3 3 7 7 91 91 91 91 273
3 3 7 7 105 105 105 105 105
3 3 9 9 19 19 343 343 58653
3 3 9 9 19 19 345 345 19665
3 3 9 9 19 19 351 351 6669
3 3 9 9 19 19 361 361 3249
3 3 9 9 19 19 399 399 1197
3 3 9 9 19 19 513 513 513
3 3 9 9 21 21 127 127 8001
3 3 9 9 21 21 129 129 2709
3 3 9 9 21 21 133 133 1197
3 3 9 9 21 21 135 135 945
3 3 9 9 21 21 147 147 441
3 3 9 9 21 21 189 189 189
3 3 9 9 23 23 83 83 17181
3 3 9 9 25 25 65 65 2925
3 3 9 9 25 25 75 75 225
3 3 9 9 27 27 55 55 1485
3 3 9 9 27 27 57 57 513
3 3 9 9 27 27 63 63 189
3 3 9 9 27 27 81 81 81
3 3 9 9 31 31 43 43 11997
3 3 9 9 37 37 37 37 333
3 3 9 9 39 39 39 39 117
3 3 9 9 45 45 45 45 45
3 3 11 11 15 15 111 111 6105
3 3 11 11 15 15 165 165 165
3 3 11 11 23 23 31 31 23529
3 3 11 11 27 27 27 27 297
3 3 11 11 33 33 33 33 33
3 3 13 13 13 13 79 79 3081
3 3 13 13 13 13 81 81 1053
3 3 13 13 13 13 91 91 273
3 3 13 13 13 13 117 117 117
3 3 13 13 15 15 45 45 585
3 3 13 13 19 19 27 27 6669
3 3 15 15 15 15 31 31 465
3 3 15 15 15 15 33 33 165
3 3 15 15 15 15 35 35 105
3 3 15 15 15 15 45 45 45
3 3 15 15 21 21 21 21 105
3 3 17 17 17 17 21 21 357
3 3 19 19 19 19 19 19 57
3 3 21 21 21 21 21 21 21
5 5 5 5 11 11 111 111 6105
5 5 5 5 11 11 115 115 1265
5 5 5 5 11 11 121 121 605
5 5 5 5 11 11 165 165 165
5 5 5 5 13 13 45 45 585
5 5 5 5 13 13 65 65 65
5 5 5 5 15 15 31 31 465
5 5 5 5 15 15 33 33 165
5 5 5 5 15 15 35 35 105
5 5 5 5 15 15 45 45 45
5 5 5 5 17 17 25 25 425
5 5 5 5 21 21 21 21 105
5 5 5 5 25 25 25 25 25
5 5 7 7 7 7 71 71 2485
5 5 7 7 7 7 75 75 525
5 5 7 7 7 7 77 77 385
5 5 7 7 7 7 105 105 105
5 5 9 9 9 9 13 13 585
5 5 9 9 9 9 15 15 45
7 7 7 7 7 7 15 15 105
7 7 7 7 7 7 21 21 21
9 9 9 9 9 9 9 9 9
