This file collects the investigation of the induction matrices for all the required fusion rings in the paper:

Here is the list of type/duality we need to consider:


# Those without induction matrices:
L1=[
[[1,1,4,4,6],[0,1,3,2,4]],
[[1,1,1,6,9],[0,2,1,3,4]],
[[1,1,5,7,8],[0,1,2,3,4]],
[[1,1,2,3,15],[0,1,2,3,4]],
[[1,1,2,9,15],[0,1,2,3,4]],
[[1,1,2,8,8,10],[0,1,2,4,3,5]],
[[1,1,2,8,8,14],[0,1,2,4,3,5]],
[[1,1,1,10,11,14],[0,2,1,3,4,5]],
[[1,1,1,1,1,1,3,3],[0,1,2,3,5,4,7,6]],	# NC
[[1,1,1,1,1,1,6,6],[0,1,2,3,5,4,6,7]]	# NC
]
 
# Those with induction matrices: 
L2=[
[[1,1,2,6],[0,1,2,3]],
[[1,1,1,3],[0,2,1,3]],			# type of Rep(A4)
[[1,1,1,3,6],[0,2,1,3,4]],
[[1,1,2,6,6],[0,1,2,3,4]],
[[1,1,2,2,10],[0,1,2,3,4]],
[[1,1,1,3,12],[0,2,1,3,4]],
[[1,1,1,3,12,18],[0,2,1,3,4,5]],	# First non-1-Frob Drinfeld with indction matrices!! 292 induction matrices found. 40.6512 sec
[[1,1,1,3,4,4,4],[0,2,1,3,4,5,6]]	# NC
]

# Those mixed:
L3=[
[[1,1,1,1,1,1,3,3],[0,1,2,3,5,4,6,7]]	# two fusion rings, one (mult 2) with induction matrices (i.e. C(S4,1,A4,1)) and one (mult 1) without induction matrix
]

# Those for which the computation is hard:

L4=[
[[1,1,8,10,10,14],[0,1,2,4,3,5]],	# non-1-Frob	# done, no solution, 3551.97 sec
[[1,1,2,4,4,4,6],[0,1,2,3,4,5,6]],	# non-1-Frob	# done, no solution, but need more than 1 hour: 3903s
[[1,1,1,3,4,4,4,6],[0,2,1,3,4,5,6,7]]	# NC
]

# Those for which the computation is too hard:

L5=[
[[1,9,10,11,21,24],[0,1,2,3,4,5]],
[[1,5,5,5,6,7,7],[0,1,2,3,4,5,6]],
[[1,7,7,7,7,8,9,9,9],[0,1,2,3,4,5,6,7,8]]
]

################ Computation #################

## In the folder Li (with i=1,2,3,4)
sage: %attach /home/sebastien/Nutstore Files/SAGE/TypeToNormaliz.sage
sage: for l in Li:
....:     NormalizInduction(l[0],l[1])
# Move to Normaliz:	#L4 excepted (too hard) 
for i in *; do normaliz -x=4 -c "$i"; done

## Regarding L5: 
Consider the classification of the lower parts:
use InductionLowPart from TypeToNormaliz.sage.

OK, it provides the good counting 2234516 for [[1,9,10,11,21,24],[0,1,2,3,4,5]]
Idem for F210: 17843535 solutions, need more RAM to print all. The counting display before printing

sage: %attach /home/sebastien/Nutstore Files/SAGE/TypeToNormaliz.sage
sage: l5=[210,[1,5,5,5,6,7,7],[0,1,2,3,4,5,6],[5,5,6,7,7,7,210],
....: [
....: [[1,0,0,0,0,0,0],[0,1,0,0,0,0,0],[0,0,1,0,0,0,0],[0,0,0,1,0,0,0],[0,0,0,0,1,0,0],[0,0,0,0,0,1,0],[0,0,0,0,0,0,1]],
....: [[0,1,0,0,0,0,0],[1,1,0,1,0,1,1],[0,0,1,0,1,1,1],[0,1,0,0,1,1,1],[0,0,1,1,1,1,1],[0,1,1,1,1,1,1],[0,1,1,1,1,1,1]],
....: [[0,0,1,0,0,0,0],[0,0,1,0,1,1,1],[1,1,1,0,0,1,1],[0,0,0,1,1,1,1],[0,1,0,1,1,1,1],[0,1,1,1,1,1,1],[0,1,1,1,1,1,1]],
....: [[0,0,0,1,0,0,0],[0,1,0,0,1,1,1],[0,0,0,1,1,1,1],[1,0,1,1,0,1,1],[0,1,1,0,1,1,1],[0,1,1,1,1,1,1],[0,1,1,1,1,1,1]],
....: [[0,0,0,0,1,0,0],[0,0,1,1,1,1,1],[0,1,0,1,1,1,1],[0,1,1,0,1,1,1],[1,1,1,1,1,1,1],[0,1,1,1,1,2,1],[0,1,1,1,1,1,2]],
....: [[0,0,0,0,0,1,0],[0,1,1,1,1,1,1],[0,1,1,1,1,1,1],[0,1,1,1,1,1,1],[0,1,1,1,1,2,1],[1,1,1,1,2,1,2],[0,1,1,1,1,2,2]],
....: [[0,0,0,0,0,0,1],[0,1,1,1,1,1,1],[0,1,1,1,1,1,1],[0,1,1,1,1,1,1],[0,1,1,1,1,1,2],[0,1,1,1,1,2,2],[1,1,1,1,2,2,1]]
....: ]]
sage: InductionLowPart(l5[-1],l5[1],l5[2],l5[3])
#Move the Normaliz:
for i in *; do normaliz -x=4 -c "$i"; done
# broken, not enough RAM for print out, but 17843535 solutions info OK. Counting up to iso?

################ The non-1-Frob Drinfeld with induction matrices ################
[1,1,1,3,12,18][0,2,1,3,4,5]

sage: %attach [1,1,1,3,12,18][0,2,1,3,4,5].sage
sage: LL=[]
sage: for l in L[0]:
....:     if len(l)==1:
....:         LL.append(l)		# contain fusion data (up to Frob reciprocity) followed by all the possible Drinfeld center types
....: 
sage: len(LL)				# there is a single fusion data, so 293-1 = 292 solutions
293
sage: LLL=[]
....: for l in LL[1:]:
....:     if not len(l) in LLL:
....:         LLL.append(len(l))
....: 
sage: print(LLL)
[25, 28, 31, 34, 37, 40, 43, 46, 49, 52, 55, 58, 61, 64, 67, 70, 73, 76, 79]	# i.e. all the rank = 1 (mod 3) between 25 and 79
sage: len(LLL)
19

sage: t=[1, 3, 12, 15, 24, 30, 48, 60, 96, 120, 160]		# list of possible basic FPdims
sage: TT=[]
....: for l in LL[1:]:
....:     tt=ListToType(l)
....:     ll=[c[0] for c in tt]
....:     for i in t:
....:         if not i in ll:
....:             tt.append([i,0])
....:     tt.sort()
....:     TT.append(tt)
....: TT.sort()
sage: len(TT)
292				# number of induction matrices
sage: for g in TT:
....:     print(g)
....: 
[[1, 1], [1, 2], [3, 1], [12, 1], [15, 4], [24, 1], [30, 0],  [48, 1],  [60, 2], [96, 4], [120, 2], [160, 6]]
[[1, 1], [1, 2], [3, 1], [12, 1], [15, 4], [24, 1], [30, 0],  [48, 1],  [60, 6], [96, 4], [120, 1], [160, 6]]
[[1, 1], [1, 2], [3, 1], [12, 1], [15, 4], [24, 1], [30, 0],  [48, 5],  [60, 2], [96, 3], [120, 2], [160, 6]]
[[1, 1], [1, 2], [3, 1], [12, 1], [15, 4], [24, 1], [30, 0],  [48, 5],  [60, 6], [96, 3], [120, 1], [160, 6]]
[[1, 1], [1, 2], [3, 1], [12, 1], [15, 4], [24, 1], [30, 0],  [48, 9],  [60, 2], [96, 2], [120, 2], [160, 6]]
[[1, 1], [1, 2], [3, 1], [12, 1], [15, 4], [24, 1], [30, 0],  [48, 9],  [60, 6], [96, 2], [120, 1], [160, 6]]
[[1, 1], [1, 2], [3, 1], [12, 1], [15, 4], [24, 1], [30, 0],  [48, 13], [60, 2], [96, 1], [120, 2], [160, 6]]
[[1, 1], [1, 2], [3, 1], [12, 1], [15, 4], [24, 1], [30, 0],  [48, 13], [60, 6], [96, 1], [120, 1], [160, 6]]
[[1, 1], [1, 2], [3, 1], [12, 1], [15, 4], [24, 1], [30, 4],  [48, 1],  [60, 1], [96, 4], [120, 2], [160, 6]]
[[1, 1], [1, 2], [3, 1], [12, 1], [15, 4], [24, 1], [30, 4],  [48, 1],  [60, 5], [96, 4], [120, 1], [160, 6]]
[[1, 1], [1, 2], [3, 1], [12, 1], [15, 4], [24, 1], [30, 4],  [48, 5],  [60, 1], [96, 3], [120, 2], [160, 6]]
[[1, 1], [1, 2], [3, 1], [12, 1], [15, 4], [24, 1], [30, 4],  [48, 5],  [60, 5], [96, 3], [120, 1], [160, 6]]
[[1, 1], [1, 2], [3, 1], [12, 1], [15, 4], [24, 1], [30, 4],  [48, 9],  [60, 1], [96, 2], [120, 2], [160, 6]]
[[1, 1], [1, 2], [3, 1], [12, 1], [15, 4], [24, 1], [30, 4],  [48, 9],  [60, 5], [96, 2], [120, 1], [160, 6]]
[[1, 1], [1, 2], [3, 1], [12, 1], [15, 4], [24, 1], [30, 4],  [48, 13], [60, 1], [96, 1], [120, 2], [160, 6]]
[[1, 1], [1, 2], [3, 1], [12, 1], [15, 4], [24, 1], [30, 4],  [48, 13], [60, 5], [96, 1], [120, 1], [160, 6]]
[[1, 1], [1, 2], [3, 1], [12, 1], [15, 4], [24, 1], [30, 8],  [48, 1],  [60, 0], [96, 4], [120, 2], [160, 6]]
[[1, 1], [1, 2], [3, 1], [12, 1], [15, 4], [24, 1], [30, 8],  [48, 1],  [60, 4], [96, 4], [120, 1], [160, 6]]
[[1, 1], [1, 2], [3, 1], [12, 1], [15, 4], [24, 1], [30, 8],  [48, 5],  [60, 0], [96, 3], [120, 2], [160, 6]]
[[1, 1], [1, 2], [3, 1], [12, 1], [15, 4], [24, 1], [30, 8],  [48, 5],  [60, 4], [96, 3], [120, 1], [160, 6]]
[[1, 1], [1, 2], [3, 1], [12, 1], [15, 4], [24, 1], [30, 8],  [48, 9],  [60, 0], [96, 2], [120, 2], [160, 6]]
[[1, 1], [1, 2], [3, 1], [12, 1], [15, 4], [24, 1], [30, 8],  [48, 9],  [60, 4], [96, 2], [120, 1], [160, 6]]
[[1, 1], [1, 2], [3, 1], [12, 1], [15, 4], [24, 1], [30, 8],  [48, 13], [60, 0], [96, 1], [120, 2], [160, 6]]
[[1, 1], [1, 2], [3, 1], [12, 1], [15, 4], [24, 1], [30, 8],  [48, 13], [60, 4], [96, 1], [120, 1], [160, 6]]
[[1, 1], [1, 2], [3, 1], [12, 1], [15, 4], [24, 1], [30, 12], [48, 1],  [60, 3], [96, 4], [120, 1], [160, 6]]
[[1, 1], [1, 2], [3, 1], [12, 1], [15, 4], [24, 1], [30, 12], [48, 5],  [60, 3], [96, 3], [120, 1], [160, 6]]
[[1, 1], [1, 2], [3, 1], [12, 1], [15, 4], [24, 1], [30, 12], [48, 9],  [60, 3], [96, 2], [120, 1], [160, 6]]
[[1, 1], [1, 2], [3, 1], [12, 1], [15, 4], [24, 1], [30, 12], [48, 13], [60, 3], [96, 1], [120, 1], [160, 6]]
[[1, 1], [1, 2], [3, 1], [12, 1], [15, 4], [24, 1], [30, 16], [48, 1],  [60, 2], [96, 4], [120, 1], [160, 6]]
[[1, 1], [1, 2], [3, 1], [12, 1], [15, 4], [24, 1], [30, 16], [48, 5],  [60, 2], [96, 3], [120, 1], [160, 6]]
[[1, 1], [1, 2], [3, 1], [12, 1], [15, 4], [24, 1], [30, 16], [48, 9],  [60, 2], [96, 2], [120, 1], [160, 6]]
[[1, 1], [1, 2], [3, 1], [12, 1], [15, 4], [24, 1], [30, 16], [48, 13], [60, 2], [96, 1], [120, 1], [160, 6]]
[[1, 1], [1, 2], [3, 1], [12, 1], [15, 4], [24, 1], [30, 20], [48, 1],  [60, 1], [96, 4], [120, 1], [160, 6]]
[[1, 1], [1, 2], [3, 1], [12, 1], [15, 4], [24, 1], [30, 20], [48, 5],  [60, 1], [96, 3], [120, 1], [160, 6]]
[[1, 1], [1, 2], [3, 1], [12, 1], [15, 4], [24, 1], [30, 20], [48, 9],  [60, 1], [96, 2], [120, 1], [160, 6]]
[[1, 1], [1, 2], [3, 1], [12, 1], [15, 4], [24, 1], [30, 20], [48, 13], [60, 1], [96, 1], [120, 1], [160, 6]]
[[1, 1], [1, 2], [3, 1], [12, 1], [15, 4], [24, 1], [30, 24], [48, 1], [60, 0], [96, 4], [120, 1], [160, 6]]
[[1, 1], [1, 2], [3, 1], [12, 1], [15, 4], [24, 1], [30, 24], [48, 5], [60, 0], [96, 3], [120, 1], [160, 6]]
[[1, 1], [1, 2], [3, 1], [12, 1], [15, 4], [24, 1], [30, 24], [48, 9], [60, 0], [96, 2], [120, 1], [160, 6]]
[[1, 1], [1, 2], [3, 1], [12, 1], [15, 4], [24, 1], [30, 24], [48, 13], [60, 0], [96, 1], [120, 1], [160, 6]]
[[1, 1], [1, 2], [3, 1], [12, 1], [15, 4], [24, 4], [30, 0], [48, 2], [60, 2], [96, 2], [120, 3], [160, 6]]
[[1, 1], [1, 2], [3, 1], [12, 1], [15, 4], [24, 4], [30, 0], [48, 2], [60, 6], [96, 2], [120, 2], [160, 6]]
[[1, 1], [1, 2], [3, 1], [12, 1], [15, 4], [24, 4], [30, 0], [48, 2], [60, 10], [96, 2], [120, 1], [160, 6]]
[[1, 1], [1, 2], [3, 1], [12, 1], [15, 4], [24, 4], [30, 0], [48, 6], [60, 2], [96, 1], [120, 3], [160, 6]]
[[1, 1], [1, 2], [3, 1], [12, 1], [15, 4], [24, 4], [30, 0], [48, 6], [60, 6], [96, 1], [120, 2], [160, 6]]
[[1, 1], [1, 2], [3, 1], [12, 1], [15, 4], [24, 4], [30, 0], [48, 6], [60, 10], [96, 1], [120, 1], [160, 6]]
[[1, 1], [1, 2], [3, 1], [12, 1], [15, 4], [24, 4], [30, 0], [48, 10], [60, 2], [96, 0], [120, 3], [160, 6]]
[[1, 1], [1, 2], [3, 1], [12, 1], [15, 4], [24, 4], [30, 0], [48, 10], [60, 6], [96, 0], [120, 2], [160, 6]]
[[1, 1], [1, 2], [3, 1], [12, 1], [15, 4], [24, 4], [30, 0], [48, 10], [60, 10], [96, 0], [120, 1], [160, 6]]
[[1, 1], [1, 2], [3, 1], [12, 1], [15, 4], [24, 4], [30, 4], [48, 2], [60, 1], [96, 2], [120, 3], [160, 6]]
[[1, 1], [1, 2], [3, 1], [12, 1], [15, 4], [24, 4], [30, 4], [48, 2], [60, 5], [96, 2], [120, 2], [160, 6]]
[[1, 1], [1, 2], [3, 1], [12, 1], [15, 4], [24, 4], [30, 4], [48, 2], [60, 9], [96, 2], [120, 1], [160, 6]]
[[1, 1], [1, 2], [3, 1], [12, 1], [15, 4], [24, 4], [30, 4], [48, 6], [60, 1], [96, 1], [120, 3], [160, 6]]
[[1, 1], [1, 2], [3, 1], [12, 1], [15, 4], [24, 4], [30, 4], [48, 6], [60, 5], [96, 1], [120, 2], [160, 6]]
[[1, 1], [1, 2], [3, 1], [12, 1], [15, 4], [24, 4], [30, 4], [48, 6], [60, 9], [96, 1], [120, 1], [160, 6]]
[[1, 1], [1, 2], [3, 1], [12, 1], [15, 4], [24, 4], [30, 4], [48, 10], [60, 1], [96, 0], [120, 3], [160, 6]]
[[1, 1], [1, 2], [3, 1], [12, 1], [15, 4], [24, 4], [30, 4], [48, 10], [60, 5], [96, 0], [120, 2], [160, 6]]
[[1, 1], [1, 2], [3, 1], [12, 1], [15, 4], [24, 4], [30, 4], [48, 10], [60, 9], [96, 0], [120, 1], [160, 6]]
[[1, 1], [1, 2], [3, 1], [12, 1], [15, 4], [24, 4], [30, 8], [48, 2], [60, 0], [96, 2], [120, 3], [160, 6]]
[[1, 1], [1, 2], [3, 1], [12, 1], [15, 4], [24, 4], [30, 8], [48, 2], [60, 4], [96, 2], [120, 2], [160, 6]]
[[1, 1], [1, 2], [3, 1], [12, 1], [15, 4], [24, 4], [30, 8], [48, 2], [60, 8], [96, 2], [120, 1], [160, 6]]
[[1, 1], [1, 2], [3, 1], [12, 1], [15, 4], [24, 4], [30, 8], [48, 6], [60, 0], [96, 1], [120, 3], [160, 6]]
[[1, 1], [1, 2], [3, 1], [12, 1], [15, 4], [24, 4], [30, 8], [48, 6], [60, 4], [96, 1], [120, 2], [160, 6]]
[[1, 1], [1, 2], [3, 1], [12, 1], [15, 4], [24, 4], [30, 8], [48, 6], [60, 8], [96, 1], [120, 1], [160, 6]]
[[1, 1], [1, 2], [3, 1], [12, 1], [15, 4], [24, 4], [30, 8], [48, 10], [60, 0], [96, 0], [120, 3], [160, 6]]
[[1, 1], [1, 2], [3, 1], [12, 1], [15, 4], [24, 4], [30, 8], [48, 10], [60, 4], [96, 0], [120, 2], [160, 6]]
[[1, 1], [1, 2], [3, 1], [12, 1], [15, 4], [24, 4], [30, 8], [48, 10], [60, 8], [96, 0], [120, 1], [160, 6]]
[[1, 1], [1, 2], [3, 1], [12, 1], [15, 4], [24, 4], [30, 12], [48, 2], [60, 3], [96, 2], [120, 2], [160, 6]]
[[1, 1], [1, 2], [3, 1], [12, 1], [15, 4], [24, 4], [30, 12], [48, 2], [60, 7], [96, 2], [120, 1], [160, 6]]
[[1, 1], [1, 2], [3, 1], [12, 1], [15, 4], [24, 4], [30, 12], [48, 6], [60, 3], [96, 1], [120, 2], [160, 6]]
[[1, 1], [1, 2], [3, 1], [12, 1], [15, 4], [24, 4], [30, 12], [48, 6], [60, 7], [96, 1], [120, 1], [160, 6]]
[[1, 1], [1, 2], [3, 1], [12, 1], [15, 4], [24, 4], [30, 12], [48, 10], [60, 3], [96, 0], [120, 2], [160, 6]]
[[1, 1], [1, 2], [3, 1], [12, 1], [15, 4], [24, 4], [30, 12], [48, 10], [60, 7], [96, 0], [120, 1], [160, 6]]
[[1, 1], [1, 2], [3, 1], [12, 1], [15, 4], [24, 4], [30, 16], [48, 2], [60, 2], [96, 2], [120, 2], [160, 6]]
[[1, 1], [1, 2], [3, 1], [12, 1], [15, 4], [24, 4], [30, 16], [48, 2], [60, 6], [96, 2], [120, 1], [160, 6]]
[[1, 1], [1, 2], [3, 1], [12, 1], [15, 4], [24, 4], [30, 16], [48, 6], [60, 2], [96, 1], [120, 2], [160, 6]]
[[1, 1], [1, 2], [3, 1], [12, 1], [15, 4], [24, 4], [30, 16], [48, 6], [60, 6], [96, 1], [120, 1], [160, 6]]
[[1, 1], [1, 2], [3, 1], [12, 1], [15, 4], [24, 4], [30, 16], [48, 10], [60, 2], [96, 0], [120, 2], [160, 6]]
[[1, 1], [1, 2], [3, 1], [12, 1], [15, 4], [24, 4], [30, 16], [48, 10], [60, 6], [96, 0], [120, 1], [160, 6]]
[[1, 1], [1, 2], [3, 1], [12, 1], [15, 4], [24, 4], [30, 20], [48, 2], [60, 1], [96, 2], [120, 2], [160, 6]]
[[1, 1], [1, 2], [3, 1], [12, 1], [15, 4], [24, 4], [30, 20], [48, 2], [60, 5], [96, 2], [120, 1], [160, 6]]
[[1, 1], [1, 2], [3, 1], [12, 1], [15, 4], [24, 4], [30, 20], [48, 6], [60, 1], [96, 1], [120, 2], [160, 6]]
[[1, 1], [1, 2], [3, 1], [12, 1], [15, 4], [24, 4], [30, 20], [48, 6], [60, 5], [96, 1], [120, 1], [160, 6]]
[[1, 1], [1, 2], [3, 1], [12, 1], [15, 4], [24, 4], [30, 20], [48, 10], [60, 1], [96, 0], [120, 2], [160, 6]]
[[1, 1], [1, 2], [3, 1], [12, 1], [15, 4], [24, 4], [30, 20], [48, 10], [60, 5], [96, 0], [120, 1], [160, 6]]
[[1, 1], [1, 2], [3, 1], [12, 1], [15, 4], [24, 4], [30, 24], [48, 2], [60, 0], [96, 2], [120, 2], [160, 6]]
[[1, 1], [1, 2], [3, 1], [12, 1], [15, 4], [24, 4], [30, 24], [48, 2], [60, 4], [96, 2], [120, 1], [160, 6]]
[[1, 1], [1, 2], [3, 1], [12, 1], [15, 4], [24, 4], [30, 24], [48, 6], [60, 0], [96, 1], [120, 2], [160, 6]]
[[1, 1], [1, 2], [3, 1], [12, 1], [15, 4], [24, 4], [30, 24], [48, 6], [60, 4], [96, 1], [120, 1], [160, 6]]
[[1, 1], [1, 2], [3, 1], [12, 1], [15, 4], [24, 4], [30, 24], [48, 10], [60, 0], [96, 0], [120, 2], [160, 6]]
[[1, 1], [1, 2], [3, 1], [12, 1], [15, 4], [24, 4], [30, 24], [48, 10], [60, 4], [96, 0], [120, 1], [160, 6]]
[[1, 1], [1, 2], [3, 1], [12, 1], [15, 4], [24, 4], [30, 28], [48, 2], [60, 3], [96, 2], [120, 1], [160, 6]]
[[1, 1], [1, 2], [3, 1], [12, 1], [15, 4], [24, 4], [30, 28], [48, 6], [60, 3], [96, 1], [120, 1], [160, 6]]
[[1, 1], [1, 2], [3, 1], [12, 1], [15, 4], [24, 4], [30, 28], [48, 10], [60, 3], [96, 0], [120, 1], [160, 6]]
[[1, 1], [1, 2], [3, 1], [12, 1], [15, 4], [24, 4], [30, 32], [48, 2], [60, 2], [96, 2], [120, 1], [160, 6]]
[[1, 1], [1, 2], [3, 1], [12, 1], [15, 4], [24, 4], [30, 32], [48, 6], [60, 2], [96, 1], [120, 1], [160, 6]]
[[1, 1], [1, 2], [3, 1], [12, 1], [15, 4], [24, 4], [30, 32], [48, 10], [60, 2], [96, 0], [120, 1], [160, 6]]
[[1, 1], [1, 2], [3, 1], [12, 1], [15, 4], [24, 4], [30, 36], [48, 2], [60, 1], [96, 2], [120, 1], [160, 6]]
[[1, 1], [1, 2], [3, 1], [12, 1], [15, 4], [24, 4], [30, 36], [48, 6], [60, 1], [96, 1], [120, 1], [160, 6]]
[[1, 1], [1, 2], [3, 1], [12, 1], [15, 4], [24, 4], [30, 36], [48, 10], [60, 1], [96, 0], [120, 1], [160, 6]]
[[1, 1], [1, 2], [3, 1], [12, 1], [15, 4], [24, 4], [30, 40], [48, 2], [60, 0], [96, 2], [120, 1], [160, 6]]
[[1, 1], [1, 2], [3, 1], [12, 1], [15, 4], [24, 4], [30, 40], [48, 6], [60, 0], [96, 1], [120, 1], [160, 6]]
[[1, 1], [1, 2], [3, 1], [12, 1], [15, 4], [24, 4], [30, 40], [48, 10], [60, 0], [96, 0], [120, 1], [160, 6]]
[[1, 1], [1, 2], [3, 1], [12, 5], [15, 4], [24, 3], [30, 0], [48, 2], [60, 2], [96, 2], [120, 3], [160, 6]]
[[1, 1], [1, 2], [3, 1], [12, 5], [15, 4], [24, 3], [30, 0], [48, 2], [60, 6], [96, 2], [120, 2], [160, 6]]
[[1, 1], [1, 2], [3, 1], [12, 5], [15, 4], [24, 3], [30, 0], [48, 2], [60, 10], [96, 2], [120, 1], [160, 6]]
[[1, 1], [1, 2], [3, 1], [12, 5], [15, 4], [24, 3], [30, 0], [48, 6], [60, 2], [96, 1], [120, 3], [160, 6]]
[[1, 1], [1, 2], [3, 1], [12, 5], [15, 4], [24, 3], [30, 0], [48, 6], [60, 6], [96, 1], [120, 2], [160, 6]]
[[1, 1], [1, 2], [3, 1], [12, 5], [15, 4], [24, 3], [30, 0], [48, 6], [60, 10], [96, 1], [120, 1], [160, 6]]
[[1, 1], [1, 2], [3, 1], [12, 5], [15, 4], [24, 3], [30, 0], [48, 10], [60, 2], [96, 0], [120, 3], [160, 6]]
[[1, 1], [1, 2], [3, 1], [12, 5], [15, 4], [24, 3], [30, 0], [48, 10], [60, 6], [96, 0], [120, 2], [160, 6]]
[[1, 1], [1, 2], [3, 1], [12, 5], [15, 4], [24, 3], [30, 0], [48, 10], [60, 10], [96, 0], [120, 1], [160, 6]]
[[1, 1], [1, 2], [3, 1], [12, 5], [15, 4], [24, 3], [30, 4], [48, 2], [60, 1], [96, 2], [120, 3], [160, 6]]
[[1, 1], [1, 2], [3, 1], [12, 5], [15, 4], [24, 3], [30, 4], [48, 2], [60, 5], [96, 2], [120, 2], [160, 6]]
[[1, 1], [1, 2], [3, 1], [12, 5], [15, 4], [24, 3], [30, 4], [48, 2], [60, 9], [96, 2], [120, 1], [160, 6]]
[[1, 1], [1, 2], [3, 1], [12, 5], [15, 4], [24, 3], [30, 4], [48, 6], [60, 1], [96, 1], [120, 3], [160, 6]]
[[1, 1], [1, 2], [3, 1], [12, 5], [15, 4], [24, 3], [30, 4], [48, 6], [60, 5], [96, 1], [120, 2], [160, 6]]
[[1, 1], [1, 2], [3, 1], [12, 5], [15, 4], [24, 3], [30, 4], [48, 6], [60, 9], [96, 1], [120, 1], [160, 6]]
[[1, 1], [1, 2], [3, 1], [12, 5], [15, 4], [24, 3], [30, 4], [48, 10], [60, 1], [96, 0], [120, 3], [160, 6]]
[[1, 1], [1, 2], [3, 1], [12, 5], [15, 4], [24, 3], [30, 4], [48, 10], [60, 5], [96, 0], [120, 2], [160, 6]]
[[1, 1], [1, 2], [3, 1], [12, 5], [15, 4], [24, 3], [30, 4], [48, 10], [60, 9], [96, 0], [120, 1], [160, 6]]
[[1, 1], [1, 2], [3, 1], [12, 5], [15, 4], [24, 3], [30, 8], [48, 2], [60, 0], [96, 2], [120, 3], [160, 6]]
[[1, 1], [1, 2], [3, 1], [12, 5], [15, 4], [24, 3], [30, 8], [48, 2], [60, 4], [96, 2], [120, 2], [160, 6]]
[[1, 1], [1, 2], [3, 1], [12, 5], [15, 4], [24, 3], [30, 8], [48, 2], [60, 8], [96, 2], [120, 1], [160, 6]]
[[1, 1], [1, 2], [3, 1], [12, 5], [15, 4], [24, 3], [30, 8], [48, 6], [60, 0], [96, 1], [120, 3], [160, 6]]
[[1, 1], [1, 2], [3, 1], [12, 5], [15, 4], [24, 3], [30, 8], [48, 6], [60, 4], [96, 1], [120, 2], [160, 6]]
[[1, 1], [1, 2], [3, 1], [12, 5], [15, 4], [24, 3], [30, 8], [48, 6], [60, 8], [96, 1], [120, 1], [160, 6]]
[[1, 1], [1, 2], [3, 1], [12, 5], [15, 4], [24, 3], [30, 8], [48, 10], [60, 0], [96, 0], [120, 3], [160, 6]]
[[1, 1], [1, 2], [3, 1], [12, 5], [15, 4], [24, 3], [30, 8], [48, 10], [60, 4], [96, 0], [120, 2], [160, 6]]
[[1, 1], [1, 2], [3, 1], [12, 5], [15, 4], [24, 3], [30, 8], [48, 10], [60, 8], [96, 0], [120, 1], [160, 6]]
[[1, 1], [1, 2], [3, 1], [12, 5], [15, 4], [24, 3], [30, 12], [48, 2], [60, 3], [96, 2], [120, 2], [160, 6]]
[[1, 1], [1, 2], [3, 1], [12, 5], [15, 4], [24, 3], [30, 12], [48, 2], [60, 7], [96, 2], [120, 1], [160, 6]]
[[1, 1], [1, 2], [3, 1], [12, 5], [15, 4], [24, 3], [30, 12], [48, 6], [60, 3], [96, 1], [120, 2], [160, 6]]
[[1, 1], [1, 2], [3, 1], [12, 5], [15, 4], [24, 3], [30, 12], [48, 6], [60, 7], [96, 1], [120, 1], [160, 6]]
[[1, 1], [1, 2], [3, 1], [12, 5], [15, 4], [24, 3], [30, 12], [48, 10], [60, 3], [96, 0], [120, 2], [160, 6]]
[[1, 1], [1, 2], [3, 1], [12, 5], [15, 4], [24, 3], [30, 12], [48, 10], [60, 7], [96, 0], [120, 1], [160, 6]]
[[1, 1], [1, 2], [3, 1], [12, 5], [15, 4], [24, 3], [30, 16], [48, 2], [60, 2], [96, 2], [120, 2], [160, 6]]
[[1, 1], [1, 2], [3, 1], [12, 5], [15, 4], [24, 3], [30, 16], [48, 2], [60, 6], [96, 2], [120, 1], [160, 6]]
[[1, 1], [1, 2], [3, 1], [12, 5], [15, 4], [24, 3], [30, 16], [48, 6], [60, 2], [96, 1], [120, 2], [160, 6]]
[[1, 1], [1, 2], [3, 1], [12, 5], [15, 4], [24, 3], [30, 16], [48, 6], [60, 6], [96, 1], [120, 1], [160, 6]]
[[1, 1], [1, 2], [3, 1], [12, 5], [15, 4], [24, 3], [30, 16], [48, 10], [60, 2], [96, 0], [120, 2], [160, 6]]
[[1, 1], [1, 2], [3, 1], [12, 5], [15, 4], [24, 3], [30, 16], [48, 10], [60, 6], [96, 0], [120, 1], [160, 6]]
[[1, 1], [1, 2], [3, 1], [12, 5], [15, 4], [24, 3], [30, 20], [48, 2], [60, 1], [96, 2], [120, 2], [160, 6]]
[[1, 1], [1, 2], [3, 1], [12, 5], [15, 4], [24, 3], [30, 20], [48, 2], [60, 5], [96, 2], [120, 1], [160, 6]]
[[1, 1], [1, 2], [3, 1], [12, 5], [15, 4], [24, 3], [30, 20], [48, 6], [60, 1], [96, 1], [120, 2], [160, 6]]
[[1, 1], [1, 2], [3, 1], [12, 5], [15, 4], [24, 3], [30, 20], [48, 6], [60, 5], [96, 1], [120, 1], [160, 6]]
[[1, 1], [1, 2], [3, 1], [12, 5], [15, 4], [24, 3], [30, 20], [48, 10], [60, 1], [96, 0], [120, 2], [160, 6]]
[[1, 1], [1, 2], [3, 1], [12, 5], [15, 4], [24, 3], [30, 20], [48, 10], [60, 5], [96, 0], [120, 1], [160, 6]]
[[1, 1], [1, 2], [3, 1], [12, 5], [15, 4], [24, 3], [30, 24], [48, 2], [60, 0], [96, 2], [120, 2], [160, 6]]
[[1, 1], [1, 2], [3, 1], [12, 5], [15, 4], [24, 3], [30, 24], [48, 2], [60, 4], [96, 2], [120, 1], [160, 6]]
[[1, 1], [1, 2], [3, 1], [12, 5], [15, 4], [24, 3], [30, 24], [48, 6], [60, 0], [96, 1], [120, 2], [160, 6]]
[[1, 1], [1, 2], [3, 1], [12, 5], [15, 4], [24, 3], [30, 24], [48, 6], [60, 4], [96, 1], [120, 1], [160, 6]]
[[1, 1], [1, 2], [3, 1], [12, 5], [15, 4], [24, 3], [30, 24], [48, 10], [60, 0], [96, 0], [120, 2], [160, 6]]
[[1, 1], [1, 2], [3, 1], [12, 5], [15, 4], [24, 3], [30, 24], [48, 10], [60, 4], [96, 0], [120, 1], [160, 6]]
[[1, 1], [1, 2], [3, 1], [12, 5], [15, 4], [24, 3], [30, 28], [48, 2], [60, 3], [96, 2], [120, 1], [160, 6]]
[[1, 1], [1, 2], [3, 1], [12, 5], [15, 4], [24, 3], [30, 28], [48, 6], [60, 3], [96, 1], [120, 1], [160, 6]]
[[1, 1], [1, 2], [3, 1], [12, 5], [15, 4], [24, 3], [30, 28], [48, 10], [60, 3], [96, 0], [120, 1], [160, 6]]
[[1, 1], [1, 2], [3, 1], [12, 5], [15, 4], [24, 3], [30, 32], [48, 2], [60, 2], [96, 2], [120, 1], [160, 6]]
[[1, 1], [1, 2], [3, 1], [12, 5], [15, 4], [24, 3], [30, 32], [48, 6], [60, 2], [96, 1], [120, 1], [160, 6]]
[[1, 1], [1, 2], [3, 1], [12, 5], [15, 4], [24, 3], [30, 32], [48, 10], [60, 2], [96, 0], [120, 1], [160, 6]]
[[1, 1], [1, 2], [3, 1], [12, 5], [15, 4], [24, 3], [30, 36], [48, 2], [60, 1], [96, 2], [120, 1], [160, 6]]
[[1, 1], [1, 2], [3, 1], [12, 5], [15, 4], [24, 3], [30, 36], [48, 6], [60, 1], [96, 1], [120, 1], [160, 6]]
[[1, 1], [1, 2], [3, 1], [12, 5], [15, 4], [24, 3], [30, 36], [48, 10], [60, 1], [96, 0], [120, 1], [160, 6]]
[[1, 1], [1, 2], [3, 1], [12, 5], [15, 4], [24, 3], [30, 40], [48, 2], [60, 0], [96, 2], [120, 1], [160, 6]]
[[1, 1], [1, 2], [3, 1], [12, 5], [15, 4], [24, 3], [30, 40], [48, 6], [60, 0], [96, 1], [120, 1], [160, 6]]
[[1, 1], [1, 2], [3, 1], [12, 5], [15, 4], [24, 3], [30, 40], [48, 10], [60, 0], [96, 0], [120, 1], [160, 6]]
[[1, 1], [1, 2], [3, 1], [12, 9], [15, 4], [24, 2], [30, 0], [48, 2], [60, 2], [96, 2], [120, 3], [160, 6]]
[[1, 1], [1, 2], [3, 1], [12, 9], [15, 4], [24, 2], [30, 0], [48, 2], [60, 6], [96, 2], [120, 2], [160, 6]]
[[1, 1], [1, 2], [3, 1], [12, 9], [15, 4], [24, 2], [30, 0], [48, 2], [60, 10], [96, 2], [120, 1], [160, 6]]
[[1, 1], [1, 2], [3, 1], [12, 9], [15, 4], [24, 2], [30, 0], [48, 6], [60, 2], [96, 1], [120, 3], [160, 6]]
[[1, 1], [1, 2], [3, 1], [12, 9], [15, 4], [24, 2], [30, 0], [48, 6], [60, 6], [96, 1], [120, 2], [160, 6]]
[[1, 1], [1, 2], [3, 1], [12, 9], [15, 4], [24, 2], [30, 0], [48, 6], [60, 10], [96, 1], [120, 1], [160, 6]]
[[1, 1], [1, 2], [3, 1], [12, 9], [15, 4], [24, 2], [30, 0], [48, 10], [60, 2], [96, 0], [120, 3], [160, 6]]
[[1, 1], [1, 2], [3, 1], [12, 9], [15, 4], [24, 2], [30, 0], [48, 10], [60, 6], [96, 0], [120, 2], [160, 6]]
[[1, 1], [1, 2], [3, 1], [12, 9], [15, 4], [24, 2], [30, 0], [48, 10], [60, 10], [96, 0], [120, 1], [160, 6]]
[[1, 1], [1, 2], [3, 1], [12, 9], [15, 4], [24, 2], [30, 4], [48, 2], [60, 1], [96, 2], [120, 3], [160, 6]]
[[1, 1], [1, 2], [3, 1], [12, 9], [15, 4], [24, 2], [30, 4], [48, 2], [60, 5], [96, 2], [120, 2], [160, 6]]
[[1, 1], [1, 2], [3, 1], [12, 9], [15, 4], [24, 2], [30, 4], [48, 2], [60, 9], [96, 2], [120, 1], [160, 6]]
[[1, 1], [1, 2], [3, 1], [12, 9], [15, 4], [24, 2], [30, 4], [48, 6], [60, 1], [96, 1], [120, 3], [160, 6]]
[[1, 1], [1, 2], [3, 1], [12, 9], [15, 4], [24, 2], [30, 4], [48, 6], [60, 5], [96, 1], [120, 2], [160, 6]]
[[1, 1], [1, 2], [3, 1], [12, 9], [15, 4], [24, 2], [30, 4], [48, 6], [60, 9], [96, 1], [120, 1], [160, 6]]
[[1, 1], [1, 2], [3, 1], [12, 9], [15, 4], [24, 2], [30, 4], [48, 10], [60, 1], [96, 0], [120, 3], [160, 6]]
[[1, 1], [1, 2], [3, 1], [12, 9], [15, 4], [24, 2], [30, 4], [48, 10], [60, 5], [96, 0], [120, 2], [160, 6]]
[[1, 1], [1, 2], [3, 1], [12, 9], [15, 4], [24, 2], [30, 4], [48, 10], [60, 9], [96, 0], [120, 1], [160, 6]]
[[1, 1], [1, 2], [3, 1], [12, 9], [15, 4], [24, 2], [30, 8], [48, 2], [60, 0], [96, 2], [120, 3], [160, 6]]
[[1, 1], [1, 2], [3, 1], [12, 9], [15, 4], [24, 2], [30, 8], [48, 2], [60, 4], [96, 2], [120, 2], [160, 6]]
[[1, 1], [1, 2], [3, 1], [12, 9], [15, 4], [24, 2], [30, 8], [48, 2], [60, 8], [96, 2], [120, 1], [160, 6]]
[[1, 1], [1, 2], [3, 1], [12, 9], [15, 4], [24, 2], [30, 8], [48, 6], [60, 0], [96, 1], [120, 3], [160, 6]]
[[1, 1], [1, 2], [3, 1], [12, 9], [15, 4], [24, 2], [30, 8], [48, 6], [60, 4], [96, 1], [120, 2], [160, 6]]
[[1, 1], [1, 2], [3, 1], [12, 9], [15, 4], [24, 2], [30, 8], [48, 6], [60, 8], [96, 1], [120, 1], [160, 6]]
[[1, 1], [1, 2], [3, 1], [12, 9], [15, 4], [24, 2], [30, 8], [48, 10], [60, 0], [96, 0], [120, 3], [160, 6]]
[[1, 1], [1, 2], [3, 1], [12, 9], [15, 4], [24, 2], [30, 8], [48, 10], [60, 4], [96, 0], [120, 2], [160, 6]]
[[1, 1], [1, 2], [3, 1], [12, 9], [15, 4], [24, 2], [30, 8], [48, 10], [60, 8], [96, 0], [120, 1], [160, 6]]
[[1, 1], [1, 2], [3, 1], [12, 9], [15, 4], [24, 2], [30, 12], [48, 2], [60, 3], [96, 2], [120, 2], [160, 6]]
[[1, 1], [1, 2], [3, 1], [12, 9], [15, 4], [24, 2], [30, 12], [48, 2], [60, 7], [96, 2], [120, 1], [160, 6]]
[[1, 1], [1, 2], [3, 1], [12, 9], [15, 4], [24, 2], [30, 12], [48, 6], [60, 3], [96, 1], [120, 2], [160, 6]]
[[1, 1], [1, 2], [3, 1], [12, 9], [15, 4], [24, 2], [30, 12], [48, 6], [60, 7], [96, 1], [120, 1], [160, 6]]
[[1, 1], [1, 2], [3, 1], [12, 9], [15, 4], [24, 2], [30, 12], [48, 10], [60, 3], [96, 0], [120, 2], [160, 6]]
[[1, 1], [1, 2], [3, 1], [12, 9], [15, 4], [24, 2], [30, 12], [48, 10], [60, 7], [96, 0], [120, 1], [160, 6]]
[[1, 1], [1, 2], [3, 1], [12, 9], [15, 4], [24, 2], [30, 16], [48, 2], [60, 2], [96, 2], [120, 2], [160, 6]]
[[1, 1], [1, 2], [3, 1], [12, 9], [15, 4], [24, 2], [30, 16], [48, 2], [60, 6], [96, 2], [120, 1], [160, 6]]
[[1, 1], [1, 2], [3, 1], [12, 9], [15, 4], [24, 2], [30, 16], [48, 6], [60, 2], [96, 1], [120, 2], [160, 6]]
[[1, 1], [1, 2], [3, 1], [12, 9], [15, 4], [24, 2], [30, 16], [48, 6], [60, 6], [96, 1], [120, 1], [160, 6]]
[[1, 1], [1, 2], [3, 1], [12, 9], [15, 4], [24, 2], [30, 16], [48, 10], [60, 2], [96, 0], [120, 2], [160, 6]]
[[1, 1], [1, 2], [3, 1], [12, 9], [15, 4], [24, 2], [30, 16], [48, 10], [60, 6], [96, 0], [120, 1], [160, 6]]
[[1, 1], [1, 2], [3, 1], [12, 9], [15, 4], [24, 2], [30, 20], [48, 2], [60, 1], [96, 2], [120, 2], [160, 6]]
[[1, 1], [1, 2], [3, 1], [12, 9], [15, 4], [24, 2], [30, 20], [48, 2], [60, 5], [96, 2], [120, 1], [160, 6]]
[[1, 1], [1, 2], [3, 1], [12, 9], [15, 4], [24, 2], [30, 20], [48, 6], [60, 1], [96, 1], [120, 2], [160, 6]]
[[1, 1], [1, 2], [3, 1], [12, 9], [15, 4], [24, 2], [30, 20], [48, 6], [60, 5], [96, 1], [120, 1], [160, 6]]
[[1, 1], [1, 2], [3, 1], [12, 9], [15, 4], [24, 2], [30, 20], [48, 10], [60, 1], [96, 0], [120, 2], [160, 6]]
[[1, 1], [1, 2], [3, 1], [12, 9], [15, 4], [24, 2], [30, 20], [48, 10], [60, 5], [96, 0], [120, 1], [160, 6]]
[[1, 1], [1, 2], [3, 1], [12, 9], [15, 4], [24, 2], [30, 24], [48, 2], [60, 0], [96, 2], [120, 2], [160, 6]]
[[1, 1], [1, 2], [3, 1], [12, 9], [15, 4], [24, 2], [30, 24], [48, 2], [60, 4], [96, 2], [120, 1], [160, 6]]
[[1, 1], [1, 2], [3, 1], [12, 9], [15, 4], [24, 2], [30, 24], [48, 6], [60, 0], [96, 1], [120, 2], [160, 6]]
[[1, 1], [1, 2], [3, 1], [12, 9], [15, 4], [24, 2], [30, 24], [48, 6], [60, 4], [96, 1], [120, 1], [160, 6]]
[[1, 1], [1, 2], [3, 1], [12, 9], [15, 4], [24, 2], [30, 24], [48, 10], [60, 0], [96, 0], [120, 2], [160, 6]]
[[1, 1], [1, 2], [3, 1], [12, 9], [15, 4], [24, 2], [30, 24], [48, 10], [60, 4], [96, 0], [120, 1], [160, 6]]
[[1, 1], [1, 2], [3, 1], [12, 9], [15, 4], [24, 2], [30, 28], [48, 2], [60, 3], [96, 2], [120, 1], [160, 6]]
[[1, 1], [1, 2], [3, 1], [12, 9], [15, 4], [24, 2], [30, 28], [48, 6], [60, 3], [96, 1], [120, 1], [160, 6]]
[[1, 1], [1, 2], [3, 1], [12, 9], [15, 4], [24, 2], [30, 28], [48, 10], [60, 3], [96, 0], [120, 1], [160, 6]]
[[1, 1], [1, 2], [3, 1], [12, 9], [15, 4], [24, 2], [30, 32], [48, 2], [60, 2], [96, 2], [120, 1], [160, 6]]
[[1, 1], [1, 2], [3, 1], [12, 9], [15, 4], [24, 2], [30, 32], [48, 6], [60, 2], [96, 1], [120, 1], [160, 6]]
[[1, 1], [1, 2], [3, 1], [12, 9], [15, 4], [24, 2], [30, 32], [48, 10], [60, 2], [96, 0], [120, 1], [160, 6]]
[[1, 1], [1, 2], [3, 1], [12, 9], [15, 4], [24, 2], [30, 36], [48, 2], [60, 1], [96, 2], [120, 1], [160, 6]]
[[1, 1], [1, 2], [3, 1], [12, 9], [15, 4], [24, 2], [30, 36], [48, 6], [60, 1], [96, 1], [120, 1], [160, 6]]
[[1, 1], [1, 2], [3, 1], [12, 9], [15, 4], [24, 2], [30, 36], [48, 10], [60, 1], [96, 0], [120, 1], [160, 6]]
[[1, 1], [1, 2], [3, 1], [12, 9], [15, 4], [24, 2], [30, 40], [48, 2], [60, 0], [96, 2], [120, 1], [160, 6]]
[[1, 1], [1, 2], [3, 1], [12, 9], [15, 4], [24, 2], [30, 40], [48, 6], [60, 0], [96, 1], [120, 1], [160, 6]]
[[1, 1], [1, 2], [3, 1], [12, 9], [15, 4], [24, 2], [30, 40], [48, 10], [60, 0], [96, 0], [120, 1], [160, 6]]
[[1, 1], [1, 2], [3, 1], [12, 13], [15, 4], [24, 1], [30, 0], [48, 2], [60, 2], [96, 2], [120, 3], [160, 6]]
[[1, 1], [1, 2], [3, 1], [12, 13], [15, 4], [24, 1], [30, 0], [48, 2], [60, 6], [96, 2], [120, 2], [160, 6]]
[[1, 1], [1, 2], [3, 1], [12, 13], [15, 4], [24, 1], [30, 0], [48, 2], [60, 10], [96, 2], [120, 1], [160, 6]]
[[1, 1], [1, 2], [3, 1], [12, 13], [15, 4], [24, 1], [30, 0], [48, 6], [60, 2], [96, 1], [120, 3], [160, 6]]
[[1, 1], [1, 2], [3, 1], [12, 13], [15, 4], [24, 1], [30, 0], [48, 6], [60, 6], [96, 1], [120, 2], [160, 6]]
[[1, 1], [1, 2], [3, 1], [12, 13], [15, 4], [24, 1], [30, 0], [48, 6], [60, 10], [96, 1], [120, 1], [160, 6]]
[[1, 1], [1, 2], [3, 1], [12, 13], [15, 4], [24, 1], [30, 0], [48, 10], [60, 2], [96, 0], [120, 3], [160, 6]]
[[1, 1], [1, 2], [3, 1], [12, 13], [15, 4], [24, 1], [30, 0], [48, 10], [60, 6], [96, 0], [120, 2], [160, 6]]
[[1, 1], [1, 2], [3, 1], [12, 13], [15, 4], [24, 1], [30, 0], [48, 10], [60, 10], [96, 0], [120, 1], [160, 6]]
[[1, 1], [1, 2], [3, 1], [12, 13], [15, 4], [24, 1], [30, 4], [48, 2], [60, 1], [96, 2], [120, 3], [160, 6]]
[[1, 1], [1, 2], [3, 1], [12, 13], [15, 4], [24, 1], [30, 4], [48, 2], [60, 5], [96, 2], [120, 2], [160, 6]]
[[1, 1], [1, 2], [3, 1], [12, 13], [15, 4], [24, 1], [30, 4], [48, 2], [60, 9], [96, 2], [120, 1], [160, 6]]
[[1, 1], [1, 2], [3, 1], [12, 13], [15, 4], [24, 1], [30, 4], [48, 6], [60, 1], [96, 1], [120, 3], [160, 6]]
[[1, 1], [1, 2], [3, 1], [12, 13], [15, 4], [24, 1], [30, 4], [48, 6], [60, 5], [96, 1], [120, 2], [160, 6]]
[[1, 1], [1, 2], [3, 1], [12, 13], [15, 4], [24, 1], [30, 4], [48, 6], [60, 9], [96, 1], [120, 1], [160, 6]]
[[1, 1], [1, 2], [3, 1], [12, 13], [15, 4], [24, 1], [30, 4], [48, 10], [60, 1], [96, 0], [120, 3], [160, 6]]
[[1, 1], [1, 2], [3, 1], [12, 13], [15, 4], [24, 1], [30, 4], [48, 10], [60, 5], [96, 0], [120, 2], [160, 6]]
[[1, 1], [1, 2], [3, 1], [12, 13], [15, 4], [24, 1], [30, 4], [48, 10], [60, 9], [96, 0], [120, 1], [160, 6]]
[[1, 1], [1, 2], [3, 1], [12, 13], [15, 4], [24, 1], [30, 8], [48, 2], [60, 0], [96, 2], [120, 3], [160, 6]]
[[1, 1], [1, 2], [3, 1], [12, 13], [15, 4], [24, 1], [30, 8], [48, 2], [60, 4], [96, 2], [120, 2], [160, 6]]
[[1, 1], [1, 2], [3, 1], [12, 13], [15, 4], [24, 1], [30, 8], [48, 2], [60, 8], [96, 2], [120, 1], [160, 6]]
[[1, 1], [1, 2], [3, 1], [12, 13], [15, 4], [24, 1], [30, 8], [48, 6], [60, 0], [96, 1], [120, 3], [160, 6]]
[[1, 1], [1, 2], [3, 1], [12, 13], [15, 4], [24, 1], [30, 8], [48, 6], [60, 4], [96, 1], [120, 2], [160, 6]]
[[1, 1], [1, 2], [3, 1], [12, 13], [15, 4], [24, 1], [30, 8], [48, 6], [60, 8], [96, 1], [120, 1], [160, 6]]
[[1, 1], [1, 2], [3, 1], [12, 13], [15, 4], [24, 1], [30, 8], [48, 10], [60, 0], [96, 0], [120, 3], [160, 6]]
[[1, 1], [1, 2], [3, 1], [12, 13], [15, 4], [24, 1], [30, 8], [48, 10], [60, 4], [96, 0], [120, 2], [160, 6]]
[[1, 1], [1, 2], [3, 1], [12, 13], [15, 4], [24, 1], [30, 8], [48, 10], [60, 8], [96, 0], [120, 1], [160, 6]]
[[1, 1], [1, 2], [3, 1], [12, 13], [15, 4], [24, 1], [30, 12], [48, 2], [60, 3], [96, 2], [120, 2], [160, 6]]
[[1, 1], [1, 2], [3, 1], [12, 13], [15, 4], [24, 1], [30, 12], [48, 2], [60, 7], [96, 2], [120, 1], [160, 6]]
[[1, 1], [1, 2], [3, 1], [12, 13], [15, 4], [24, 1], [30, 12], [48, 6], [60, 3], [96, 1], [120, 2], [160, 6]]
[[1, 1], [1, 2], [3, 1], [12, 13], [15, 4], [24, 1], [30, 12], [48, 6], [60, 7], [96, 1], [120, 1], [160, 6]]
[[1, 1], [1, 2], [3, 1], [12, 13], [15, 4], [24, 1], [30, 12], [48, 10], [60, 3], [96, 0], [120, 2], [160, 6]]
[[1, 1], [1, 2], [3, 1], [12, 13], [15, 4], [24, 1], [30, 12], [48, 10], [60, 7], [96, 0], [120, 1], [160, 6]]
[[1, 1], [1, 2], [3, 1], [12, 13], [15, 4], [24, 1], [30, 16], [48, 2], [60, 2], [96, 2], [120, 2], [160, 6]]
[[1, 1], [1, 2], [3, 1], [12, 13], [15, 4], [24, 1], [30, 16], [48, 2], [60, 6], [96, 2], [120, 1], [160, 6]]
[[1, 1], [1, 2], [3, 1], [12, 13], [15, 4], [24, 1], [30, 16], [48, 6], [60, 2], [96, 1], [120, 2], [160, 6]]
[[1, 1], [1, 2], [3, 1], [12, 13], [15, 4], [24, 1], [30, 16], [48, 6], [60, 6], [96, 1], [120, 1], [160, 6]]
[[1, 1], [1, 2], [3, 1], [12, 13], [15, 4], [24, 1], [30, 16], [48, 10], [60, 2], [96, 0], [120, 2], [160, 6]]
[[1, 1], [1, 2], [3, 1], [12, 13], [15, 4], [24, 1], [30, 16], [48, 10], [60, 6], [96, 0], [120, 1], [160, 6]]
[[1, 1], [1, 2], [3, 1], [12, 13], [15, 4], [24, 1], [30, 20], [48, 2], [60, 1], [96, 2], [120, 2], [160, 6]]
[[1, 1], [1, 2], [3, 1], [12, 13], [15, 4], [24, 1], [30, 20], [48, 2], [60, 5], [96, 2], [120, 1], [160, 6]]
[[1, 1], [1, 2], [3, 1], [12, 13], [15, 4], [24, 1], [30, 20], [48, 6], [60, 1], [96, 1], [120, 2], [160, 6]]
[[1, 1], [1, 2], [3, 1], [12, 13], [15, 4], [24, 1], [30, 20], [48, 6], [60, 5], [96, 1], [120, 1], [160, 6]]
[[1, 1], [1, 2], [3, 1], [12, 13], [15, 4], [24, 1], [30, 20], [48, 10], [60, 1], [96, 0], [120, 2], [160, 6]]
[[1, 1], [1, 2], [3, 1], [12, 13], [15, 4], [24, 1], [30, 20], [48, 10], [60, 5], [96, 0], [120, 1], [160, 6]]
[[1, 1], [1, 2], [3, 1], [12, 13], [15, 4], [24, 1], [30, 24], [48, 2], [60, 0], [96, 2], [120, 2], [160, 6]]
[[1, 1], [1, 2], [3, 1], [12, 13], [15, 4], [24, 1], [30, 24], [48, 2], [60, 4], [96, 2], [120, 1], [160, 6]]
[[1, 1], [1, 2], [3, 1], [12, 13], [15, 4], [24, 1], [30, 24], [48, 6], [60, 0], [96, 1], [120, 2], [160, 6]]
[[1, 1], [1, 2], [3, 1], [12, 13], [15, 4], [24, 1], [30, 24], [48, 6], [60, 4], [96, 1], [120, 1], [160, 6]]
[[1, 1], [1, 2], [3, 1], [12, 13], [15, 4], [24, 1], [30, 24], [48, 10], [60, 0], [96, 0], [120, 2], [160, 6]]
[[1, 1], [1, 2], [3, 1], [12, 13], [15, 4], [24, 1], [30, 24], [48, 10], [60, 4], [96, 0], [120, 1], [160, 6]]
[[1, 1], [1, 2], [3, 1], [12, 13], [15, 4], [24, 1], [30, 28], [48, 2], [60, 3], [96, 2], [120, 1], [160, 6]]
[[1, 1], [1, 2], [3, 1], [12, 13], [15, 4], [24, 1], [30, 28], [48, 6], [60, 3], [96, 1], [120, 1], [160, 6]]
[[1, 1], [1, 2], [3, 1], [12, 13], [15, 4], [24, 1], [30, 28], [48, 10], [60, 3], [96, 0], [120, 1], [160, 6]]
[[1, 1], [1, 2], [3, 1], [12, 13], [15, 4], [24, 1], [30, 32], [48, 2], [60, 2], [96, 2], [120, 1], [160, 6]]
[[1, 1], [1, 2], [3, 1], [12, 13], [15, 4], [24, 1], [30, 32], [48, 6], [60, 2], [96, 1], [120, 1], [160, 6]]
[[1, 1], [1, 2], [3, 1], [12, 13], [15, 4], [24, 1], [30, 32], [48, 10], [60, 2], [96, 0], [120, 1], [160, 6]]
[[1, 1], [1, 2], [3, 1], [12, 13], [15, 4], [24, 1], [30, 36], [48, 2], [60, 1], [96, 2], [120, 1], [160, 6]]
[[1, 1], [1, 2], [3, 1], [12, 13], [15, 4], [24, 1], [30, 36], [48, 6], [60, 1], [96, 1], [120, 1], [160, 6]]
[[1, 1], [1, 2], [3, 1], [12, 13], [15, 4], [24, 1], [30, 36], [48, 10], [60, 1], [96, 0], [120, 1], [160, 6]]
[[1, 1], [1, 2], [3, 1], [12, 13], [15, 4], [24, 1], [30, 40], [48, 2], [60, 0], [96, 2], [120, 1], [160, 6]]
[[1, 1], [1, 2], [3, 1], [12, 13], [15, 4], [24, 1], [30, 40], [48, 6], [60, 0], [96, 1], [120, 1], [160, 6]]
[[1, 1], [1, 2], [3, 1], [12, 13], [15, 4], [24, 1], [30, 40], [48, 10], [60, 0], [96, 0], [120, 1], [160, 6]]

