Comprehensive classification of integral 1-Frobenius Drinfeld rings of rank 6   
#items = 58

Here is how to read each item: [FPdim, type, duality, formal codegrees, fusion data]

[6, [1, 1, 1, 1, 1, 1], [0, 1, 2, 3, 5, 4], 'NonCommutative[3, 6, 6]', [[[1, 0, 0, 0, 0, 0], [0, 1, 0, 0, 0, 0], [0, 0, 1, 0, 0, 0], [0, 0, 0, 1, 0, 0], [0, 0, 0, 0, 1, 0], [0, 0, 0, 0, 0, 1]], [[0, 1, 0, 0, 0, 0], [1, 0, 0, 0, 0, 0], [0, 0, 0, 0, 0, 1], [0, 0, 0, 0, 1, 0], [0, 0, 0, 1, 0, 0], [0, 0, 1, 0, 0, 0]], [[0, 0, 1, 0, 0, 0], [0, 0, 0, 0, 1, 0], [1, 0, 0, 0, 0, 0], [0, 0, 0, 0, 0, 1], [0, 1, 0, 0, 0, 0], [0, 0, 0, 1, 0, 0]], [[0, 0, 0, 1, 0, 0], [0, 0, 0, 0, 0, 1], [0, 0, 0, 0, 1, 0], [1, 0, 0, 0, 0, 0], [0, 0, 1, 0, 0, 0], [0, 1, 0, 0, 0, 0]], [[0, 0, 0, 0, 1, 0], [0, 0, 1, 0, 0, 0], [0, 0, 0, 1, 0, 0], [0, 1, 0, 0, 0, 0], [0, 0, 0, 0, 0, 1], [1, 0, 0, 0, 0, 0]], [[0, 0, 0, 0, 0, 1], [0, 0, 0, 1, 0, 0], [0, 1, 0, 0, 0, 0], [0, 0, 1, 0, 0, 0], [1, 0, 0, 0, 0, 0], [0, 0, 0, 0, 1, 0]]]]
[6, [1, 1, 1, 1, 1, 1], [0, 1, 5, 4, 3, 2], [6, 6, 6, 6, 6, 6], [[[1, 0, 0, 0, 0, 0], [0, 1, 0, 0, 0, 0], [0, 0, 1, 0, 0, 0], [0, 0, 0, 1, 0, 0], [0, 0, 0, 0, 1, 0], [0, 0, 0, 0, 0, 1]], [[0, 1, 0, 0, 0, 0], [1, 0, 0, 0, 0, 0], [0, 0, 0, 0, 1, 0], [0, 0, 0, 0, 0, 1], [0, 0, 1, 0, 0, 0], [0, 0, 0, 1, 0, 0]], [[0, 0, 1, 0, 0, 0], [0, 0, 0, 0, 1, 0], [0, 0, 0, 0, 0, 1], [0, 1, 0, 0, 0, 0], [0, 0, 0, 1, 0, 0], [1, 0, 0, 0, 0, 0]], [[0, 0, 0, 1, 0, 0], [0, 0, 0, 0, 0, 1], [0, 1, 0, 0, 0, 0], [0, 0, 1, 0, 0, 0], [1, 0, 0, 0, 0, 0], [0, 0, 0, 0, 1, 0]], [[0, 0, 0, 0, 1, 0], [0, 0, 1, 0, 0, 0], [0, 0, 0, 1, 0, 0], [1, 0, 0, 0, 0, 0], [0, 0, 0, 0, 0, 1], [0, 1, 0, 0, 0, 0]], [[0, 0, 0, 0, 0, 1], [0, 0, 0, 1, 0, 0], [1, 0, 0, 0, 0, 0], [0, 0, 0, 0, 1, 0], [0, 1, 0, 0, 0, 0], [0, 0, 1, 0, 0, 0]]]]
[12, [1, 1, 1, 1, 2, 2], [0, 1, 2, 3, 4, 5], [4, 4, 6, 6, 12, 12], [[[1, 0, 0, 0, 0, 0], [0, 1, 0, 0, 0, 0], [0, 0, 1, 0, 0, 0], [0, 0, 0, 1, 0, 0], [0, 0, 0, 0, 1, 0], [0, 0, 0, 0, 0, 1]], [[0, 1, 0, 0, 0, 0], [1, 0, 0, 0, 0, 0], [0, 0, 0, 1, 0, 0], [0, 0, 1, 0, 0, 0], [0, 0, 0, 0, 0, 1], [0, 0, 0, 0, 1, 0]], [[0, 0, 1, 0, 0, 0], [0, 0, 0, 1, 0, 0], [1, 0, 0, 0, 0, 0], [0, 1, 0, 0, 0, 0], [0, 0, 0, 0, 0, 1], [0, 0, 0, 0, 1, 0]], [[0, 0, 0, 1, 0, 0], [0, 0, 1, 0, 0, 0], [0, 1, 0, 0, 0, 0], [1, 0, 0, 0, 0, 0], [0, 0, 0, 0, 1, 0], [0, 0, 0, 0, 0, 1]], [[0, 0, 0, 0, 1, 0], [0, 0, 0, 0, 0, 1], [0, 0, 0, 0, 0, 1], [0, 0, 0, 0, 1, 0], [1, 0, 0, 1, 0, 1], [0, 1, 1, 0, 1, 0]], [[0, 0, 0, 0, 0, 1], [0, 0, 0, 0, 1, 0], [0, 0, 0, 0, 1, 0], [0, 0, 0, 0, 0, 1], [0, 1, 1, 0, 1, 0], [1, 0, 0, 1, 0, 1]]]]
[12, [1, 1, 1, 1, 2, 2], [0, 1, 2, 3, 5, 4], [4, 4, 4, 12, 12, 12], [[[1, 0, 0, 0, 0, 0], [0, 1, 0, 0, 0, 0], [0, 0, 1, 0, 0, 0], [0, 0, 0, 1, 0, 0], [0, 0, 0, 0, 1, 0], [0, 0, 0, 0, 0, 1]], [[0, 1, 0, 0, 0, 0], [1, 0, 0, 0, 0, 0], [0, 0, 0, 1, 0, 0], [0, 0, 1, 0, 0, 0], [0, 0, 0, 0, 1, 0], [0, 0, 0, 0, 0, 1]], [[0, 0, 1, 0, 0, 0], [0, 0, 0, 1, 0, 0], [1, 0, 0, 0, 0, 0], [0, 1, 0, 0, 0, 0], [0, 0, 0, 0, 1, 0], [0, 0, 0, 0, 0, 1]], [[0, 0, 0, 1, 0, 0], [0, 0, 1, 0, 0, 0], [0, 1, 0, 0, 0, 0], [1, 0, 0, 0, 0, 0], [0, 0, 0, 0, 1, 0], [0, 0, 0, 0, 0, 1]], [[0, 0, 0, 0, 1, 0], [0, 0, 0, 0, 1, 0], [0, 0, 0, 0, 1, 0], [0, 0, 0, 0, 1, 0], [0, 0, 0, 0, 0, 2], [1, 1, 1, 1, 0, 0]], [[0, 0, 0, 0, 0, 1], [0, 0, 0, 0, 0, 1], [0, 0, 0, 0, 0, 1], [0, 0, 0, 0, 0, 1], [1, 1, 1, 1, 0, 0], [0, 0, 0, 0, 2, 0]]]]
[12, [1, 1, 1, 1, 2, 2], [0, 1, 3, 2, 4, 5], [4, 4, 6, 6, 12, 12], [[[1, 0, 0, 0, 0, 0], [0, 1, 0, 0, 0, 0], [0, 0, 1, 0, 0, 0], [0, 0, 0, 1, 0, 0], [0, 0, 0, 0, 1, 0], [0, 0, 0, 0, 0, 1]], [[0, 1, 0, 0, 0, 0], [1, 0, 0, 0, 0, 0], [0, 0, 0, 1, 0, 0], [0, 0, 1, 0, 0, 0], [0, 0, 0, 0, 1, 0], [0, 0, 0, 0, 0, 1]], [[0, 0, 1, 0, 0, 0], [0, 0, 0, 1, 0, 0], [0, 1, 0, 0, 0, 0], [1, 0, 0, 0, 0, 0], [0, 0, 0, 0, 0, 1], [0, 0, 0, 0, 1, 0]], [[0, 0, 0, 1, 0, 0], [0, 0, 1, 0, 0, 0], [1, 0, 0, 0, 0, 0], [0, 1, 0, 0, 0, 0], [0, 0, 0, 0, 0, 1], [0, 0, 0, 0, 1, 0]], [[0, 0, 0, 0, 1, 0], [0, 0, 0, 0, 1, 0], [0, 0, 0, 0, 0, 1], [0, 0, 0, 0, 0, 1], [1, 1, 0, 0, 0, 1], [0, 0, 1, 1, 1, 0]], [[0, 0, 0, 0, 0, 1], [0, 0, 0, 0, 0, 1], [0, 0, 0, 0, 1, 0], [0, 0, 0, 0, 1, 0], [0, 0, 1, 1, 1, 0], [1, 1, 0, 0, 0, 1]]]]
[12, [1, 1, 1, 1, 2, 2], [0, 1, 3, 2, 5, 4], [4, 4, 4, 12, 12, 12], [[[1, 0, 0, 0, 0, 0], [0, 1, 0, 0, 0, 0], [0, 0, 1, 0, 0, 0], [0, 0, 0, 1, 0, 0], [0, 0, 0, 0, 1, 0], [0, 0, 0, 0, 0, 1]], [[0, 1, 0, 0, 0, 0], [1, 0, 0, 0, 0, 0], [0, 0, 0, 1, 0, 0], [0, 0, 1, 0, 0, 0], [0, 0, 0, 0, 1, 0], [0, 0, 0, 0, 0, 1]], [[0, 0, 1, 0, 0, 0], [0, 0, 0, 1, 0, 0], [0, 1, 0, 0, 0, 0], [1, 0, 0, 0, 0, 0], [0, 0, 0, 0, 1, 0], [0, 0, 0, 0, 0, 1]], [[0, 0, 0, 1, 0, 0], [0, 0, 1, 0, 0, 0], [1, 0, 0, 0, 0, 0], [0, 1, 0, 0, 0, 0], [0, 0, 0, 0, 1, 0], [0, 0, 0, 0, 0, 1]], [[0, 0, 0, 0, 1, 0], [0, 0, 0, 0, 1, 0], [0, 0, 0, 0, 1, 0], [0, 0, 0, 0, 1, 0], [0, 0, 0, 0, 0, 2], [1, 1, 1, 1, 0, 0]], [[0, 0, 0, 0, 0, 1], [0, 0, 0, 0, 0, 1], [0, 0, 0, 0, 0, 1], [0, 0, 0, 0, 0, 1], [1, 1, 1, 1, 0, 0], [0, 0, 0, 0, 2, 0]]]]
[18, [1, 1, 2, 2, 2, 2], [0, 1, 2, 3, 4, 5], [2, 9, 9, 9, 9, 18], [[[1, 0, 0, 0, 0, 0], [0, 1, 0, 0, 0, 0], [0, 0, 1, 0, 0, 0], [0, 0, 0, 1, 0, 0], [0, 0, 0, 0, 1, 0], [0, 0, 0, 0, 0, 1]], [[0, 1, 0, 0, 0, 0], [1, 0, 0, 0, 0, 0], [0, 0, 1, 0, 0, 0], [0, 0, 0, 1, 0, 0], [0, 0, 0, 0, 1, 0], [0, 0, 0, 0, 0, 1]], [[0, 0, 1, 0, 0, 0], [0, 0, 1, 0, 0, 0], [1, 1, 0, 0, 0, 1], [0, 0, 0, 0, 1, 1], [0, 0, 0, 1, 1, 0], [0, 0, 1, 1, 0, 0]], [[0, 0, 0, 1, 0, 0], [0, 0, 0, 1, 0, 0], [0, 0, 0, 0, 1, 1], [1, 1, 0, 1, 0, 0], [0, 0, 1, 0, 0, 1], [0, 0, 1, 0, 1, 0]], [[0, 0, 0, 0, 1, 0], [0, 0, 0, 0, 1, 0], [0, 0, 0, 1, 1, 0], [0, 0, 1, 0, 0, 1], [1, 1, 1, 0, 0, 0], [0, 0, 0, 1, 0, 1]], [[0, 0, 0, 0, 0, 1], [0, 0, 0, 0, 0, 1], [0, 0, 1, 1, 0, 0], [0, 0, 1, 0, 1, 0], [0, 0, 0, 1, 0, 1], [1, 1, 0, 0, 1, 0]]]]
[18, [1, 1, 2, 2, 2, 2], [0, 1, 2, 3, 4, 5], [2, 9, 9, 9, 9, 18], [[[1, 0, 0, 0, 0, 0], [0, 1, 0, 0, 0, 0], [0, 0, 1, 0, 0, 0], [0, 0, 0, 1, 0, 0], [0, 0, 0, 0, 1, 0], [0, 0, 0, 0, 0, 1]], [[0, 1, 0, 0, 0, 0], [1, 0, 0, 0, 0, 0], [0, 0, 1, 0, 0, 0], [0, 0, 0, 1, 0, 0], [0, 0, 0, 0, 1, 0], [0, 0, 0, 0, 0, 1]], [[0, 0, 1, 0, 0, 0], [0, 0, 1, 0, 0, 0], [1, 1, 1, 0, 0, 0], [0, 0, 0, 0, 1, 1], [0, 0, 0, 1, 0, 1], [0, 0, 0, 1, 1, 0]], [[0, 0, 0, 1, 0, 0], [0, 0, 0, 1, 0, 0], [0, 0, 0, 0, 1, 1], [1, 1, 0, 1, 0, 0], [0, 0, 1, 0, 0, 1], [0, 0, 1, 0, 1, 0]], [[0, 0, 0, 0, 1, 0], [0, 0, 0, 0, 1, 0], [0, 0, 0, 1, 0, 1], [0, 0, 1, 0, 0, 1], [1, 1, 0, 0, 1, 0], [0, 0, 1, 1, 0, 0]], [[0, 0, 0, 0, 0, 1], [0, 0, 0, 0, 0, 1], [0, 0, 0, 1, 1, 0], [0, 0, 1, 0, 1, 0], [0, 0, 1, 1, 0, 0], [1, 1, 0, 0, 0, 1]]]]
[24, [1, 1, 1, 1, 2, 4], [0, 1, 2, 3, 4, 5], [4, 4, 4, 8, 12, 24], [[[1, 0, 0, 0, 0, 0], [0, 1, 0, 0, 0, 0], [0, 0, 1, 0, 0, 0], [0, 0, 0, 1, 0, 0], [0, 0, 0, 0, 1, 0], [0, 0, 0, 0, 0, 1]], [[0, 1, 0, 0, 0, 0], [1, 0, 0, 0, 0, 0], [0, 0, 0, 1, 0, 0], [0, 0, 1, 0, 0, 0], [0, 0, 0, 0, 1, 0], [0, 0, 0, 0, 0, 1]], [[0, 0, 1, 0, 0, 0], [0, 0, 0, 1, 0, 0], [1, 0, 0, 0, 0, 0], [0, 1, 0, 0, 0, 0], [0, 0, 0, 0, 1, 0], [0, 0, 0, 0, 0, 1]], [[0, 0, 0, 1, 0, 0], [0, 0, 1, 0, 0, 0], [0, 1, 0, 0, 0, 0], [1, 0, 0, 0, 0, 0], [0, 0, 0, 0, 1, 0], [0, 0, 0, 0, 0, 1]], [[0, 0, 0, 0, 1, 0], [0, 0, 0, 0, 1, 0], [0, 0, 0, 0, 1, 0], [0, 0, 0, 0, 1, 0], [1, 1, 1, 1, 0, 0], [0, 0, 0, 0, 0, 2]], [[0, 0, 0, 0, 0, 1], [0, 0, 0, 0, 0, 1], [0, 0, 0, 0, 0, 1], [0, 0, 0, 0, 0, 1], [0, 0, 0, 0, 0, 2], [1, 1, 1, 1, 2, 2]]]]
[24, [1, 1, 1, 1, 2, 4], [0, 1, 3, 2, 4, 5], [4, 4, 4, 8, 12, 24], [[[1, 0, 0, 0, 0, 0], [0, 1, 0, 0, 0, 0], [0, 0, 1, 0, 0, 0], [0, 0, 0, 1, 0, 0], [0, 0, 0, 0, 1, 0], [0, 0, 0, 0, 0, 1]], [[0, 1, 0, 0, 0, 0], [1, 0, 0, 0, 0, 0], [0, 0, 0, 1, 0, 0], [0, 0, 1, 0, 0, 0], [0, 0, 0, 0, 1, 0], [0, 0, 0, 0, 0, 1]], [[0, 0, 1, 0, 0, 0], [0, 0, 0, 1, 0, 0], [0, 1, 0, 0, 0, 0], [1, 0, 0, 0, 0, 0], [0, 0, 0, 0, 1, 0], [0, 0, 0, 0, 0, 1]], [[0, 0, 0, 1, 0, 0], [0, 0, 1, 0, 0, 0], [1, 0, 0, 0, 0, 0], [0, 1, 0, 0, 0, 0], [0, 0, 0, 0, 1, 0], [0, 0, 0, 0, 0, 1]], [[0, 0, 0, 0, 1, 0], [0, 0, 0, 0, 1, 0], [0, 0, 0, 0, 1, 0], [0, 0, 0, 0, 1, 0], [1, 1, 1, 1, 0, 0], [0, 0, 0, 0, 0, 2]], [[0, 0, 0, 0, 0, 1], [0, 0, 0, 0, 0, 1], [0, 0, 0, 0, 0, 1], [0, 0, 0, 0, 0, 1], [0, 0, 0, 0, 0, 2], [1, 1, 1, 1, 2, 2]]]]
[30, [1, 1, 1, 1, 1, 5], [0, 4, 3, 2, 1, 5], [5, 5, 5, 5, 6, 30], [[[1, 0, 0, 0, 0, 0], [0, 1, 0, 0, 0, 0], [0, 0, 1, 0, 0, 0], [0, 0, 0, 1, 0, 0], [0, 0, 0, 0, 1, 0], [0, 0, 0, 0, 0, 1]], [[0, 1, 0, 0, 0, 0], [0, 0, 0, 1, 0, 0], [0, 0, 0, 0, 1, 0], [0, 0, 1, 0, 0, 0], [1, 0, 0, 0, 0, 0], [0, 0, 0, 0, 0, 1]], [[0, 0, 1, 0, 0, 0], [0, 0, 0, 0, 1, 0], [0, 1, 0, 0, 0, 0], [1, 0, 0, 0, 0, 0], [0, 0, 0, 1, 0, 0], [0, 0, 0, 0, 0, 1]], [[0, 0, 0, 1, 0, 0], [0, 0, 1, 0, 0, 0], [1, 0, 0, 0, 0, 0], [0, 0, 0, 0, 1, 0], [0, 1, 0, 0, 0, 0], [0, 0, 0, 0, 0, 1]], [[0, 0, 0, 0, 1, 0], [1, 0, 0, 0, 0, 0], [0, 0, 0, 1, 0, 0], [0, 1, 0, 0, 0, 0], [0, 0, 1, 0, 0, 0], [0, 0, 0, 0, 0, 1]], [[0, 0, 0, 0, 0, 1], [0, 0, 0, 0, 0, 1], [0, 0, 0, 0, 0, 1], [0, 0, 0, 0, 0, 1], [0, 0, 0, 0, 0, 1], [1, 1, 1, 1, 1, 4]]]]
[30, [1, 1, 1, 3, 3, 3], [0, 2, 1, 3, 5, 4], [3, 3, 6, 15, 15, 30], [[[1, 0, 0, 0, 0, 0], [0, 1, 0, 0, 0, 0], [0, 0, 1, 0, 0, 0], [0, 0, 0, 1, 0, 0], [0, 0, 0, 0, 1, 0], [0, 0, 0, 0, 0, 1]], [[0, 1, 0, 0, 0, 0], [0, 0, 1, 0, 0, 0], [1, 0, 0, 0, 0, 0], [0, 0, 0, 1, 0, 0], [0, 0, 0, 0, 1, 0], [0, 0, 0, 0, 0, 1]], [[0, 0, 1, 0, 0, 0], [1, 0, 0, 0, 0, 0], [0, 1, 0, 0, 0, 0], [0, 0, 0, 1, 0, 0], [0, 0, 0, 0, 1, 0], [0, 0, 0, 0, 0, 1]], [[0, 0, 0, 1, 0, 0], [0, 0, 0, 1, 0, 0], [0, 0, 0, 1, 0, 0], [1, 1, 1, 0, 1, 1], [0, 0, 0, 1, 0, 2], [0, 0, 0, 1, 2, 0]], [[0, 0, 0, 0, 1, 0], [0, 0, 0, 0, 1, 0], [0, 0, 0, 0, 1, 0], [0, 0, 0, 1, 0, 2], [0, 0, 0, 2, 1, 0], [1, 1, 1, 0, 1, 1]], [[0, 0, 0, 0, 0, 1], [0, 0, 0, 0, 0, 1], [0, 0, 0, 0, 0, 1], [0, 0, 0, 1, 2, 0], [1, 1, 1, 0, 1, 1], [0, 0, 0, 2, 0, 1]]]]
[36, [1, 1, 1, 1, 4, 4], [0, 1, 2, 3, 4, 5], [4, 4, 4, 9, 9, 36], [[[1, 0, 0, 0, 0, 0], [0, 1, 0, 0, 0, 0], [0, 0, 1, 0, 0, 0], [0, 0, 0, 1, 0, 0], [0, 0, 0, 0, 1, 0], [0, 0, 0, 0, 0, 1]], [[0, 1, 0, 0, 0, 0], [1, 0, 0, 0, 0, 0], [0, 0, 0, 1, 0, 0], [0, 0, 1, 0, 0, 0], [0, 0, 0, 0, 1, 0], [0, 0, 0, 0, 0, 1]], [[0, 0, 1, 0, 0, 0], [0, 0, 0, 1, 0, 0], [1, 0, 0, 0, 0, 0], [0, 1, 0, 0, 0, 0], [0, 0, 0, 0, 1, 0], [0, 0, 0, 0, 0, 1]], [[0, 0, 0, 1, 0, 0], [0, 0, 1, 0, 0, 0], [0, 1, 0, 0, 0, 0], [1, 0, 0, 0, 0, 0], [0, 0, 0, 0, 1, 0], [0, 0, 0, 0, 0, 1]], [[0, 0, 0, 0, 1, 0], [0, 0, 0, 0, 1, 0], [0, 0, 0, 0, 1, 0], [0, 0, 0, 0, 1, 0], [1, 1, 1, 1, 1, 2], [0, 0, 0, 0, 2, 2]], [[0, 0, 0, 0, 0, 1], [0, 0, 0, 0, 0, 1], [0, 0, 0, 0, 0, 1], [0, 0, 0, 0, 0, 1], [0, 0, 0, 0, 2, 2], [1, 1, 1, 1, 2, 1]]]]
[36, [1, 1, 1, 1, 4, 4], [0, 1, 3, 2, 4, 5], [4, 4, 4, 9, 9, 36], [[[1, 0, 0, 0, 0, 0], [0, 1, 0, 0, 0, 0], [0, 0, 1, 0, 0, 0], [0, 0, 0, 1, 0, 0], [0, 0, 0, 0, 1, 0], [0, 0, 0, 0, 0, 1]], [[0, 1, 0, 0, 0, 0], [1, 0, 0, 0, 0, 0], [0, 0, 0, 1, 0, 0], [0, 0, 1, 0, 0, 0], [0, 0, 0, 0, 1, 0], [0, 0, 0, 0, 0, 1]], [[0, 0, 1, 0, 0, 0], [0, 0, 0, 1, 0, 0], [0, 1, 0, 0, 0, 0], [1, 0, 0, 0, 0, 0], [0, 0, 0, 0, 1, 0], [0, 0, 0, 0, 0, 1]], [[0, 0, 0, 1, 0, 0], [0, 0, 1, 0, 0, 0], [1, 0, 0, 0, 0, 0], [0, 1, 0, 0, 0, 0], [0, 0, 0, 0, 1, 0], [0, 0, 0, 0, 0, 1]], [[0, 0, 0, 0, 1, 0], [0, 0, 0, 0, 1, 0], [0, 0, 0, 0, 1, 0], [0, 0, 0, 0, 1, 0], [1, 1, 1, 1, 1, 2], [0, 0, 0, 0, 2, 2]], [[0, 0, 0, 0, 0, 1], [0, 0, 0, 0, 0, 1], [0, 0, 0, 0, 0, 1], [0, 0, 0, 0, 0, 1], [0, 0, 0, 0, 2, 2], [1, 1, 1, 1, 2, 1]]]]
[60, [1, 1, 2, 2, 5, 5], [0, 1, 2, 3, 4, 5], [4, 4, 5, 5, 12, 60], [[[1, 0, 0, 0, 0, 0], [0, 1, 0, 0, 0, 0], [0, 0, 1, 0, 0, 0], [0, 0, 0, 1, 0, 0], [0, 0, 0, 0, 1, 0], [0, 0, 0, 0, 0, 1]], [[0, 1, 0, 0, 0, 0], [1, 0, 0, 0, 0, 0], [0, 0, 1, 0, 0, 0], [0, 0, 0, 1, 0, 0], [0, 0, 0, 0, 0, 1], [0, 0, 0, 0, 1, 0]], [[0, 0, 1, 0, 0, 0], [0, 0, 1, 0, 0, 0], [1, 1, 0, 1, 0, 0], [0, 0, 1, 1, 0, 0], [0, 0, 0, 0, 1, 1], [0, 0, 0, 0, 1, 1]], [[0, 0, 0, 1, 0, 0], [0, 0, 0, 1, 0, 0], [0, 0, 1, 1, 0, 0], [1, 1, 1, 0, 0, 0], [0, 0, 0, 0, 1, 1], [0, 0, 0, 0, 1, 1]], [[0, 0, 0, 0, 1, 0], [0, 0, 0, 0, 0, 1], [0, 0, 0, 0, 1, 1], [0, 0, 0, 0, 1, 1], [1, 0, 1, 1, 2, 2], [0, 1, 1, 1, 2, 2]], [[0, 0, 0, 0, 0, 1], [0, 0, 0, 0, 1, 0], [0, 0, 0, 0, 1, 1], [0, 0, 0, 0, 1, 1], [0, 1, 1, 1, 2, 2], [1, 0, 1, 1, 2, 2]]]]
[60, [1, 1, 2, 2, 5, 5], [0, 1, 2, 3, 4, 5], [2, 5, 5, 20, 30, 60], [[[1, 0, 0, 0, 0, 0], [0, 1, 0, 0, 0, 0], [0, 0, 1, 0, 0, 0], [0, 0, 0, 1, 0, 0], [0, 0, 0, 0, 1, 0], [0, 0, 0, 0, 0, 1]], [[0, 1, 0, 0, 0, 0], [1, 0, 0, 0, 0, 0], [0, 0, 1, 0, 0, 0], [0, 0, 0, 1, 0, 0], [0, 0, 0, 0, 1, 0], [0, 0, 0, 0, 0, 1]], [[0, 0, 1, 0, 0, 0], [0, 0, 1, 0, 0, 0], [1, 1, 0, 1, 0, 0], [0, 0, 1, 1, 0, 0], [0, 0, 0, 0, 2, 0], [0, 0, 0, 0, 0, 2]], [[0, 0, 0, 1, 0, 0], [0, 0, 0, 1, 0, 0], [0, 0, 1, 1, 0, 0], [1, 1, 1, 0, 0, 0], [0, 0, 0, 0, 2, 0], [0, 0, 0, 0, 0, 2]], [[0, 0, 0, 0, 1, 0], [0, 0, 0, 0, 1, 0], [0, 0, 0, 0, 2, 0], [0, 0, 0, 0, 2, 0], [1, 1, 2, 2, 0, 3], [0, 0, 0, 0, 3, 2]], [[0, 0, 0, 0, 0, 1], [0, 0, 0, 0, 0, 1], [0, 0, 0, 0, 0, 2], [0, 0, 0, 0, 0, 2], [0, 0, 0, 0, 3, 2], [1, 1, 2, 2, 2, 1]]]]
[60, [1, 1, 2, 2, 5, 5], [0, 1, 2, 3, 5, 4], [4, 4, 5, 5, 12, 60], [[[1, 0, 0, 0, 0, 0], [0, 1, 0, 0, 0, 0], [0, 0, 1, 0, 0, 0], [0, 0, 0, 1, 0, 0], [0, 0, 0, 0, 1, 0], [0, 0, 0, 0, 0, 1]], [[0, 1, 0, 0, 0, 0], [1, 0, 0, 0, 0, 0], [0, 0, 1, 0, 0, 0], [0, 0, 0, 1, 0, 0], [0, 0, 0, 0, 0, 1], [0, 0, 0, 0, 1, 0]], [[0, 0, 1, 0, 0, 0], [0, 0, 1, 0, 0, 0], [1, 1, 0, 1, 0, 0], [0, 0, 1, 1, 0, 0], [0, 0, 0, 0, 1, 1], [0, 0, 0, 0, 1, 1]], [[0, 0, 0, 1, 0, 0], [0, 0, 0, 1, 0, 0], [0, 0, 1, 1, 0, 0], [1, 1, 1, 0, 0, 0], [0, 0, 0, 0, 1, 1], [0, 0, 0, 0, 1, 1]], [[0, 0, 0, 0, 1, 0], [0, 0, 0, 0, 0, 1], [0, 0, 0, 0, 1, 1], [0, 0, 0, 0, 1, 1], [0, 1, 1, 1, 2, 2], [1, 0, 1, 1, 2, 2]], [[0, 0, 0, 0, 0, 1], [0, 0, 0, 0, 1, 0], [0, 0, 0, 0, 1, 1], [0, 0, 0, 0, 1, 1], [1, 0, 1, 1, 2, 2], [0, 1, 1, 1, 2, 2]]]]
[60, [1, 1, 2, 3, 3, 6], [0, 1, 2, 3, 4, 5], [3, 4, 4, 12, 15, 60], [[[1, 0, 0, 0, 0, 0], [0, 1, 0, 0, 0, 0], [0, 0, 1, 0, 0, 0], [0, 0, 0, 1, 0, 0], [0, 0, 0, 0, 1, 0], [0, 0, 0, 0, 0, 1]], [[0, 1, 0, 0, 0, 0], [1, 0, 0, 0, 0, 0], [0, 0, 1, 0, 0, 0], [0, 0, 0, 0, 1, 0], [0, 0, 0, 1, 0, 0], [0, 0, 0, 0, 0, 1]], [[0, 0, 1, 0, 0, 0], [0, 0, 1, 0, 0, 0], [1, 1, 1, 0, 0, 0], [0, 0, 0, 1, 1, 0], [0, 0, 0, 1, 1, 0], [0, 0, 0, 0, 0, 2]], [[0, 0, 0, 1, 0, 0], [0, 0, 0, 0, 1, 0], [0, 0, 0, 1, 1, 0], [1, 0, 1, 0, 0, 1], [0, 1, 1, 0, 0, 1], [0, 0, 0, 1, 1, 2]], [[0, 0, 0, 0, 1, 0], [0, 0, 0, 1, 0, 0], [0, 0, 0, 1, 1, 0], [0, 1, 1, 0, 0, 1], [1, 0, 1, 0, 0, 1], [0, 0, 0, 1, 1, 2]], [[0, 0, 0, 0, 0, 1], [0, 0, 0, 0, 0, 1], [0, 0, 0, 0, 0, 2], [0, 0, 0, 1, 1, 2], [0, 0, 0, 1, 1, 2], [1, 1, 2, 2, 2, 3]]]]
[60, [1, 1, 2, 3, 3, 6], [0, 1, 2, 4, 3, 5], [3, 4, 4, 12, 15, 60], [[[1, 0, 0, 0, 0, 0], [0, 1, 0, 0, 0, 0], [0, 0, 1, 0, 0, 0], [0, 0, 0, 1, 0, 0], [0, 0, 0, 0, 1, 0], [0, 0, 0, 0, 0, 1]], [[0, 1, 0, 0, 0, 0], [1, 0, 0, 0, 0, 0], [0, 0, 1, 0, 0, 0], [0, 0, 0, 0, 1, 0], [0, 0, 0, 1, 0, 0], [0, 0, 0, 0, 0, 1]], [[0, 0, 1, 0, 0, 0], [0, 0, 1, 0, 0, 0], [1, 1, 1, 0, 0, 0], [0, 0, 0, 1, 1, 0], [0, 0, 0, 1, 1, 0], [0, 0, 0, 0, 0, 2]], [[0, 0, 0, 1, 0, 0], [0, 0, 0, 0, 1, 0], [0, 0, 0, 1, 1, 0], [0, 1, 1, 0, 0, 1], [1, 0, 1, 0, 0, 1], [0, 0, 0, 1, 1, 2]], [[0, 0, 0, 0, 1, 0], [0, 0, 0, 1, 0, 0], [0, 0, 0, 1, 1, 0], [1, 0, 1, 0, 0, 1], [0, 1, 1, 0, 0, 1], [0, 0, 0, 1, 1, 2]], [[0, 0, 0, 0, 0, 1], [0, 0, 0, 0, 0, 1], [0, 0, 0, 0, 0, 2], [0, 0, 0, 1, 1, 2], [0, 0, 0, 1, 1, 2], [1, 1, 2, 2, 2, 3]]]]
[72, [1, 1, 1, 1, 2, 8], [0, 1, 2, 3, 4, 5], [4, 4, 4, 8, 9, 72], [[[1, 0, 0, 0, 0, 0], [0, 1, 0, 0, 0, 0], [0, 0, 1, 0, 0, 0], [0, 0, 0, 1, 0, 0], [0, 0, 0, 0, 1, 0], [0, 0, 0, 0, 0, 1]], [[0, 1, 0, 0, 0, 0], [1, 0, 0, 0, 0, 0], [0, 0, 0, 1, 0, 0], [0, 0, 1, 0, 0, 0], [0, 0, 0, 0, 1, 0], [0, 0, 0, 0, 0, 1]], [[0, 0, 1, 0, 0, 0], [0, 0, 0, 1, 0, 0], [1, 0, 0, 0, 0, 0], [0, 1, 0, 0, 0, 0], [0, 0, 0, 0, 1, 0], [0, 0, 0, 0, 0, 1]], [[0, 0, 0, 1, 0, 0], [0, 0, 1, 0, 0, 0], [0, 1, 0, 0, 0, 0], [1, 0, 0, 0, 0, 0], [0, 0, 0, 0, 1, 0], [0, 0, 0, 0, 0, 1]], [[0, 0, 0, 0, 1, 0], [0, 0, 0, 0, 1, 0], [0, 0, 0, 0, 1, 0], [0, 0, 0, 0, 1, 0], [1, 1, 1, 1, 0, 0], [0, 0, 0, 0, 0, 2]], [[0, 0, 0, 0, 0, 1], [0, 0, 0, 0, 0, 1], [0, 0, 0, 0, 0, 1], [0, 0, 0, 0, 0, 1], [0, 0, 0, 0, 0, 2], [1, 1, 1, 1, 2, 7]]]]
[72, [1, 1, 1, 1, 2, 8], [0, 1, 3, 2, 4, 5], [4, 4, 4, 8, 9, 72], [[[1, 0, 0, 0, 0, 0], [0, 1, 0, 0, 0, 0], [0, 0, 1, 0, 0, 0], [0, 0, 0, 1, 0, 0], [0, 0, 0, 0, 1, 0], [0, 0, 0, 0, 0, 1]], [[0, 1, 0, 0, 0, 0], [1, 0, 0, 0, 0, 0], [0, 0, 0, 1, 0, 0], [0, 0, 1, 0, 0, 0], [0, 0, 0, 0, 1, 0], [0, 0, 0, 0, 0, 1]], [[0, 0, 1, 0, 0, 0], [0, 0, 0, 1, 0, 0], [0, 1, 0, 0, 0, 0], [1, 0, 0, 0, 0, 0], [0, 0, 0, 0, 1, 0], [0, 0, 0, 0, 0, 1]], [[0, 0, 0, 1, 0, 0], [0, 0, 1, 0, 0, 0], [1, 0, 0, 0, 0, 0], [0, 1, 0, 0, 0, 0], [0, 0, 0, 0, 1, 0], [0, 0, 0, 0, 0, 1]], [[0, 0, 0, 0, 1, 0], [0, 0, 0, 0, 1, 0], [0, 0, 0, 0, 1, 0], [0, 0, 0, 0, 1, 0], [1, 1, 1, 1, 0, 0], [0, 0, 0, 0, 0, 2]], [[0, 0, 0, 0, 0, 1], [0, 0, 0, 0, 0, 1], [0, 0, 0, 0, 0, 1], [0, 0, 0, 0, 0, 1], [0, 0, 0, 0, 0, 2], [1, 1, 1, 1, 2, 7]]]]
[84, [1, 1, 1, 3, 6, 6], [0, 2, 1, 3, 4, 5], [3, 3, 6, 12, 14, 84], [[[1, 0, 0, 0, 0, 0], [0, 1, 0, 0, 0, 0], [0, 0, 1, 0, 0, 0], [0, 0, 0, 1, 0, 0], [0, 0, 0, 0, 1, 0], [0, 0, 0, 0, 0, 1]], [[0, 1, 0, 0, 0, 0], [0, 0, 1, 0, 0, 0], [1, 0, 0, 0, 0, 0], [0, 0, 0, 1, 0, 0], [0, 0, 0, 0, 1, 0], [0, 0, 0, 0, 0, 1]], [[0, 0, 1, 0, 0, 0], [1, 0, 0, 0, 0, 0], [0, 1, 0, 0, 0, 0], [0, 0, 0, 1, 0, 0], [0, 0, 0, 0, 1, 0], [0, 0, 0, 0, 0, 1]], [[0, 0, 0, 1, 0, 0], [0, 0, 0, 1, 0, 0], [0, 0, 0, 1, 0, 0], [1, 1, 1, 2, 0, 0], [0, 0, 0, 0, 1, 2], [0, 0, 0, 0, 2, 1]], [[0, 0, 0, 0, 1, 0], [0, 0, 0, 0, 1, 0], [0, 0, 0, 0, 1, 0], [0, 0, 0, 0, 1, 2], [1, 1, 1, 1, 2, 3], [0, 0, 0, 2, 3, 2]], [[0, 0, 0, 0, 0, 1], [0, 0, 0, 0, 0, 1], [0, 0, 0, 0, 0, 1], [0, 0, 0, 0, 2, 1], [0, 0, 0, 2, 3, 2], [1, 1, 1, 1, 2, 3]]]]
[84, [1, 1, 1, 3, 6, 6], [0, 2, 1, 3, 4, 5], [3, 3, 4, 28, 28, 84], [[[1, 0, 0, 0, 0, 0], [0, 1, 0, 0, 0, 0], [0, 0, 1, 0, 0, 0], [0, 0, 0, 1, 0, 0], [0, 0, 0, 0, 1, 0], [0, 0, 0, 0, 0, 1]], [[0, 1, 0, 0, 0, 0], [0, 0, 1, 0, 0, 0], [1, 0, 0, 0, 0, 0], [0, 0, 0, 1, 0, 0], [0, 0, 0, 0, 1, 0], [0, 0, 0, 0, 0, 1]], [[0, 0, 1, 0, 0, 0], [1, 0, 0, 0, 0, 0], [0, 1, 0, 0, 0, 0], [0, 0, 0, 1, 0, 0], [0, 0, 0, 0, 1, 0], [0, 0, 0, 0, 0, 1]], [[0, 0, 0, 1, 0, 0], [0, 0, 0, 1, 0, 0], [0, 0, 0, 1, 0, 0], [1, 1, 1, 2, 0, 0], [0, 0, 0, 0, 3, 0], [0, 0, 0, 0, 0, 3]], [[0, 0, 0, 0, 1, 0], [0, 0, 0, 0, 1, 0], [0, 0, 0, 0, 1, 0], [0, 0, 0, 0, 3, 0], [1, 1, 1, 3, 1, 3], [0, 0, 0, 0, 3, 3]], [[0, 0, 0, 0, 0, 1], [0, 0, 0, 0, 0, 1], [0, 0, 0, 0, 0, 1], [0, 0, 0, 0, 0, 3], [0, 0, 0, 0, 3, 3], [1, 1, 1, 3, 3, 1]]]]
[84, [1, 1, 1, 3, 6, 6], [0, 2, 1, 3, 5, 4], [3, 3, 4, 28, 28, 84], [[[1, 0, 0, 0, 0, 0], [0, 1, 0, 0, 0, 0], [0, 0, 1, 0, 0, 0], [0, 0, 0, 1, 0, 0], [0, 0, 0, 0, 1, 0], [0, 0, 0, 0, 0, 1]], [[0, 1, 0, 0, 0, 0], [0, 0, 1, 0, 0, 0], [1, 0, 0, 0, 0, 0], [0, 0, 0, 1, 0, 0], [0, 0, 0, 0, 1, 0], [0, 0, 0, 0, 0, 1]], [[0, 0, 1, 0, 0, 0], [1, 0, 0, 0, 0, 0], [0, 1, 0, 0, 0, 0], [0, 0, 0, 1, 0, 0], [0, 0, 0, 0, 1, 0], [0, 0, 0, 0, 0, 1]], [[0, 0, 0, 1, 0, 0], [0, 0, 0, 1, 0, 0], [0, 0, 0, 1, 0, 0], [1, 1, 1, 2, 0, 0], [0, 0, 0, 0, 3, 0], [0, 0, 0, 0, 0, 3]], [[0, 0, 0, 0, 1, 0], [0, 0, 0, 0, 1, 0], [0, 0, 0, 0, 1, 0], [0, 0, 0, 0, 3, 0], [0, 0, 0, 0, 2, 4], [1, 1, 1, 3, 2, 2]], [[0, 0, 0, 0, 0, 1], [0, 0, 0, 0, 0, 1], [0, 0, 0, 0, 0, 1], [0, 0, 0, 0, 0, 3], [1, 1, 1, 3, 2, 2], [0, 0, 0, 0, 4, 2]]]]
[114, [1, 1, 2, 6, 6, 6], [0, 1, 2, 3, 4, 5], [2, 3, 19, 19, 19, 114], [[[1, 0, 0, 0, 0, 0], [0, 1, 0, 0, 0, 0], [0, 0, 1, 0, 0, 0], [0, 0, 0, 1, 0, 0], [0, 0, 0, 0, 1, 0], [0, 0, 0, 0, 0, 1]], [[0, 1, 0, 0, 0, 0], [1, 0, 0, 0, 0, 0], [0, 0, 1, 0, 0, 0], [0, 0, 0, 1, 0, 0], [0, 0, 0, 0, 1, 0], [0, 0, 0, 0, 0, 1]], [[0, 0, 1, 0, 0, 0], [0, 0, 1, 0, 0, 0], [1, 1, 1, 0, 0, 0], [0, 0, 0, 2, 0, 0], [0, 0, 0, 0, 2, 0], [0, 0, 0, 0, 0, 2]], [[0, 0, 0, 1, 0, 0], [0, 0, 0, 1, 0, 0], [0, 0, 0, 2, 0, 0], [1, 1, 2, 2, 1, 2], [0, 0, 0, 1, 2, 3], [0, 0, 0, 2, 3, 1]], [[0, 0, 0, 0, 1, 0], [0, 0, 0, 0, 1, 0], [0, 0, 0, 0, 2, 0], [0, 0, 0, 1, 2, 3], [1, 1, 2, 2, 2, 1], [0, 0, 0, 3, 1, 2]], [[0, 0, 0, 0, 0, 1], [0, 0, 0, 0, 0, 1], [0, 0, 0, 0, 0, 2], [0, 0, 0, 2, 3, 1], [0, 0, 0, 3, 1, 2], [1, 1, 2, 1, 2, 2]]]]
[120, [1, 1, 1, 1, 4, 10], [0, 1, 2, 3, 4, 5], [4, 4, 4, 5, 24, 120], [[[1, 0, 0, 0, 0, 0], [0, 1, 0, 0, 0, 0], [0, 0, 1, 0, 0, 0], [0, 0, 0, 1, 0, 0], [0, 0, 0, 0, 1, 0], [0, 0, 0, 0, 0, 1]], [[0, 1, 0, 0, 0, 0], [1, 0, 0, 0, 0, 0], [0, 0, 0, 1, 0, 0], [0, 0, 1, 0, 0, 0], [0, 0, 0, 0, 1, 0], [0, 0, 0, 0, 0, 1]], [[0, 0, 1, 0, 0, 0], [0, 0, 0, 1, 0, 0], [1, 0, 0, 0, 0, 0], [0, 1, 0, 0, 0, 0], [0, 0, 0, 0, 1, 0], [0, 0, 0, 0, 0, 1]], [[0, 0, 0, 1, 0, 0], [0, 0, 1, 0, 0, 0], [0, 1, 0, 0, 0, 0], [1, 0, 0, 0, 0, 0], [0, 0, 0, 0, 1, 0], [0, 0, 0, 0, 0, 1]], [[0, 0, 0, 0, 1, 0], [0, 0, 0, 0, 1, 0], [0, 0, 0, 0, 1, 0], [0, 0, 0, 0, 1, 0], [1, 1, 1, 1, 3, 0], [0, 0, 0, 0, 0, 4]], [[0, 0, 0, 0, 0, 1], [0, 0, 0, 0, 0, 1], [0, 0, 0, 0, 0, 1], [0, 0, 0, 0, 0, 1], [0, 0, 0, 0, 0, 4], [1, 1, 1, 1, 4, 8]]]]
[120, [1, 1, 1, 1, 4, 10], [0, 1, 3, 2, 4, 5], [4, 4, 4, 5, 24, 120], [[[1, 0, 0, 0, 0, 0], [0, 1, 0, 0, 0, 0], [0, 0, 1, 0, 0, 0], [0, 0, 0, 1, 0, 0], [0, 0, 0, 0, 1, 0], [0, 0, 0, 0, 0, 1]], [[0, 1, 0, 0, 0, 0], [1, 0, 0, 0, 0, 0], [0, 0, 0, 1, 0, 0], [0, 0, 1, 0, 0, 0], [0, 0, 0, 0, 1, 0], [0, 0, 0, 0, 0, 1]], [[0, 0, 1, 0, 0, 0], [0, 0, 0, 1, 0, 0], [0, 1, 0, 0, 0, 0], [1, 0, 0, 0, 0, 0], [0, 0, 0, 0, 1, 0], [0, 0, 0, 0, 0, 1]], [[0, 0, 0, 1, 0, 0], [0, 0, 1, 0, 0, 0], [1, 0, 0, 0, 0, 0], [0, 1, 0, 0, 0, 0], [0, 0, 0, 0, 1, 0], [0, 0, 0, 0, 0, 1]], [[0, 0, 0, 0, 1, 0], [0, 0, 0, 0, 1, 0], [0, 0, 0, 0, 1, 0], [0, 0, 0, 0, 1, 0], [1, 1, 1, 1, 3, 0], [0, 0, 0, 0, 0, 4]], [[0, 0, 0, 0, 0, 1], [0, 0, 0, 0, 0, 1], [0, 0, 0, 0, 0, 1], [0, 0, 0, 0, 0, 1], [0, 0, 0, 0, 0, 4], [1, 1, 1, 1, 4, 8]]]]
[168, [1, 1, 2, 3, 3, 12], [0, 1, 2, 3, 4, 5], [3, 4, 4, 8, 28, 168], [[[1, 0, 0, 0, 0, 0], [0, 1, 0, 0, 0, 0], [0, 0, 1, 0, 0, 0], [0, 0, 0, 1, 0, 0], [0, 0, 0, 0, 1, 0], [0, 0, 0, 0, 0, 1]], [[0, 1, 0, 0, 0, 0], [1, 0, 0, 0, 0, 0], [0, 0, 1, 0, 0, 0], [0, 0, 0, 0, 1, 0], [0, 0, 0, 1, 0, 0], [0, 0, 0, 0, 0, 1]], [[0, 0, 1, 0, 0, 0], [0, 0, 1, 0, 0, 0], [1, 1, 1, 0, 0, 0], [0, 0, 0, 1, 1, 0], [0, 0, 0, 1, 1, 0], [0, 0, 0, 0, 0, 2]], [[0, 0, 0, 1, 0, 0], [0, 0, 0, 0, 1, 0], [0, 0, 0, 1, 1, 0], [1, 0, 1, 1, 1, 0], [0, 1, 1, 1, 1, 0], [0, 0, 0, 0, 0, 3]], [[0, 0, 0, 0, 1, 0], [0, 0, 0, 1, 0, 0], [0, 0, 0, 1, 1, 0], [0, 1, 1, 1, 1, 0], [1, 0, 1, 1, 1, 0], [0, 0, 0, 0, 0, 3]], [[0, 0, 0, 0, 0, 1], [0, 0, 0, 0, 0, 1], [0, 0, 0, 0, 0, 2], [0, 0, 0, 0, 0, 3], [0, 0, 0, 0, 0, 3], [1, 1, 2, 3, 3, 10]]]]
[168, [1, 1, 2, 3, 3, 12], [0, 1, 2, 4, 3, 5], [3, 4, 4, 8, 28, 168], [[[1, 0, 0, 0, 0, 0], [0, 1, 0, 0, 0, 0], [0, 0, 1, 0, 0, 0], [0, 0, 0, 1, 0, 0], [0, 0, 0, 0, 1, 0], [0, 0, 0, 0, 0, 1]], [[0, 1, 0, 0, 0, 0], [1, 0, 0, 0, 0, 0], [0, 0, 1, 0, 0, 0], [0, 0, 0, 0, 1, 0], [0, 0, 0, 1, 0, 0], [0, 0, 0, 0, 0, 1]], [[0, 0, 1, 0, 0, 0], [0, 0, 1, 0, 0, 0], [1, 1, 1, 0, 0, 0], [0, 0, 0, 1, 1, 0], [0, 0, 0, 1, 1, 0], [0, 0, 0, 0, 0, 2]], [[0, 0, 0, 1, 0, 0], [0, 0, 0, 0, 1, 0], [0, 0, 0, 1, 1, 0], [0, 1, 1, 1, 1, 0], [1, 0, 1, 1, 1, 0], [0, 0, 0, 0, 0, 3]], [[0, 0, 0, 0, 1, 0], [0, 0, 0, 1, 0, 0], [0, 0, 0, 1, 1, 0], [1, 0, 1, 1, 1, 0], [0, 1, 1, 1, 1, 0], [0, 0, 0, 0, 0, 3]], [[0, 0, 0, 0, 0, 1], [0, 0, 0, 0, 0, 1], [0, 0, 0, 0, 0, 2], [0, 0, 0, 0, 0, 3], [0, 0, 0, 0, 0, 3], [1, 1, 2, 3, 3, 10]]]]
[168, [1, 3, 3, 6, 7, 8], [0, 2, 1, 3, 4, 5], [3, 4, 7, 7, 8, 168], [[[1, 0, 0, 0, 0, 0], [0, 1, 0, 0, 0, 0], [0, 0, 1, 0, 0, 0], [0, 0, 0, 1, 0, 0], [0, 0, 0, 0, 1, 0], [0, 0, 0, 0, 0, 1]], [[0, 1, 0, 0, 0, 0], [0, 0, 1, 1, 0, 0], [1, 0, 0, 0, 0, 1], [0, 0, 1, 0, 1, 1], [0, 0, 0, 1, 1, 1], [0, 1, 0, 1, 1, 1]], [[0, 0, 1, 0, 0, 0], [1, 0, 0, 0, 0, 1], [0, 1, 0, 1, 0, 0], [0, 1, 0, 0, 1, 1], [0, 0, 0, 1, 1, 1], [0, 0, 1, 1, 1, 1]], [[0, 0, 0, 1, 0, 0], [0, 0, 1, 0, 1, 1], [0, 1, 0, 0, 1, 1], [1, 0, 0, 2, 1, 2], [0, 1, 1, 1, 2, 2], [0, 1, 1, 2, 2, 2]], [[0, 0, 0, 0, 1, 0], [0, 0, 0, 1, 1, 1], [0, 0, 0, 1, 1, 1], [0, 1, 1, 1, 2, 2], [1, 1, 1, 2, 2, 2], [0, 1, 1, 2, 2, 3]], [[0, 0, 0, 0, 0, 1], [0, 1, 0, 1, 1, 1], [0, 0, 1, 1, 1, 1], [0, 1, 1, 2, 2, 2], [0, 1, 1, 2, 2, 3], [1, 1, 1, 2, 3, 3]]]]
[192, [1, 1, 1, 3, 6, 12], [0, 2, 1, 3, 4, 5], [3, 3, 4, 16, 64, 192], [[[1, 0, 0, 0, 0, 0], [0, 1, 0, 0, 0, 0], [0, 0, 1, 0, 0, 0], [0, 0, 0, 1, 0, 0], [0, 0, 0, 0, 1, 0], [0, 0, 0, 0, 0, 1]], [[0, 1, 0, 0, 0, 0], [0, 0, 1, 0, 0, 0], [1, 0, 0, 0, 0, 0], [0, 0, 0, 1, 0, 0], [0, 0, 0, 0, 1, 0], [0, 0, 0, 0, 0, 1]], [[0, 0, 1, 0, 0, 0], [1, 0, 0, 0, 0, 0], [0, 1, 0, 0, 0, 0], [0, 0, 0, 1, 0, 0], [0, 0, 0, 0, 1, 0], [0, 0, 0, 0, 0, 1]], [[0, 0, 0, 1, 0, 0], [0, 0, 0, 1, 0, 0], [0, 0, 0, 1, 0, 0], [1, 1, 1, 2, 0, 0], [0, 0, 0, 0, 3, 0], [0, 0, 0, 0, 0, 3]], [[0, 0, 0, 0, 1, 0], [0, 0, 0, 0, 1, 0], [0, 0, 0, 0, 1, 0], [0, 0, 0, 0, 3, 0], [1, 1, 1, 3, 4, 0], [0, 0, 0, 0, 0, 6]], [[0, 0, 0, 0, 0, 1], [0, 0, 0, 0, 0, 1], [0, 0, 0, 0, 0, 1], [0, 0, 0, 0, 0, 3], [0, 0, 0, 0, 0, 6], [1, 1, 1, 3, 6, 8]]]]
[210, [1, 1, 2, 2, 2, 14], [0, 1, 2, 3, 4, 5], [2, 7, 7, 7, 15, 210], [[[1, 0, 0, 0, 0, 0], [0, 1, 0, 0, 0, 0], [0, 0, 1, 0, 0, 0], [0, 0, 0, 1, 0, 0], [0, 0, 0, 0, 1, 0], [0, 0, 0, 0, 0, 1]], [[0, 1, 0, 0, 0, 0], [1, 0, 0, 0, 0, 0], [0, 0, 1, 0, 0, 0], [0, 0, 0, 1, 0, 0], [0, 0, 0, 0, 1, 0], [0, 0, 0, 0, 0, 1]], [[0, 0, 1, 0, 0, 0], [0, 0, 1, 0, 0, 0], [1, 1, 0, 0, 1, 0], [0, 0, 0, 1, 1, 0], [0, 0, 1, 1, 0, 0], [0, 0, 0, 0, 0, 2]], [[0, 0, 0, 1, 0, 0], [0, 0, 0, 1, 0, 0], [0, 0, 0, 1, 1, 0], [1, 1, 1, 0, 0, 0], [0, 0, 1, 0, 1, 0], [0, 0, 0, 0, 0, 2]], [[0, 0, 0, 0, 1, 0], [0, 0, 0, 0, 1, 0], [0, 0, 1, 1, 0, 0], [0, 0, 1, 0, 1, 0], [1, 1, 0, 1, 0, 0], [0, 0, 0, 0, 0, 2]], [[0, 0, 0, 0, 0, 1], [0, 0, 0, 0, 0, 1], [0, 0, 0, 0, 0, 2], [0, 0, 0, 0, 0, 2], [0, 0, 0, 0, 0, 2], [1, 1, 2, 2, 2, 13]]]]
[210, [1, 1, 2, 2, 10, 10], [0, 1, 2, 3, 4, 5], [2, 5, 5, 15, 35, 210], [[[1, 0, 0, 0, 0, 0], [0, 1, 0, 0, 0, 0], [0, 0, 1, 0, 0, 0], [0, 0, 0, 1, 0, 0], [0, 0, 0, 0, 1, 0], [0, 0, 0, 0, 0, 1]], [[0, 1, 0, 0, 0, 0], [1, 0, 0, 0, 0, 0], [0, 0, 1, 0, 0, 0], [0, 0, 0, 1, 0, 0], [0, 0, 0, 0, 1, 0], [0, 0, 0, 0, 0, 1]], [[0, 0, 1, 0, 0, 0], [0, 0, 1, 0, 0, 0], [1, 1, 0, 1, 0, 0], [0, 0, 1, 1, 0, 0], [0, 0, 0, 0, 2, 0], [0, 0, 0, 0, 0, 2]], [[0, 0, 0, 1, 0, 0], [0, 0, 0, 1, 0, 0], [0, 0, 1, 1, 0, 0], [1, 1, 1, 0, 0, 0], [0, 0, 0, 0, 2, 0], [0, 0, 0, 0, 0, 2]], [[0, 0, 0, 0, 1, 0], [0, 0, 0, 0, 1, 0], [0, 0, 0, 0, 2, 0], [0, 0, 0, 0, 2, 0], [1, 1, 2, 2, 3, 6], [0, 0, 0, 0, 6, 4]], [[0, 0, 0, 0, 0, 1], [0, 0, 0, 0, 0, 1], [0, 0, 0, 0, 0, 2], [0, 0, 0, 0, 0, 2], [0, 0, 0, 0, 6, 4], [1, 1, 2, 2, 4, 5]]]]
[210, [1, 1, 2, 2, 10, 10], [0, 1, 2, 3, 4, 5], [2, 5, 5, 21, 21, 210], [[[1, 0, 0, 0, 0, 0], [0, 1, 0, 0, 0, 0], [0, 0, 1, 0, 0, 0], [0, 0, 0, 1, 0, 0], [0, 0, 0, 0, 1, 0], [0, 0, 0, 0, 0, 1]], [[0, 1, 0, 0, 0, 0], [1, 0, 0, 0, 0, 0], [0, 0, 1, 0, 0, 0], [0, 0, 0, 1, 0, 0], [0, 0, 0, 0, 1, 0], [0, 0, 0, 0, 0, 1]], [[0, 0, 1, 0, 0, 0], [0, 0, 1, 0, 0, 0], [1, 1, 0, 1, 0, 0], [0, 0, 1, 1, 0, 0], [0, 0, 0, 0, 2, 0], [0, 0, 0, 0, 0, 2]], [[0, 0, 0, 1, 0, 0], [0, 0, 0, 1, 0, 0], [0, 0, 1, 1, 0, 0], [1, 1, 1, 0, 0, 0], [0, 0, 0, 0, 2, 0], [0, 0, 0, 0, 0, 2]], [[0, 0, 0, 0, 1, 0], [0, 0, 0, 0, 1, 0], [0, 0, 0, 0, 2, 0], [0, 0, 0, 0, 2, 0], [1, 1, 2, 2, 4, 5], [0, 0, 0, 0, 5, 5]], [[0, 0, 0, 0, 0, 1], [0, 0, 0, 0, 0, 1], [0, 0, 0, 0, 0, 2], [0, 0, 0, 0, 0, 2], [0, 0, 0, 0, 5, 5], [1, 1, 2, 2, 5, 4]]]]
[300, [1, 1, 1, 3, 12, 12], [0, 2, 1, 3, 4, 5], [3, 3, 4, 25, 25, 300], [[[1, 0, 0, 0, 0, 0], [0, 1, 0, 0, 0, 0], [0, 0, 1, 0, 0, 0], [0, 0, 0, 1, 0, 0], [0, 0, 0, 0, 1, 0], [0, 0, 0, 0, 0, 1]], [[0, 1, 0, 0, 0, 0], [0, 0, 1, 0, 0, 0], [1, 0, 0, 0, 0, 0], [0, 0, 0, 1, 0, 0], [0, 0, 0, 0, 1, 0], [0, 0, 0, 0, 0, 1]], [[0, 0, 1, 0, 0, 0], [1, 0, 0, 0, 0, 0], [0, 1, 0, 0, 0, 0], [0, 0, 0, 1, 0, 0], [0, 0, 0, 0, 1, 0], [0, 0, 0, 0, 0, 1]], [[0, 0, 0, 1, 0, 0], [0, 0, 0, 1, 0, 0], [0, 0, 0, 1, 0, 0], [1, 1, 1, 2, 0, 0], [0, 0, 0, 0, 3, 0], [0, 0, 0, 0, 0, 3]], [[0, 0, 0, 0, 1, 0], [0, 0, 0, 0, 1, 0], [0, 0, 0, 0, 1, 0], [0, 0, 0, 0, 3, 0], [1, 1, 1, 3, 5, 6], [0, 0, 0, 0, 6, 6]], [[0, 0, 0, 0, 0, 1], [0, 0, 0, 0, 0, 1], [0, 0, 0, 0, 0, 1], [0, 0, 0, 0, 0, 3], [0, 0, 0, 0, 6, 6], [1, 1, 1, 3, 6, 5]]]]
[420, [1, 1, 1, 1, 4, 20], [0, 1, 2, 3, 4, 5], [4, 4, 4, 5, 21, 420], [[[1, 0, 0, 0, 0, 0], [0, 1, 0, 0, 0, 0], [0, 0, 1, 0, 0, 0], [0, 0, 0, 1, 0, 0], [0, 0, 0, 0, 1, 0], [0, 0, 0, 0, 0, 1]], [[0, 1, 0, 0, 0, 0], [1, 0, 0, 0, 0, 0], [0, 0, 0, 1, 0, 0], [0, 0, 1, 0, 0, 0], [0, 0, 0, 0, 1, 0], [0, 0, 0, 0, 0, 1]], [[0, 0, 1, 0, 0, 0], [0, 0, 0, 1, 0, 0], [1, 0, 0, 0, 0, 0], [0, 1, 0, 0, 0, 0], [0, 0, 0, 0, 1, 0], [0, 0, 0, 0, 0, 1]], [[0, 0, 0, 1, 0, 0], [0, 0, 1, 0, 0, 0], [0, 1, 0, 0, 0, 0], [1, 0, 0, 0, 0, 0], [0, 0, 0, 0, 1, 0], [0, 0, 0, 0, 0, 1]], [[0, 0, 0, 0, 1, 0], [0, 0, 0, 0, 1, 0], [0, 0, 0, 0, 1, 0], [0, 0, 0, 0, 1, 0], [1, 1, 1, 1, 3, 0], [0, 0, 0, 0, 0, 4]], [[0, 0, 0, 0, 0, 1], [0, 0, 0, 0, 0, 1], [0, 0, 0, 0, 0, 1], [0, 0, 0, 0, 0, 1], [0, 0, 0, 0, 0, 4], [1, 1, 1, 1, 4, 19]]]]
[420, [1, 1, 1, 1, 4, 20], [0, 1, 3, 2, 4, 5], [4, 4, 4, 5, 21, 420], [[[1, 0, 0, 0, 0, 0], [0, 1, 0, 0, 0, 0], [0, 0, 1, 0, 0, 0], [0, 0, 0, 1, 0, 0], [0, 0, 0, 0, 1, 0], [0, 0, 0, 0, 0, 1]], [[0, 1, 0, 0, 0, 0], [1, 0, 0, 0, 0, 0], [0, 0, 0, 1, 0, 0], [0, 0, 1, 0, 0, 0], [0, 0, 0, 0, 1, 0], [0, 0, 0, 0, 0, 1]], [[0, 0, 1, 0, 0, 0], [0, 0, 0, 1, 0, 0], [0, 1, 0, 0, 0, 0], [1, 0, 0, 0, 0, 0], [0, 0, 0, 0, 1, 0], [0, 0, 0, 0, 0, 1]], [[0, 0, 0, 1, 0, 0], [0, 0, 1, 0, 0, 0], [1, 0, 0, 0, 0, 0], [0, 1, 0, 0, 0, 0], [0, 0, 0, 0, 1, 0], [0, 0, 0, 0, 0, 1]], [[0, 0, 0, 0, 1, 0], [0, 0, 0, 0, 1, 0], [0, 0, 0, 0, 1, 0], [0, 0, 0, 0, 1, 0], [1, 1, 1, 1, 3, 0], [0, 0, 0, 0, 0, 4]], [[0, 0, 0, 0, 0, 1], [0, 0, 0, 0, 0, 1], [0, 0, 0, 0, 0, 1], [0, 0, 0, 0, 0, 1], [0, 0, 0, 0, 0, 4], [1, 1, 1, 1, 4, 19]]]]
[462, [1, 1, 1, 3, 3, 21], [0, 2, 1, 4, 3, 5], [3, 3, 7, 7, 22, 462], [[[1, 0, 0, 0, 0, 0], [0, 1, 0, 0, 0, 0], [0, 0, 1, 0, 0, 0], [0, 0, 0, 1, 0, 0], [0, 0, 0, 0, 1, 0], [0, 0, 0, 0, 0, 1]], [[0, 1, 0, 0, 0, 0], [0, 0, 1, 0, 0, 0], [1, 0, 0, 0, 0, 0], [0, 0, 0, 1, 0, 0], [0, 0, 0, 0, 1, 0], [0, 0, 0, 0, 0, 1]], [[0, 0, 1, 0, 0, 0], [1, 0, 0, 0, 0, 0], [0, 1, 0, 0, 0, 0], [0, 0, 0, 1, 0, 0], [0, 0, 0, 0, 1, 0], [0, 0, 0, 0, 0, 1]], [[0, 0, 0, 1, 0, 0], [0, 0, 0, 1, 0, 0], [0, 0, 0, 1, 0, 0], [0, 0, 0, 1, 2, 0], [1, 1, 1, 1, 1, 0], [0, 0, 0, 0, 0, 3]], [[0, 0, 0, 0, 1, 0], [0, 0, 0, 0, 1, 0], [0, 0, 0, 0, 1, 0], [1, 1, 1, 1, 1, 0], [0, 0, 0, 2, 1, 0], [0, 0, 0, 0, 0, 3]], [[0, 0, 0, 0, 0, 1], [0, 0, 0, 0, 0, 1], [0, 0, 0, 0, 0, 1], [0, 0, 0, 0, 0, 3], [0, 0, 0, 0, 0, 3], [1, 1, 1, 3, 3, 20]]]]
[600, [1, 1, 2, 3, 3, 24], [0, 1, 2, 3, 4, 5], [3, 4, 4, 8, 25, 600], [[[1, 0, 0, 0, 0, 0], [0, 1, 0, 0, 0, 0], [0, 0, 1, 0, 0, 0], [0, 0, 0, 1, 0, 0], [0, 0, 0, 0, 1, 0], [0, 0, 0, 0, 0, 1]], [[0, 1, 0, 0, 0, 0], [1, 0, 0, 0, 0, 0], [0, 0, 1, 0, 0, 0], [0, 0, 0, 0, 1, 0], [0, 0, 0, 1, 0, 0], [0, 0, 0, 0, 0, 1]], [[0, 0, 1, 0, 0, 0], [0, 0, 1, 0, 0, 0], [1, 1, 1, 0, 0, 0], [0, 0, 0, 1, 1, 0], [0, 0, 0, 1, 1, 0], [0, 0, 0, 0, 0, 2]], [[0, 0, 0, 1, 0, 0], [0, 0, 0, 0, 1, 0], [0, 0, 0, 1, 1, 0], [1, 0, 1, 1, 1, 0], [0, 1, 1, 1, 1, 0], [0, 0, 0, 0, 0, 3]], [[0, 0, 0, 0, 1, 0], [0, 0, 0, 1, 0, 0], [0, 0, 0, 1, 1, 0], [0, 1, 1, 1, 1, 0], [1, 0, 1, 1, 1, 0], [0, 0, 0, 0, 0, 3]], [[0, 0, 0, 0, 0, 1], [0, 0, 0, 0, 0, 1], [0, 0, 0, 0, 0, 2], [0, 0, 0, 0, 0, 3], [0, 0, 0, 0, 0, 3], [1, 1, 2, 3, 3, 23]]]]
[600, [1, 1, 2, 3, 3, 24], [0, 1, 2, 4, 3, 5], [3, 4, 4, 8, 25, 600], [[[1, 0, 0, 0, 0, 0], [0, 1, 0, 0, 0, 0], [0, 0, 1, 0, 0, 0], [0, 0, 0, 1, 0, 0], [0, 0, 0, 0, 1, 0], [0, 0, 0, 0, 0, 1]], [[0, 1, 0, 0, 0, 0], [1, 0, 0, 0, 0, 0], [0, 0, 1, 0, 0, 0], [0, 0, 0, 0, 1, 0], [0, 0, 0, 1, 0, 0], [0, 0, 0, 0, 0, 1]], [[0, 0, 1, 0, 0, 0], [0, 0, 1, 0, 0, 0], [1, 1, 1, 0, 0, 0], [0, 0, 0, 1, 1, 0], [0, 0, 0, 1, 1, 0], [0, 0, 0, 0, 0, 2]], [[0, 0, 0, 1, 0, 0], [0, 0, 0, 0, 1, 0], [0, 0, 0, 1, 1, 0], [0, 1, 1, 1, 1, 0], [1, 0, 1, 1, 1, 0], [0, 0, 0, 0, 0, 3]], [[0, 0, 0, 0, 1, 0], [0, 0, 0, 1, 0, 0], [0, 0, 0, 1, 1, 0], [1, 0, 1, 1, 1, 0], [0, 1, 1, 1, 1, 0], [0, 0, 0, 0, 0, 3]], [[0, 0, 0, 0, 0, 1], [0, 0, 0, 0, 0, 1], [0, 0, 0, 0, 0, 2], [0, 0, 0, 0, 0, 3], [0, 0, 0, 0, 0, 3], [1, 1, 2, 3, 3, 23]]]]
[624, [1, 1, 1, 3, 6, 24], [0, 2, 1, 3, 4, 5], [3, 3, 4, 16, 52, 624], [[[1, 0, 0, 0, 0, 0], [0, 1, 0, 0, 0, 0], [0, 0, 1, 0, 0, 0], [0, 0, 0, 1, 0, 0], [0, 0, 0, 0, 1, 0], [0, 0, 0, 0, 0, 1]], [[0, 1, 0, 0, 0, 0], [0, 0, 1, 0, 0, 0], [1, 0, 0, 0, 0, 0], [0, 0, 0, 1, 0, 0], [0, 0, 0, 0, 1, 0], [0, 0, 0, 0, 0, 1]], [[0, 0, 1, 0, 0, 0], [1, 0, 0, 0, 0, 0], [0, 1, 0, 0, 0, 0], [0, 0, 0, 1, 0, 0], [0, 0, 0, 0, 1, 0], [0, 0, 0, 0, 0, 1]], [[0, 0, 0, 1, 0, 0], [0, 0, 0, 1, 0, 0], [0, 0, 0, 1, 0, 0], [1, 1, 1, 2, 0, 0], [0, 0, 0, 0, 3, 0], [0, 0, 0, 0, 0, 3]], [[0, 0, 0, 0, 1, 0], [0, 0, 0, 0, 1, 0], [0, 0, 0, 0, 1, 0], [0, 0, 0, 0, 3, 0], [1, 1, 1, 3, 4, 0], [0, 0, 0, 0, 0, 6]], [[0, 0, 0, 0, 0, 1], [0, 0, 0, 0, 0, 1], [0, 0, 0, 0, 0, 1], [0, 0, 0, 0, 0, 3], [0, 0, 0, 0, 0, 6], [1, 1, 1, 3, 6, 22]]]]
[924, [1, 1, 2, 6, 21, 21], [0, 1, 2, 3, 4, 5], [3, 4, 4, 7, 44, 924], [[[1, 0, 0, 0, 0, 0], [0, 1, 0, 0, 0, 0], [0, 0, 1, 0, 0, 0], [0, 0, 0, 1, 0, 0], [0, 0, 0, 0, 1, 0], [0, 0, 0, 0, 0, 1]], [[0, 1, 0, 0, 0, 0], [1, 0, 0, 0, 0, 0], [0, 0, 1, 0, 0, 0], [0, 0, 0, 1, 0, 0], [0, 0, 0, 0, 0, 1], [0, 0, 0, 0, 1, 0]], [[0, 0, 1, 0, 0, 0], [0, 0, 1, 0, 0, 0], [1, 1, 1, 0, 0, 0], [0, 0, 0, 2, 0, 0], [0, 0, 0, 0, 1, 1], [0, 0, 0, 0, 1, 1]], [[0, 0, 0, 1, 0, 0], [0, 0, 0, 1, 0, 0], [0, 0, 0, 2, 0, 0], [1, 1, 2, 5, 0, 0], [0, 0, 0, 0, 3, 3], [0, 0, 0, 0, 3, 3]], [[0, 0, 0, 0, 1, 0], [0, 0, 0, 0, 0, 1], [0, 0, 0, 0, 1, 1], [0, 0, 0, 0, 3, 3], [1, 0, 1, 3, 10, 10], [0, 1, 1, 3, 10, 10]], [[0, 0, 0, 0, 0, 1], [0, 0, 0, 0, 1, 0], [0, 0, 0, 0, 1, 1], [0, 0, 0, 0, 3, 3], [0, 1, 1, 3, 10, 10], [1, 0, 1, 3, 10, 10]]]]
[924, [1, 1, 2, 6, 21, 21], [0, 1, 2, 3, 5, 4], [3, 4, 4, 7, 44, 924], [[[1, 0, 0, 0, 0, 0], [0, 1, 0, 0, 0, 0], [0, 0, 1, 0, 0, 0], [0, 0, 0, 1, 0, 0], [0, 0, 0, 0, 1, 0], [0, 0, 0, 0, 0, 1]], [[0, 1, 0, 0, 0, 0], [1, 0, 0, 0, 0, 0], [0, 0, 1, 0, 0, 0], [0, 0, 0, 1, 0, 0], [0, 0, 0, 0, 0, 1], [0, 0, 0, 0, 1, 0]], [[0, 0, 1, 0, 0, 0], [0, 0, 1, 0, 0, 0], [1, 1, 1, 0, 0, 0], [0, 0, 0, 2, 0, 0], [0, 0, 0, 0, 1, 1], [0, 0, 0, 0, 1, 1]], [[0, 0, 0, 1, 0, 0], [0, 0, 0, 1, 0, 0], [0, 0, 0, 2, 0, 0], [1, 1, 2, 5, 0, 0], [0, 0, 0, 0, 3, 3], [0, 0, 0, 0, 3, 3]], [[0, 0, 0, 0, 1, 0], [0, 0, 0, 0, 0, 1], [0, 0, 0, 0, 1, 1], [0, 0, 0, 0, 3, 3], [0, 1, 1, 3, 10, 10], [1, 0, 1, 3, 10, 10]], [[0, 0, 0, 0, 0, 1], [0, 0, 0, 0, 1, 0], [0, 0, 0, 0, 1, 1], [0, 0, 0, 0, 3, 3], [1, 0, 1, 3, 10, 10], [0, 1, 1, 3, 10, 10]]]]
[960, [1, 3, 3, 4, 5, 30], [0, 1, 2, 3, 4, 5], [3, 4, 5, 5, 64, 960], [[[1, 0, 0, 0, 0, 0], [0, 1, 0, 0, 0, 0], [0, 0, 1, 0, 0, 0], [0, 0, 0, 1, 0, 0], [0, 0, 0, 0, 1, 0], [0, 0, 0, 0, 0, 1]], [[0, 1, 0, 0, 0, 0], [1, 1, 0, 0, 1, 0], [0, 0, 0, 1, 1, 0], [0, 0, 1, 1, 1, 0], [0, 1, 1, 1, 1, 0], [0, 0, 0, 0, 0, 3]], [[0, 0, 1, 0, 0, 0], [0, 0, 0, 1, 1, 0], [1, 0, 1, 0, 1, 0], [0, 1, 0, 1, 1, 0], [0, 1, 1, 1, 1, 0], [0, 0, 0, 0, 0, 3]], [[0, 0, 0, 1, 0, 0], [0, 0, 1, 1, 1, 0], [0, 1, 0, 1, 1, 0], [1, 1, 1, 1, 1, 0], [0, 1, 1, 1, 2, 0], [0, 0, 0, 0, 0, 4]], [[0, 0, 0, 0, 1, 0], [0, 1, 1, 1, 1, 0], [0, 1, 1, 1, 1, 0], [0, 1, 1, 1, 2, 0], [1, 1, 1, 2, 2, 0], [0, 0, 0, 0, 0, 5]], [[0, 0, 0, 0, 0, 1], [0, 0, 0, 0, 0, 3], [0, 0, 0, 0, 0, 3], [0, 0, 0, 0, 0, 4], [0, 0, 0, 0, 0, 5], [1, 3, 3, 4, 5, 28]]]]
[1260, [1, 1, 2, 2, 5, 35], [0, 1, 2, 3, 4, 5], [2, 5, 5, 14, 36, 1260], [[[1, 0, 0, 0, 0, 0], [0, 1, 0, 0, 0, 0], [0, 0, 1, 0, 0, 0], [0, 0, 0, 1, 0, 0], [0, 0, 0, 0, 1, 0], [0, 0, 0, 0, 0, 1]], [[0, 1, 0, 0, 0, 0], [1, 0, 0, 0, 0, 0], [0, 0, 1, 0, 0, 0], [0, 0, 0, 1, 0, 0], [0, 0, 0, 0, 1, 0], [0, 0, 0, 0, 0, 1]], [[0, 0, 1, 0, 0, 0], [0, 0, 1, 0, 0, 0], [1, 1, 0, 1, 0, 0], [0, 0, 1, 1, 0, 0], [0, 0, 0, 0, 2, 0], [0, 0, 0, 0, 0, 2]], [[0, 0, 0, 1, 0, 0], [0, 0, 0, 1, 0, 0], [0, 0, 1, 1, 0, 0], [1, 1, 1, 0, 0, 0], [0, 0, 0, 0, 2, 0], [0, 0, 0, 0, 0, 2]], [[0, 0, 0, 0, 1, 0], [0, 0, 0, 0, 1, 0], [0, 0, 0, 0, 2, 0], [0, 0, 0, 0, 2, 0], [1, 1, 2, 2, 3, 0], [0, 0, 0, 0, 0, 5]], [[0, 0, 0, 0, 0, 1], [0, 0, 0, 0, 0, 1], [0, 0, 0, 0, 0, 2], [0, 0, 0, 0, 0, 2], [0, 0, 0, 0, 0, 5], [1, 1, 2, 2, 5, 34]]]]
[2352, [1, 1, 1, 3, 6, 48], [0, 2, 1, 3, 4, 5], [3, 3, 4, 16, 49, 2352], [[[1, 0, 0, 0, 0, 0], [0, 1, 0, 0, 0, 0], [0, 0, 1, 0, 0, 0], [0, 0, 0, 1, 0, 0], [0, 0, 0, 0, 1, 0], [0, 0, 0, 0, 0, 1]], [[0, 1, 0, 0, 0, 0], [0, 0, 1, 0, 0, 0], [1, 0, 0, 0, 0, 0], [0, 0, 0, 1, 0, 0], [0, 0, 0, 0, 1, 0], [0, 0, 0, 0, 0, 1]], [[0, 0, 1, 0, 0, 0], [1, 0, 0, 0, 0, 0], [0, 1, 0, 0, 0, 0], [0, 0, 0, 1, 0, 0], [0, 0, 0, 0, 1, 0], [0, 0, 0, 0, 0, 1]], [[0, 0, 0, 1, 0, 0], [0, 0, 0, 1, 0, 0], [0, 0, 0, 1, 0, 0], [1, 1, 1, 2, 0, 0], [0, 0, 0, 0, 3, 0], [0, 0, 0, 0, 0, 3]], [[0, 0, 0, 0, 1, 0], [0, 0, 0, 0, 1, 0], [0, 0, 0, 0, 1, 0], [0, 0, 0, 0, 3, 0], [1, 1, 1, 3, 4, 0], [0, 0, 0, 0, 0, 6]], [[0, 0, 0, 0, 0, 1], [0, 0, 0, 0, 0, 1], [0, 0, 0, 0, 0, 1], [0, 0, 0, 0, 0, 3], [0, 0, 0, 0, 0, 6], [1, 1, 1, 3, 6, 47]]]]
[3570, [1, 1, 2, 6, 42, 42], [0, 1, 2, 3, 4, 5], [2, 3, 7, 85, 85, 3570], [[[1, 0, 0, 0, 0, 0], [0, 1, 0, 0, 0, 0], [0, 0, 1, 0, 0, 0], [0, 0, 0, 1, 0, 0], [0, 0, 0, 0, 1, 0], [0, 0, 0, 0, 0, 1]], [[0, 1, 0, 0, 0, 0], [1, 0, 0, 0, 0, 0], [0, 0, 1, 0, 0, 0], [0, 0, 0, 1, 0, 0], [0, 0, 0, 0, 1, 0], [0, 0, 0, 0, 0, 1]], [[0, 0, 1, 0, 0, 0], [0, 0, 1, 0, 0, 0], [1, 1, 1, 0, 0, 0], [0, 0, 0, 2, 0, 0], [0, 0, 0, 0, 2, 0], [0, 0, 0, 0, 0, 2]], [[0, 0, 0, 1, 0, 0], [0, 0, 0, 1, 0, 0], [0, 0, 0, 2, 0, 0], [1, 1, 2, 5, 0, 0], [0, 0, 0, 0, 6, 0], [0, 0, 0, 0, 0, 6]], [[0, 0, 0, 0, 1, 0], [0, 0, 0, 0, 1, 0], [0, 0, 0, 0, 2, 0], [0, 0, 0, 0, 6, 0], [1, 1, 2, 6, 20, 21], [0, 0, 0, 0, 21, 21]], [[0, 0, 0, 0, 0, 1], [0, 0, 0, 0, 0, 1], [0, 0, 0, 0, 0, 2], [0, 0, 0, 0, 0, 6], [0, 0, 0, 0, 21, 21], [1, 1, 2, 6, 21, 20]]]]
[3660, [1, 3, 3, 4, 5, 60], [0, 1, 2, 3, 4, 5], [3, 4, 5, 5, 61, 3660], [[[1, 0, 0, 0, 0, 0], [0, 1, 0, 0, 0, 0], [0, 0, 1, 0, 0, 0], [0, 0, 0, 1, 0, 0], [0, 0, 0, 0, 1, 0], [0, 0, 0, 0, 0, 1]], [[0, 1, 0, 0, 0, 0], [1, 1, 0, 0, 1, 0], [0, 0, 0, 1, 1, 0], [0, 0, 1, 1, 1, 0], [0, 1, 1, 1, 1, 0], [0, 0, 0, 0, 0, 3]], [[0, 0, 1, 0, 0, 0], [0, 0, 0, 1, 1, 0], [1, 0, 1, 0, 1, 0], [0, 1, 0, 1, 1, 0], [0, 1, 1, 1, 1, 0], [0, 0, 0, 0, 0, 3]], [[0, 0, 0, 1, 0, 0], [0, 0, 1, 1, 1, 0], [0, 1, 0, 1, 1, 0], [1, 1, 1, 1, 1, 0], [0, 1, 1, 1, 2, 0], [0, 0, 0, 0, 0, 4]], [[0, 0, 0, 0, 1, 0], [0, 1, 1, 1, 1, 0], [0, 1, 1, 1, 1, 0], [0, 1, 1, 1, 2, 0], [1, 1, 1, 2, 2, 0], [0, 0, 0, 0, 0, 5]], [[0, 0, 0, 0, 0, 1], [0, 0, 0, 0, 0, 3], [0, 0, 0, 0, 0, 3], [0, 0, 0, 0, 0, 4], [0, 0, 0, 0, 0, 5], [1, 3, 3, 4, 5, 59]]]]
[3840, [1, 1, 2, 3, 15, 60], [0, 1, 2, 3, 4, 5], [2, 3, 10, 16, 256, 3840], [[[1, 0, 0, 0, 0, 0], [0, 1, 0, 0, 0, 0], [0, 0, 1, 0, 0, 0], [0, 0, 0, 1, 0, 0], [0, 0, 0, 0, 1, 0], [0, 0, 0, 0, 0, 1]], [[0, 1, 0, 0, 0, 0], [1, 0, 0, 0, 0, 0], [0, 0, 1, 0, 0, 0], [0, 0, 0, 1, 0, 0], [0, 0, 0, 0, 1, 0], [0, 0, 0, 0, 0, 1]], [[0, 0, 1, 0, 0, 0], [0, 0, 1, 0, 0, 0], [1, 1, 1, 0, 0, 0], [0, 0, 0, 2, 0, 0], [0, 0, 0, 0, 2, 0], [0, 0, 0, 0, 0, 2]], [[0, 0, 0, 1, 0, 0], [0, 0, 0, 1, 0, 0], [0, 0, 0, 2, 0, 0], [1, 1, 2, 1, 0, 0], [0, 0, 0, 0, 3, 0], [0, 0, 0, 0, 0, 3]], [[0, 0, 0, 0, 1, 0], [0, 0, 0, 0, 1, 0], [0, 0, 0, 0, 2, 0], [0, 0, 0, 0, 3, 0], [1, 1, 2, 3, 14, 0], [0, 0, 0, 0, 0, 15]], [[0, 0, 0, 0, 0, 1], [0, 0, 0, 0, 0, 1], [0, 0, 0, 0, 0, 2], [0, 0, 0, 0, 0, 3], [0, 0, 0, 0, 0, 15], [1, 1, 2, 3, 15, 56]]]]
[5040, [1, 1, 5, 7, 8, 70], [0, 1, 2, 3, 4, 5], [2, 4, 7, 10, 144, 5040], [[[1, 0, 0, 0, 0, 0], [0, 1, 0, 0, 0, 0], [0, 0, 1, 0, 0, 0], [0, 0, 0, 1, 0, 0], [0, 0, 0, 0, 1, 0], [0, 0, 0, 0, 0, 1]], [[0, 1, 0, 0, 0, 0], [1, 0, 0, 0, 0, 0], [0, 0, 1, 0, 0, 0], [0, 0, 0, 1, 0, 0], [0, 0, 0, 0, 1, 0], [0, 0, 0, 0, 0, 1]], [[0, 0, 1, 0, 0, 0], [0, 0, 1, 0, 0, 0], [1, 1, 0, 1, 2, 0], [0, 0, 1, 2, 2, 0], [0, 0, 2, 2, 2, 0], [0, 0, 0, 0, 0, 5]], [[0, 0, 0, 1, 0, 0], [0, 0, 0, 1, 0, 0], [0, 0, 1, 2, 2, 0], [1, 1, 2, 3, 2, 0], [0, 0, 2, 2, 4, 0], [0, 0, 0, 0, 0, 7]], [[0, 0, 0, 0, 1, 0], [0, 0, 0, 0, 1, 0], [0, 0, 2, 2, 2, 0], [0, 0, 2, 2, 4, 0], [1, 1, 2, 4, 3, 0], [0, 0, 0, 0, 0, 8]], [[0, 0, 0, 0, 0, 1], [0, 0, 0, 0, 0, 1], [0, 0, 0, 0, 0, 5], [0, 0, 0, 0, 0, 7], [0, 0, 0, 0, 0, 8], [1, 1, 5, 7, 8, 68]]]]
[6162, [1, 1, 2, 6, 6, 78], [0, 1, 2, 3, 4, 5], [2, 3, 13, 13, 79, 6162], [[[1, 0, 0, 0, 0, 0], [0, 1, 0, 0, 0, 0], [0, 0, 1, 0, 0, 0], [0, 0, 0, 1, 0, 0], [0, 0, 0, 0, 1, 0], [0, 0, 0, 0, 0, 1]], [[0, 1, 0, 0, 0, 0], [1, 0, 0, 0, 0, 0], [0, 0, 1, 0, 0, 0], [0, 0, 0, 1, 0, 0], [0, 0, 0, 0, 1, 0], [0, 0, 0, 0, 0, 1]], [[0, 0, 1, 0, 0, 0], [0, 0, 1, 0, 0, 0], [1, 1, 1, 0, 0, 0], [0, 0, 0, 2, 0, 0], [0, 0, 0, 0, 2, 0], [0, 0, 0, 0, 0, 2]], [[0, 0, 0, 1, 0, 0], [0, 0, 0, 1, 0, 0], [0, 0, 0, 2, 0, 0], [1, 1, 2, 2, 3, 0], [0, 0, 0, 3, 3, 0], [0, 0, 0, 0, 0, 6]], [[0, 0, 0, 0, 1, 0], [0, 0, 0, 0, 1, 0], [0, 0, 0, 0, 2, 0], [0, 0, 0, 3, 3, 0], [1, 1, 2, 3, 2, 0], [0, 0, 0, 0, 0, 6]], [[0, 0, 0, 0, 0, 1], [0, 0, 0, 0, 0, 1], [0, 0, 0, 0, 0, 2], [0, 0, 0, 0, 0, 6], [0, 0, 0, 0, 0, 6], [1, 1, 2, 6, 6, 77]]]]
[6240, [1, 1, 1, 3, 12, 78], [0, 2, 1, 3, 4, 5], [3, 3, 4, 13, 160, 6240], [[[1, 0, 0, 0, 0, 0], [0, 1, 0, 0, 0, 0], [0, 0, 1, 0, 0, 0], [0, 0, 0, 1, 0, 0], [0, 0, 0, 0, 1, 0], [0, 0, 0, 0, 0, 1]], [[0, 1, 0, 0, 0, 0], [0, 0, 1, 0, 0, 0], [1, 0, 0, 0, 0, 0], [0, 0, 0, 1, 0, 0], [0, 0, 0, 0, 1, 0], [0, 0, 0, 0, 0, 1]], [[0, 0, 1, 0, 0, 0], [1, 0, 0, 0, 0, 0], [0, 1, 0, 0, 0, 0], [0, 0, 0, 1, 0, 0], [0, 0, 0, 0, 1, 0], [0, 0, 0, 0, 0, 1]], [[0, 0, 0, 1, 0, 0], [0, 0, 0, 1, 0, 0], [0, 0, 0, 1, 0, 0], [1, 1, 1, 2, 0, 0], [0, 0, 0, 0, 3, 0], [0, 0, 0, 0, 0, 3]], [[0, 0, 0, 0, 1, 0], [0, 0, 0, 0, 1, 0], [0, 0, 0, 0, 1, 0], [0, 0, 0, 0, 3, 0], [1, 1, 1, 3, 11, 0], [0, 0, 0, 0, 0, 12]], [[0, 0, 0, 0, 0, 1], [0, 0, 0, 0, 0, 1], [0, 0, 0, 0, 0, 1], [0, 0, 0, 0, 0, 3], [0, 0, 0, 0, 0, 12], [1, 1, 1, 3, 12, 76]]]]
[12210, [1, 1, 2, 2, 10, 110], [0, 1, 2, 3, 4, 5], [2, 5, 5, 11, 111, 12210], [[[1, 0, 0, 0, 0, 0], [0, 1, 0, 0, 0, 0], [0, 0, 1, 0, 0, 0], [0, 0, 0, 1, 0, 0], [0, 0, 0, 0, 1, 0], [0, 0, 0, 0, 0, 1]], [[0, 1, 0, 0, 0, 0], [1, 0, 0, 0, 0, 0], [0, 0, 1, 0, 0, 0], [0, 0, 0, 1, 0, 0], [0, 0, 0, 0, 1, 0], [0, 0, 0, 0, 0, 1]], [[0, 0, 1, 0, 0, 0], [0, 0, 1, 0, 0, 0], [1, 1, 0, 1, 0, 0], [0, 0, 1, 1, 0, 0], [0, 0, 0, 0, 2, 0], [0, 0, 0, 0, 0, 2]], [[0, 0, 0, 1, 0, 0], [0, 0, 0, 1, 0, 0], [0, 0, 1, 1, 0, 0], [1, 1, 1, 0, 0, 0], [0, 0, 0, 0, 2, 0], [0, 0, 0, 0, 0, 2]], [[0, 0, 0, 0, 1, 0], [0, 0, 0, 0, 1, 0], [0, 0, 0, 0, 2, 0], [0, 0, 0, 0, 2, 0], [1, 1, 2, 2, 9, 0], [0, 0, 0, 0, 0, 10]], [[0, 0, 0, 0, 0, 1], [0, 0, 0, 0, 0, 1], [0, 0, 0, 0, 0, 2], [0, 0, 0, 0, 0, 2], [0, 0, 0, 0, 0, 10], [1, 1, 2, 2, 10, 109]]]]
[14640, [1, 1, 2, 3, 15, 120], [0, 1, 2, 3, 4, 5], [2, 3, 10, 16, 244, 14640], [[[1, 0, 0, 0, 0, 0], [0, 1, 0, 0, 0, 0], [0, 0, 1, 0, 0, 0], [0, 0, 0, 1, 0, 0], [0, 0, 0, 0, 1, 0], [0, 0, 0, 0, 0, 1]], [[0, 1, 0, 0, 0, 0], [1, 0, 0, 0, 0, 0], [0, 0, 1, 0, 0, 0], [0, 0, 0, 1, 0, 0], [0, 0, 0, 0, 1, 0], [0, 0, 0, 0, 0, 1]], [[0, 0, 1, 0, 0, 0], [0, 0, 1, 0, 0, 0], [1, 1, 1, 0, 0, 0], [0, 0, 0, 2, 0, 0], [0, 0, 0, 0, 2, 0], [0, 0, 0, 0, 0, 2]], [[0, 0, 0, 1, 0, 0], [0, 0, 0, 1, 0, 0], [0, 0, 0, 2, 0, 0], [1, 1, 2, 1, 0, 0], [0, 0, 0, 0, 3, 0], [0, 0, 0, 0, 0, 3]], [[0, 0, 0, 0, 1, 0], [0, 0, 0, 0, 1, 0], [0, 0, 0, 0, 2, 0], [0, 0, 0, 0, 3, 0], [1, 1, 2, 3, 14, 0], [0, 0, 0, 0, 0, 15]], [[0, 0, 0, 0, 0, 1], [0, 0, 0, 0, 0, 1], [0, 0, 0, 0, 0, 2], [0, 0, 0, 0, 0, 3], [0, 0, 0, 0, 0, 15], [1, 1, 2, 3, 15, 118]]]]
[24492, [1, 1, 1, 3, 12, 156], [0, 2, 1, 3, 4, 5], [3, 3, 4, 13, 157, 24492], [[[1, 0, 0, 0, 0, 0], [0, 1, 0, 0, 0, 0], [0, 0, 1, 0, 0, 0], [0, 0, 0, 1, 0, 0], [0, 0, 0, 0, 1, 0], [0, 0, 0, 0, 0, 1]], [[0, 1, 0, 0, 0, 0], [0, 0, 1, 0, 0, 0], [1, 0, 0, 0, 0, 0], [0, 0, 0, 1, 0, 0], [0, 0, 0, 0, 1, 0], [0, 0, 0, 0, 0, 1]], [[0, 0, 1, 0, 0, 0], [1, 0, 0, 0, 0, 0], [0, 1, 0, 0, 0, 0], [0, 0, 0, 1, 0, 0], [0, 0, 0, 0, 1, 0], [0, 0, 0, 0, 0, 1]], [[0, 0, 0, 1, 0, 0], [0, 0, 0, 1, 0, 0], [0, 0, 0, 1, 0, 0], [1, 1, 1, 2, 0, 0], [0, 0, 0, 0, 3, 0], [0, 0, 0, 0, 0, 3]], [[0, 0, 0, 0, 1, 0], [0, 0, 0, 0, 1, 0], [0, 0, 0, 0, 1, 0], [0, 0, 0, 0, 3, 0], [1, 1, 1, 3, 11, 0], [0, 0, 0, 0, 0, 12]], [[0, 0, 0, 0, 0, 1], [0, 0, 0, 0, 0, 1], [0, 0, 0, 0, 0, 1], [0, 0, 0, 0, 0, 3], [0, 0, 0, 0, 0, 12], [1, 1, 1, 3, 12, 155]]]]
[57840, [1, 1, 2, 3, 15, 240], [0, 1, 2, 3, 4, 5], [2, 3, 10, 16, 241, 57840], [[[1, 0, 0, 0, 0, 0], [0, 1, 0, 0, 0, 0], [0, 0, 1, 0, 0, 0], [0, 0, 0, 1, 0, 0], [0, 0, 0, 0, 1, 0], [0, 0, 0, 0, 0, 1]], [[0, 1, 0, 0, 0, 0], [1, 0, 0, 0, 0, 0], [0, 0, 1, 0, 0, 0], [0, 0, 0, 1, 0, 0], [0, 0, 0, 0, 1, 0], [0, 0, 0, 0, 0, 1]], [[0, 0, 1, 0, 0, 0], [0, 0, 1, 0, 0, 0], [1, 1, 1, 0, 0, 0], [0, 0, 0, 2, 0, 0], [0, 0, 0, 0, 2, 0], [0, 0, 0, 0, 0, 2]], [[0, 0, 0, 1, 0, 0], [0, 0, 0, 1, 0, 0], [0, 0, 0, 2, 0, 0], [1, 1, 2, 1, 0, 0], [0, 0, 0, 0, 3, 0], [0, 0, 0, 0, 0, 3]], [[0, 0, 0, 0, 1, 0], [0, 0, 0, 0, 1, 0], [0, 0, 0, 0, 2, 0], [0, 0, 0, 0, 3, 0], [1, 1, 2, 3, 14, 0], [0, 0, 0, 0, 0, 15]], [[0, 0, 0, 0, 0, 1], [0, 0, 0, 0, 0, 1], [0, 0, 0, 0, 0, 2], [0, 0, 0, 0, 0, 3], [0, 0, 0, 0, 0, 15], [1, 1, 2, 3, 15, 239]]]]
[233772, [1, 1, 2, 6, 21, 483], [0, 1, 2, 3, 4, 5], [2, 3, 7, 46, 484, 233772], [[[1, 0, 0, 0, 0, 0], [0, 1, 0, 0, 0, 0], [0, 0, 1, 0, 0, 0], [0, 0, 0, 1, 0, 0], [0, 0, 0, 0, 1, 0], [0, 0, 0, 0, 0, 1]], [[0, 1, 0, 0, 0, 0], [1, 0, 0, 0, 0, 0], [0, 0, 1, 0, 0, 0], [0, 0, 0, 1, 0, 0], [0, 0, 0, 0, 1, 0], [0, 0, 0, 0, 0, 1]], [[0, 0, 1, 0, 0, 0], [0, 0, 1, 0, 0, 0], [1, 1, 1, 0, 0, 0], [0, 0, 0, 2, 0, 0], [0, 0, 0, 0, 2, 0], [0, 0, 0, 0, 0, 2]], [[0, 0, 0, 1, 0, 0], [0, 0, 0, 1, 0, 0], [0, 0, 0, 2, 0, 0], [1, 1, 2, 5, 0, 0], [0, 0, 0, 0, 6, 0], [0, 0, 0, 0, 0, 6]], [[0, 0, 0, 0, 1, 0], [0, 0, 0, 0, 1, 0], [0, 0, 0, 0, 2, 0], [0, 0, 0, 0, 6, 0], [1, 1, 2, 6, 19, 0], [0, 0, 0, 0, 0, 21]], [[0, 0, 0, 0, 0, 1], [0, 0, 0, 0, 0, 1], [0, 0, 0, 0, 0, 2], [0, 0, 0, 0, 0, 6], [0, 0, 0, 0, 0, 21], [1, 1, 2, 6, 21, 482]]]]
[3263442, [1, 1, 2, 6, 42, 1806], [0, 1, 2, 3, 4, 5], [2, 3, 7, 43, 1807, 3263442], [[[1, 0, 0, 0, 0, 0], [0, 1, 0, 0, 0, 0], [0, 0, 1, 0, 0, 0], [0, 0, 0, 1, 0, 0], [0, 0, 0, 0, 1, 0], [0, 0, 0, 0, 0, 1]], [[0, 1, 0, 0, 0, 0], [1, 0, 0, 0, 0, 0], [0, 0, 1, 0, 0, 0], [0, 0, 0, 1, 0, 0], [0, 0, 0, 0, 1, 0], [0, 0, 0, 0, 0, 1]], [[0, 0, 1, 0, 0, 0], [0, 0, 1, 0, 0, 0], [1, 1, 1, 0, 0, 0], [0, 0, 0, 2, 0, 0], [0, 0, 0, 0, 2, 0], [0, 0, 0, 0, 0, 2]], [[0, 0, 0, 1, 0, 0], [0, 0, 0, 1, 0, 0], [0, 0, 0, 2, 0, 0], [1, 1, 2, 5, 0, 0], [0, 0, 0, 0, 6, 0], [0, 0, 0, 0, 0, 6]], [[0, 0, 0, 0, 1, 0], [0, 0, 0, 0, 1, 0], [0, 0, 0, 0, 2, 0], [0, 0, 0, 0, 6, 0], [1, 1, 2, 6, 41, 0], [0, 0, 0, 0, 0, 42]], [[0, 0, 0, 0, 0, 1], [0, 0, 0, 0, 0, 1], [0, 0, 0, 0, 0, 2], [0, 0, 0, 0, 0, 6], [0, 0, 0, 0, 0, 42], [1, 1, 2, 6, 42, 1805]]]]
