Comprehensive classification of integral Drinfeld rings up to rank 5
#items = 29

Here is how to read each item: [FPdim, type, duality, formal codegrees, fusion data]

- Rank 1 (#1):
[[1,[1],[0],[1],[[[1]]]]

- Rank 2 (#1):
[2, [1, 1], [0, 1], [2, 2], [[[1, 0], [0, 1]], [[0, 1], [1, 0]]]]

- Rank 3 (#2):
[3, [1, 1, 1], [0, 2, 1], [3, 3, 3], [[[1, 0, 0], [0, 1, 0], [0, 0, 1]], [[0, 1, 0], [0, 0, 1], [1, 0, 0]], [[0, 0, 1], [1, 0, 0], [0, 1, 0]]]]
[6, [1, 1, 2], [0, 1, 2], [2, 3, 6], [[[1, 0, 0], [0, 1, 0], [0, 0, 1]], [[0, 1, 0], [1, 0, 0], [0, 0, 1]], [[0, 0, 1], [0, 0, 1], [1, 1, 1]]]]

- Rank 4 (#5):
[4, [1, 1, 1, 1], [0, 1, 2, 3], [4, 4, 4, 4], [[[1, 0, 0, 0], [0, 1, 0, 0], [0, 0, 1, 0], [0, 0, 0, 1]], [[0, 1, 0, 0], [1, 0, 0, 0], [0, 0, 0, 1], [0, 0, 1, 0]], [[0, 0, 1, 0], [0, 0, 0, 1], [1, 0, 0, 0], [0, 1, 0, 0]], [[0, 0, 0, 1], [0, 0, 1, 0], [0, 1, 0, 0], [1, 0, 0, 0]]]]
[4, [1, 1, 1, 1], [0, 1, 3, 2], [4, 4, 4, 4], [[[1, 0, 0, 0], [0, 1, 0, 0], [0, 0, 1, 0], [0, 0, 0, 1]], [[0, 1, 0, 0], [1, 0, 0, 0], [0, 0, 0, 1], [0, 0, 1, 0]], [[0, 0, 1, 0], [0, 0, 0, 1], [0, 1, 0, 0], [1, 0, 0, 0]], [[0, 0, 0, 1], [0, 0, 1, 0], [1, 0, 0, 0], [0, 1, 0, 0]]]]
[10, [1, 1, 2, 2], [0, 1, 2, 3], [2, 5, 5, 10], [[[1, 0, 0, 0], [0, 1, 0, 0], [0, 0, 1, 0], [0, 0, 0, 1]], [[0, 1, 0, 0], [1, 0, 0, 0], [0, 0, 1, 0], [0, 0, 0, 1]], [[0, 0, 1, 0], [0, 0, 1, 0], [1, 1, 0, 1], [0, 0, 1, 1]], [[0, 0, 0, 1], [0, 0, 0, 1], [0, 0, 1, 1], [1, 1, 1, 0]]]]
[12, [1, 1, 1, 3], [0, 2, 1, 3], [3, 3, 4, 12], [[[1, 0, 0, 0], [0, 1, 0, 0], [0, 0, 1, 0], [0, 0, 0, 1]], [[0, 1, 0, 0], [0, 0, 1, 0], [1, 0, 0, 0], [0, 0, 0, 1]], [[0, 0, 1, 0], [1, 0, 0, 0], [0, 1, 0, 0], [0, 0, 0, 1]], [[0, 0, 0, 1], [0, 0, 0, 1], [0, 0, 0, 1], [1, 1, 1, 2]]]]
[42, [1, 1, 2, 6], [0, 1, 2, 3], [2, 3, 7, 42], [[[1, 0, 0, 0], [0, 1, 0, 0], [0, 0, 1, 0], [0, 0, 0, 1]], [[0, 1, 0, 0], [1, 0, 0, 0], [0, 0, 1, 0], [0, 0, 0, 1]], [[0, 0, 1, 0], [0, 0, 1, 0], [1, 1, 1, 0], [0, 0, 0, 2]], [[0, 0, 0, 1], [0, 0, 0, 1], [0, 0, 0, 2], [1, 1, 2, 5]]]]

- Rank 5 (#20):
[5, [1, 1, 1, 1, 1], [0, 4, 3, 2, 1], [5, 5, 5, 5, 5], [[[1, 0, 0, 0, 0], [0, 1, 0, 0, 0], [0, 0, 1, 0, 0], [0, 0, 0, 1, 0], [0, 0, 0, 0, 1]], [[0, 1, 0, 0, 0], [0, 0, 0, 1, 0], [0, 0, 0, 0, 1], [0, 0, 1, 0, 0], [1, 0, 0, 0, 0]], [[0, 0, 1, 0, 0], [0, 0, 0, 0, 1], [0, 1, 0, 0, 0], [1, 0, 0, 0, 0], [0, 0, 0, 1, 0]], [[0, 0, 0, 1, 0], [0, 0, 1, 0, 0], [1, 0, 0, 0, 0], [0, 0, 0, 0, 1], [0, 1, 0, 0, 0]], [[0, 0, 0, 0, 1], [1, 0, 0, 0, 0], [0, 0, 0, 1, 0], [0, 1, 0, 0, 0], [0, 0, 1, 0, 0]]]]
[8, [1, 1, 1, 1, 2], [0, 1, 2, 3, 4], [4, 4, 4, 8, 8], [[[1, 0, 0, 0, 0], [0, 1, 0, 0, 0], [0, 0, 1, 0, 0], [0, 0, 0, 1, 0], [0, 0, 0, 0, 1]], [[0, 1, 0, 0, 0], [1, 0, 0, 0, 0], [0, 0, 0, 1, 0], [0, 0, 1, 0, 0], [0, 0, 0, 0, 1]], [[0, 0, 1, 0, 0], [0, 0, 0, 1, 0], [1, 0, 0, 0, 0], [0, 1, 0, 0, 0], [0, 0, 0, 0, 1]], [[0, 0, 0, 1, 0], [0, 0, 1, 0, 0], [0, 1, 0, 0, 0], [1, 0, 0, 0, 0], [0, 0, 0, 0, 1]], [[0, 0, 0, 0, 1], [0, 0, 0, 0, 1], [0, 0, 0, 0, 1], [0, 0, 0, 0, 1], [1, 1, 1, 1, 0]]]]
[8, [1, 1, 1, 1, 2], [0, 1, 3, 2, 4], [4, 4, 4, 8, 8], [[[1, 0, 0, 0, 0], [0, 1, 0, 0, 0], [0, 0, 1, 0, 0], [0, 0, 0, 1, 0], [0, 0, 0, 0, 1]], [[0, 1, 0, 0, 0], [1, 0, 0, 0, 0], [0, 0, 0, 1, 0], [0, 0, 1, 0, 0], [0, 0, 0, 0, 1]], [[0, 0, 1, 0, 0], [0, 0, 0, 1, 0], [0, 1, 0, 0, 0], [1, 0, 0, 0, 0], [0, 0, 0, 0, 1]], [[0, 0, 0, 1, 0], [0, 0, 1, 0, 0], [1, 0, 0, 0, 0], [0, 1, 0, 0, 0], [0, 0, 0, 0, 1]], [[0, 0, 0, 0, 1], [0, 0, 0, 0, 1], [0, 0, 0, 0, 1], [0, 0, 0, 0, 1], [1, 1, 1, 1, 0]]]]
[14, [1, 1, 2, 2, 2], [0, 1, 2, 3, 4], [2, 7, 7, 7, 14], [[[1, 0, 0, 0, 0], [0, 1, 0, 0, 0], [0, 0, 1, 0, 0], [0, 0, 0, 1, 0], [0, 0, 0, 0, 1]], [[0, 1, 0, 0, 0], [1, 0, 0, 0, 0], [0, 0, 1, 0, 0], [0, 0, 0, 1, 0], [0, 0, 0, 0, 1]], [[0, 0, 1, 0, 0], [0, 0, 1, 0, 0], [1, 1, 0, 0, 1], [0, 0, 0, 1, 1], [0, 0, 1, 1, 0]], [[0, 0, 0, 1, 0], [0, 0, 0, 1, 0], [0, 0, 0, 1, 1], [1, 1, 1, 0, 0], [0, 0, 1, 0, 1]], [[0, 0, 0, 0, 1], [0, 0, 0, 0, 1], [0, 0, 1, 1, 0], [0, 0, 1, 0, 1], [1, 1, 0, 1, 0]]]]
[20, [1, 1, 1, 1, 4], [0, 1, 2, 3, 4], [4, 4, 4, 5, 20], [[[1, 0, 0, 0, 0], [0, 1, 0, 0, 0], [0, 0, 1, 0, 0], [0, 0, 0, 1, 0], [0, 0, 0, 0, 1]], [[0, 1, 0, 0, 0], [1, 0, 0, 0, 0], [0, 0, 0, 1, 0], [0, 0, 1, 0, 0], [0, 0, 0, 0, 1]], [[0, 0, 1, 0, 0], [0, 0, 0, 1, 0], [1, 0, 0, 0, 0], [0, 1, 0, 0, 0], [0, 0, 0, 0, 1]], [[0, 0, 0, 1, 0], [0, 0, 1, 0, 0], [0, 1, 0, 0, 0], [1, 0, 0, 0, 0], [0, 0, 0, 0, 1]], [[0, 0, 0, 0, 1], [0, 0, 0, 0, 1], [0, 0, 0, 0, 1], [0, 0, 0, 0, 1], [1, 1, 1, 1, 3]]]]
[20, [1, 1, 1, 1, 4], [0, 1, 3, 2, 4], [4, 4, 4, 5, 20], [[[1, 0, 0, 0, 0], [0, 1, 0, 0, 0], [0, 0, 1, 0, 0], [0, 0, 0, 1, 0], [0, 0, 0, 0, 1]], [[0, 1, 0, 0, 0], [1, 0, 0, 0, 0], [0, 0, 0, 1, 0], [0, 0, 1, 0, 0], [0, 0, 0, 0, 1]], [[0, 0, 1, 0, 0], [0, 0, 0, 1, 0], [0, 1, 0, 0, 0], [1, 0, 0, 0, 0], [0, 0, 0, 0, 1]], [[0, 0, 0, 1, 0], [0, 0, 1, 0, 0], [1, 0, 0, 0, 0], [0, 1, 0, 0, 0], [0, 0, 0, 0, 1]], [[0, 0, 0, 0, 1], [0, 0, 0, 0, 1], [0, 0, 0, 0, 1], [0, 0, 0, 0, 1], [1, 1, 1, 1, 3]]]]
[21, [1, 1, 1, 3, 3], [0, 2, 1, 4, 3], [3, 3, 7, 7, 21], [[[1, 0, 0, 0, 0], [0, 1, 0, 0, 0], [0, 0, 1, 0, 0], [0, 0, 0, 1, 0], [0, 0, 0, 0, 1]], [[0, 1, 0, 0, 0], [0, 0, 1, 0, 0], [1, 0, 0, 0, 0], [0, 0, 0, 1, 0], [0, 0, 0, 0, 1]], [[0, 0, 1, 0, 0], [1, 0, 0, 0, 0], [0, 1, 0, 0, 0], [0, 0, 0, 1, 0], [0, 0, 0, 0, 1]], [[0, 0, 0, 1, 0], [0, 0, 0, 1, 0], [0, 0, 0, 1, 0], [0, 0, 0, 1, 2], [1, 1, 1, 1, 1]], [[0, 0, 0, 0, 1], [0, 0, 0, 0, 1], [0, 0, 0, 0, 1], [1, 1, 1, 1, 1], [0, 0, 0, 2, 1]]]]
[24, [1, 1, 2, 3, 3], [0, 1, 2, 3, 4], [3, 4, 4, 8, 24], [[[1, 0, 0, 0, 0], [0, 1, 0, 0, 0], [0, 0, 1, 0, 0], [0, 0, 0, 1, 0], [0, 0, 0, 0, 1]], [[0, 1, 0, 0, 0], [1, 0, 0, 0, 0], [0, 0, 1, 0, 0], [0, 0, 0, 0, 1], [0, 0, 0, 1, 0]], [[0, 0, 1, 0, 0], [0, 0, 1, 0, 0], [1, 1, 1, 0, 0], [0, 0, 0, 1, 1], [0, 0, 0, 1, 1]], [[0, 0, 0, 1, 0], [0, 0, 0, 0, 1], [0, 0, 0, 1, 1], [1, 0, 1, 1, 1], [0, 1, 1, 1, 1]], [[0, 0, 0, 0, 1], [0, 0, 0, 1, 0], [0, 0, 0, 1, 1], [0, 1, 1, 1, 1], [1, 0, 1, 1, 1]]]]
[24, [1, 1, 2, 3, 3], [0, 1, 2, 4, 3], [3, 4, 4, 8, 24], [[[1, 0, 0, 0, 0], [0, 1, 0, 0, 0], [0, 0, 1, 0, 0], [0, 0, 0, 1, 0], [0, 0, 0, 0, 1]], [[0, 1, 0, 0, 0], [1, 0, 0, 0, 0], [0, 0, 1, 0, 0], [0, 0, 0, 0, 1], [0, 0, 0, 1, 0]], [[0, 0, 1, 0, 0], [0, 0, 1, 0, 0], [1, 1, 1, 0, 0], [0, 0, 0, 1, 1], [0, 0, 0, 1, 1]], [[0, 0, 0, 1, 0], [0, 0, 0, 0, 1], [0, 0, 0, 1, 1], [0, 1, 1, 1, 1], [1, 0, 1, 1, 1]], [[0, 0, 0, 0, 1], [0, 0, 0, 1, 0], [0, 0, 0, 1, 1], [1, 0, 1, 1, 1], [0, 1, 1, 1, 1]]]]
[48, [1, 1, 1, 3, 6], [0, 2, 1, 3, 4], [3, 3, 4, 16, 48], [[[1, 0, 0, 0, 0], [0, 1, 0, 0, 0], [0, 0, 1, 0, 0], [0, 0, 0, 1, 0], [0, 0, 0, 0, 1]], [[0, 1, 0, 0, 0], [0, 0, 1, 0, 0], [1, 0, 0, 0, 0], [0, 0, 0, 1, 0], [0, 0, 0, 0, 1]], [[0, 0, 1, 0, 0], [1, 0, 0, 0, 0], [0, 1, 0, 0, 0], [0, 0, 0, 1, 0], [0, 0, 0, 0, 1]], [[0, 0, 0, 1, 0], [0, 0, 0, 1, 0], [0, 0, 0, 1, 0], [1, 1, 1, 2, 0], [0, 0, 0, 0, 3]], [[0, 0, 0, 0, 1], [0, 0, 0, 0, 1], [0, 0, 0, 0, 1], [0, 0, 0, 0, 3], [1, 1, 1, 3, 4]]]]
[60, [1, 3, 3, 4, 5], [0, 1, 2, 3, 4], [3, 4, 5, 5, 60], [[[1, 0, 0, 0, 0], [0, 1, 0, 0, 0], [0, 0, 1, 0, 0], [0, 0, 0, 1, 0], [0, 0, 0, 0, 1]], [[0, 1, 0, 0, 0], [1, 1, 0, 0, 1], [0, 0, 0, 1, 1], [0, 0, 1, 1, 1], [0, 1, 1, 1, 1]], [[0, 0, 1, 0, 0], [0, 0, 0, 1, 1], [1, 0, 1, 0, 1], [0, 1, 0, 1, 1], [0, 1, 1, 1, 1]], [[0, 0, 0, 1, 0], [0, 0, 1, 1, 1], [0, 1, 0, 1, 1], [1, 1, 1, 1, 1], [0, 1, 1, 1, 2]], [[0, 0, 0, 0, 1], [0, 1, 1, 1, 1], [0, 1, 1, 1, 1], [0, 1, 1, 1, 2], [1, 1, 1, 2, 2]]]]
[70, [1, 1, 4, 4, 6], [0, 1, 3, 2, 4], [2, 5, 7, 7, 70], [[[1, 0, 0, 0, 0], [0, 1, 0, 0, 0], [0, 0, 1, 0, 0], [0, 0, 0, 1, 0], [0, 0, 0, 0, 1]], [[0, 1, 0, 0, 0], [1, 0, 0, 0, 0], [0, 0, 1, 0, 0], [0, 0, 0, 1, 0], [0, 0, 0, 0, 1]], [[0, 0, 1, 0, 0], [0, 0, 1, 0, 0], [0, 0, 1, 0, 2], [1, 1, 1, 1, 1], [0, 0, 1, 2, 2]], [[0, 0, 0, 1, 0], [0, 0, 0, 1, 0], [1, 1, 1, 1, 1], [0, 0, 0, 1, 2], [0, 0, 2, 1, 2]], [[0, 0, 0, 0, 1], [0, 0, 0, 0, 1], [0, 0, 1, 2, 2], [0, 0, 2, 1, 2], [1, 1, 2, 2, 3]]]]
[78, [1, 1, 2, 6, 6], [0, 1, 2, 3, 4], [2, 3, 13, 13, 78], [[[1, 0, 0, 0, 0], [0, 1, 0, 0, 0], [0, 0, 1, 0, 0], [0, 0, 0, 1, 0], [0, 0, 0, 0, 1]], [[0, 1, 0, 0, 0], [1, 0, 0, 0, 0], [0, 0, 1, 0, 0], [0, 0, 0, 1, 0], [0, 0, 0, 0, 1]], [[0, 0, 1, 0, 0], [0, 0, 1, 0, 0], [1, 1, 1, 0, 0], [0, 0, 0, 2, 0], [0, 0, 0, 0, 2]], [[0, 0, 0, 1, 0], [0, 0, 0, 1, 0], [0, 0, 0, 2, 0], [1, 1, 2, 2, 3], [0, 0, 0, 3, 3]], [[0, 0, 0, 0, 1], [0, 0, 0, 0, 1], [0, 0, 0, 0, 2], [0, 0, 0, 3, 3], [1, 1, 2, 3, 2]]]]
[110, [1, 1, 2, 2, 10], [0, 1, 2, 3, 4], [2, 5, 5, 11, 110], [[[1, 0, 0, 0, 0], [0, 1, 0, 0, 0], [0, 0, 1, 0, 0], [0, 0, 0, 1, 0], [0, 0, 0, 0, 1]], [[0, 1, 0, 0, 0], [1, 0, 0, 0, 0], [0, 0, 1, 0, 0], [0, 0, 0, 1, 0], [0, 0, 0, 0, 1]], [[0, 0, 1, 0, 0], [0, 0, 1, 0, 0], [1, 1, 0, 1, 0], [0, 0, 1, 1, 0], [0, 0, 0, 0, 2]], [[0, 0, 0, 1, 0], [0, 0, 0, 1, 0], [0, 0, 1, 1, 0], [1, 1, 1, 0, 0], [0, 0, 0, 0, 2]], [[0, 0, 0, 0, 1], [0, 0, 0, 0, 1], [0, 0, 0, 0, 2], [0, 0, 0, 0, 2], [1, 1, 2, 2, 9]]]]
[120, [1, 1, 1, 6, 9], [0, 2, 1, 3, 4], [3, 3, 5, 8, 120], [[[1, 0, 0, 0, 0], [0, 1, 0, 0, 0], [0, 0, 1, 0, 0], [0, 0, 0, 1, 0], [0, 0, 0, 0, 1]], [[0, 1, 0, 0, 0], [0, 0, 1, 0, 0], [1, 0, 0, 0, 0], [0, 0, 0, 1, 0], [0, 0, 0, 0, 1]], [[0, 0, 1, 0, 0], [1, 0, 0, 0, 0], [0, 1, 0, 0, 0], [0, 0, 0, 1, 0], [0, 0, 0, 0, 1]], [[0, 0, 0, 1, 0], [0, 0, 0, 1, 0], [0, 0, 0, 1, 0], [1, 1, 1, 1, 3], [0, 0, 0, 3, 4]], [[0, 0, 0, 0, 1], [0, 0, 0, 0, 1], [0, 0, 0, 0, 1], [0, 0, 0, 3, 4], [1, 1, 1, 4, 6]]]]
[140, [1, 1, 5, 7, 8], [0, 1, 2, 3, 4], [2, 4, 7, 10, 140], [[[1, 0, 0, 0, 0], [0, 1, 0, 0, 0], [0, 0, 1, 0, 0], [0, 0, 0, 1, 0], [0, 0, 0, 0, 1]], [[0, 1, 0, 0, 0], [1, 0, 0, 0, 0], [0, 0, 1, 0, 0], [0, 0, 0, 1, 0], [0, 0, 0, 0, 1]], [[0, 0, 1, 0, 0], [0, 0, 1, 0, 0], [1, 1, 0, 1, 2], [0, 0, 1, 2, 2], [0, 0, 2, 2, 2]], [[0, 0, 0, 1, 0], [0, 0, 0, 1, 0], [0, 0, 1, 2, 2], [1, 1, 2, 3, 2], [0, 0, 2, 2, 4]], [[0, 0, 0, 0, 1], [0, 0, 0, 0, 1], [0, 0, 2, 2, 2], [0, 0, 2, 2, 4], [1, 1, 2, 4, 3]]]]
[156, [1, 1, 1, 3, 12], [0, 2, 1, 3, 4], [3, 3, 4, 13, 156], [[[1, 0, 0, 0, 0], [0, 1, 0, 0, 0], [0, 0, 1, 0, 0], [0, 0, 0, 1, 0], [0, 0, 0, 0, 1]], [[0, 1, 0, 0, 0], [0, 0, 1, 0, 0], [1, 0, 0, 0, 0], [0, 0, 0, 1, 0], [0, 0, 0, 0, 1]], [[0, 0, 1, 0, 0], [1, 0, 0, 0, 0], [0, 1, 0, 0, 0], [0, 0, 0, 1, 0], [0, 0, 0, 0, 1]], [[0, 0, 0, 1, 0], [0, 0, 0, 1, 0], [0, 0, 0, 1, 0], [1, 1, 1, 2, 0], [0, 0, 0, 0, 3]], [[0, 0, 0, 0, 1], [0, 0, 0, 0, 1], [0, 0, 0, 0, 1], [0, 0, 0, 0, 3], [1, 1, 1, 3, 11]]]]
[240, [1, 1, 2, 3, 15], [0, 1, 2, 3, 4], [2, 3, 10, 16, 240], [[[1, 0, 0, 0, 0], [0, 1, 0, 0, 0], [0, 0, 1, 0, 0], [0, 0, 0, 1, 0], [0, 0, 0, 0, 1]], [[0, 1, 0, 0, 0], [1, 0, 0, 0, 0], [0, 0, 1, 0, 0], [0, 0, 0, 1, 0], [0, 0, 0, 0, 1]], [[0, 0, 1, 0, 0], [0, 0, 1, 0, 0], [1, 1, 1, 0, 0], [0, 0, 0, 2, 0], [0, 0, 0, 0, 2]], [[0, 0, 0, 1, 0], [0, 0, 0, 1, 0], [0, 0, 0, 2, 0], [1, 1, 2, 1, 0], [0, 0, 0, 0, 3]], [[0, 0, 0, 0, 1], [0, 0, 0, 0, 1], [0, 0, 0, 0, 2], [0, 0, 0, 0, 3], [1, 1, 2, 3, 14]]]]
[312, [1, 1, 2, 9, 15], [0, 1, 2, 3, 4], [2, 3, 8, 26, 312], [[[1, 0, 0, 0, 0], [0, 1, 0, 0, 0], [0, 0, 1, 0, 0], [0, 0, 0, 1, 0], [0, 0, 0, 0, 1]], [[0, 1, 0, 0, 0], [1, 0, 0, 0, 0], [0, 0, 1, 0, 0], [0, 0, 0, 1, 0], [0, 0, 0, 0, 1]], [[0, 0, 1, 0, 0], [0, 0, 1, 0, 0], [1, 1, 1, 0, 0], [0, 0, 0, 2, 0], [0, 0, 0, 0, 2]], [[0, 0, 0, 1, 0], [0, 0, 0, 1, 0], [0, 0, 0, 2, 0], [1, 1, 2, 0, 5], [0, 0, 0, 5, 6]], [[0, 0, 0, 0, 1], [0, 0, 0, 0, 1], [0, 0, 0, 0, 2], [0, 0, 0, 5, 6], [1, 1, 2, 6, 11]]]]
[1806, [1, 1, 2, 6, 42], [0, 1, 2, 3, 4], [2, 3, 7, 43, 1806], [[[1, 0, 0, 0, 0], [0, 1, 0, 0, 0], [0, 0, 1, 0, 0], [0, 0, 0, 1, 0], [0, 0, 0, 0, 1]], [[0, 1, 0, 0, 0], [1, 0, 0, 0, 0], [0, 0, 1, 0, 0], [0, 0, 0, 1, 0], [0, 0, 0, 0, 1]], [[0, 0, 1, 0, 0], [0, 0, 1, 0, 0], [1, 1, 1, 0, 0], [0, 0, 0, 2, 0], [0, 0, 0, 0, 2]], [[0, 0, 0, 1, 0], [0, 0, 0, 1, 0], [0, 0, 0, 2, 0], [1, 1, 2, 5, 0], [0, 0, 0, 0, 6]], [[0, 0, 0, 0, 1], [0, 0, 0, 0, 1], [0, 0, 0, 0, 2], [0, 0, 0, 0, 6], [1, 1, 2, 6, 41]]]]
