Comprehensive classification of integral non-1-Frobenius Drinfeld rings of rank 6 with FPdim <= 200000   
#items = 32

Here is how to read each item: [FPdim, type, duality, formal codegrees, fusion data]

[234, [1, 1, 2, 8, 8, 10], [0, 1, 2, 4, 3, 5], [2, 3, 9, 39, 39, 234], [[[1, 0, 0, 0, 0, 0], [0, 1, 0, 0, 0, 0], [0, 0, 1, 0, 0, 0], [0, 0, 0, 1, 0, 0], [0, 0, 0, 0, 1, 0], [0, 0, 0, 0, 0, 1]], [[0, 1, 0, 0, 0, 0], [1, 0, 0, 0, 0, 0], [0, 0, 1, 0, 0, 0], [0, 0, 0, 1, 0, 0], [0, 0, 0, 0, 1, 0], [0, 0, 0, 0, 0, 1]], [[0, 0, 1, 0, 0, 0], [0, 0, 1, 0, 0, 0], [1, 1, 1, 0, 0, 0], [0, 0, 0, 2, 0, 0], [0, 0, 0, 0, 2, 0], [0, 0, 0, 0, 0, 2]], [[0, 0, 0, 1, 0, 0], [0, 0, 0, 1, 0, 0], [0, 0, 0, 2, 0, 0], [0, 0, 0, 3, 0, 4], [1, 1, 2, 3, 3, 1], [0, 0, 0, 1, 4, 4]], [[0, 0, 0, 0, 1, 0], [0, 0, 0, 0, 1, 0], [0, 0, 0, 0, 2, 0], [1, 1, 2, 3, 3, 1], [0, 0, 0, 0, 3, 4], [0, 0, 0, 4, 1, 4]], [[0, 0, 0, 0, 0, 1], [0, 0, 0, 0, 0, 1], [0, 0, 0, 0, 0, 2], [0, 0, 0, 1, 4, 4], [0, 0, 0, 4, 1, 4], [1, 1, 2, 4, 4, 3]]]]
[330, [1, 1, 2, 8, 8, 14], [0, 1, 2, 4, 3, 5], [2, 3, 15, 15, 33, 330], [[[1, 0, 0, 0, 0, 0], [0, 1, 0, 0, 0, 0], [0, 0, 1, 0, 0, 0], [0, 0, 0, 1, 0, 0], [0, 0, 0, 0, 1, 0], [0, 0, 0, 0, 0, 1]], [[0, 1, 0, 0, 0, 0], [1, 0, 0, 0, 0, 0], [0, 0, 1, 0, 0, 0], [0, 0, 0, 1, 0, 0], [0, 0, 0, 0, 1, 0], [0, 0, 0, 0, 0, 1]], [[0, 0, 1, 0, 0, 0], [0, 0, 1, 0, 0, 0], [1, 1, 1, 0, 0, 0], [0, 0, 0, 2, 0, 0], [0, 0, 0, 0, 2, 0], [0, 0, 0, 0, 0, 2]], [[0, 0, 0, 1, 0, 0], [0, 0, 0, 1, 0, 0], [0, 0, 0, 2, 0, 0], [0, 0, 0, 1, 0, 4], [1, 1, 2, 1, 1, 3], [0, 0, 0, 3, 4, 4]], [[0, 0, 0, 0, 1, 0], [0, 0, 0, 0, 1, 0], [0, 0, 0, 0, 2, 0], [1, 1, 2, 1, 1, 3], [0, 0, 0, 0, 1, 4], [0, 0, 0, 4, 3, 4]], [[0, 0, 0, 0, 0, 1], [0, 0, 0, 0, 0, 1], [0, 0, 0, 0, 0, 2], [0, 0, 0, 3, 4, 4], [0, 0, 0, 4, 3, 4], [1, 1, 2, 4, 4, 9]]]]
[420, [1, 1, 1, 10, 11, 14], [0, 2, 1, 3, 4, 5], [3, 3, 5, 12, 21, 420], [[[1, 0, 0, 0, 0, 0], [0, 1, 0, 0, 0, 0], [0, 0, 1, 0, 0, 0], [0, 0, 0, 1, 0, 0], [0, 0, 0, 0, 1, 0], [0, 0, 0, 0, 0, 1]], [[0, 1, 0, 0, 0, 0], [0, 0, 1, 0, 0, 0], [1, 0, 0, 0, 0, 0], [0, 0, 0, 1, 0, 0], [0, 0, 0, 0, 1, 0], [0, 0, 0, 0, 0, 1]], [[0, 0, 1, 0, 0, 0], [1, 0, 0, 0, 0, 0], [0, 1, 0, 0, 0, 0], [0, 0, 0, 1, 0, 0], [0, 0, 0, 0, 1, 0], [0, 0, 0, 0, 0, 1]], [[0, 0, 0, 1, 0, 0], [0, 0, 0, 1, 0, 0], [0, 0, 0, 1, 0, 0], [1, 1, 1, 3, 1, 4], [0, 0, 0, 1, 4, 4], [0, 0, 0, 4, 4, 4]], [[0, 0, 0, 0, 1, 0], [0, 0, 0, 0, 1, 0], [0, 0, 0, 0, 1, 0], [0, 0, 0, 1, 4, 4], [1, 1, 1, 4, 2, 4], [0, 0, 0, 4, 4, 5]], [[0, 0, 0, 0, 0, 1], [0, 0, 0, 0, 0, 1], [0, 0, 0, 0, 0, 1], [0, 0, 0, 4, 4, 4], [0, 0, 0, 4, 4, 5], [1, 1, 1, 4, 5, 7]]]]
[462, [1, 1, 8, 10, 10, 14], [0, 1, 2, 4, 3, 5], [2, 6, 7, 7, 22, 462], [[[1, 0, 0, 0, 0, 0], [0, 1, 0, 0, 0, 0], [0, 0, 1, 0, 0, 0], [0, 0, 0, 1, 0, 0], [0, 0, 0, 0, 1, 0], [0, 0, 0, 0, 0, 1]], [[0, 1, 0, 0, 0, 0], [1, 0, 0, 0, 0, 0], [0, 0, 1, 0, 0, 0], [0, 0, 0, 1, 0, 0], [0, 0, 0, 0, 1, 0], [0, 0, 0, 0, 0, 1]], [[0, 0, 1, 0, 0, 0], [0, 0, 1, 0, 0, 0], [1, 1, 0, 1, 1, 3], [0, 0, 1, 2, 1, 3], [0, 0, 1, 1, 2, 3], [0, 0, 3, 3, 3, 2]], [[0, 0, 0, 1, 0, 0], [0, 0, 0, 1, 0, 0], [0, 0, 1, 2, 1, 3], [0, 0, 1, 2, 3, 3], [1, 1, 2, 2, 2, 3], [0, 0, 3, 3, 3, 4]], [[0, 0, 0, 0, 1, 0], [0, 0, 0, 0, 1, 0], [0, 0, 1, 1, 2, 3], [1, 1, 2, 2, 2, 3], [0, 0, 1, 3, 2, 3], [0, 0, 3, 3, 3, 4]], [[0, 0, 0, 0, 0, 1], [0, 0, 0, 0, 0, 1], [0, 0, 3, 3, 3, 2], [0, 0, 3, 3, 3, 4], [0, 0, 3, 3, 3, 4], [1, 1, 2, 4, 4, 7]]]]
[480, [1, 1, 1, 3, 12, 18], [0, 2, 1, 3, 4, 5], [3, 3, 4, 20, 32, 480], [[[1, 0, 0, 0, 0, 0], [0, 1, 0, 0, 0, 0], [0, 0, 1, 0, 0, 0], [0, 0, 0, 1, 0, 0], [0, 0, 0, 0, 1, 0], [0, 0, 0, 0, 0, 1]], [[0, 1, 0, 0, 0, 0], [0, 0, 1, 0, 0, 0], [1, 0, 0, 0, 0, 0], [0, 0, 0, 1, 0, 0], [0, 0, 0, 0, 1, 0], [0, 0, 0, 0, 0, 1]], [[0, 0, 1, 0, 0, 0], [1, 0, 0, 0, 0, 0], [0, 1, 0, 0, 0, 0], [0, 0, 0, 1, 0, 0], [0, 0, 0, 0, 1, 0], [0, 0, 0, 0, 0, 1]], [[0, 0, 0, 1, 0, 0], [0, 0, 0, 1, 0, 0], [0, 0, 0, 1, 0, 0], [1, 1, 1, 2, 0, 0], [0, 0, 0, 0, 3, 0], [0, 0, 0, 0, 0, 3]], [[0, 0, 0, 0, 1, 0], [0, 0, 0, 0, 1, 0], [0, 0, 0, 0, 1, 0], [0, 0, 0, 0, 3, 0], [1, 1, 1, 3, 2, 6], [0, 0, 0, 0, 6, 8]], [[0, 0, 0, 0, 0, 1], [0, 0, 0, 0, 0, 1], [0, 0, 0, 0, 0, 1], [0, 0, 0, 0, 0, 3], [0, 0, 0, 0, 6, 8], [1, 1, 1, 3, 8, 12]]]]
[672, [1, 1, 2, 9, 12, 21], [0, 1, 2, 3, 4, 5], [2, 3, 14, 16, 32, 672], [[[1, 0, 0, 0, 0, 0], [0, 1, 0, 0, 0, 0], [0, 0, 1, 0, 0, 0], [0, 0, 0, 1, 0, 0], [0, 0, 0, 0, 1, 0], [0, 0, 0, 0, 0, 1]], [[0, 1, 0, 0, 0, 0], [1, 0, 0, 0, 0, 0], [0, 0, 1, 0, 0, 0], [0, 0, 0, 1, 0, 0], [0, 0, 0, 0, 1, 0], [0, 0, 0, 0, 0, 1]], [[0, 0, 1, 0, 0, 0], [0, 0, 1, 0, 0, 0], [1, 1, 1, 0, 0, 0], [0, 0, 0, 2, 0, 0], [0, 0, 0, 0, 2, 0], [0, 0, 0, 0, 0, 2]], [[0, 0, 0, 1, 0, 0], [0, 0, 0, 1, 0, 0], [0, 0, 0, 2, 0, 0], [1, 1, 2, 0, 1, 3], [0, 0, 0, 1, 3, 3], [0, 0, 0, 3, 3, 6]], [[0, 0, 0, 0, 1, 0], [0, 0, 0, 0, 1, 0], [0, 0, 0, 0, 2, 0], [0, 0, 0, 1, 3, 3], [1, 1, 2, 3, 4, 3], [0, 0, 0, 3, 3, 9]], [[0, 0, 0, 0, 0, 1], [0, 0, 0, 0, 0, 1], [0, 0, 0, 0, 0, 2], [0, 0, 0, 3, 3, 6], [0, 0, 0, 3, 3, 9], [1, 1, 2, 6, 9, 13]]]]
[780, [1, 1, 2, 3, 18, 21], [0, 1, 2, 3, 4, 5], [2, 3, 10, 20, 65, 780], [[[1, 0, 0, 0, 0, 0], [0, 1, 0, 0, 0, 0], [0, 0, 1, 0, 0, 0], [0, 0, 0, 1, 0, 0], [0, 0, 0, 0, 1, 0], [0, 0, 0, 0, 0, 1]], [[0, 1, 0, 0, 0, 0], [1, 0, 0, 0, 0, 0], [0, 0, 1, 0, 0, 0], [0, 0, 0, 1, 0, 0], [0, 0, 0, 0, 1, 0], [0, 0, 0, 0, 0, 1]], [[0, 0, 1, 0, 0, 0], [0, 0, 1, 0, 0, 0], [1, 1, 1, 0, 0, 0], [0, 0, 0, 2, 0, 0], [0, 0, 0, 0, 2, 0], [0, 0, 0, 0, 0, 2]], [[0, 0, 0, 1, 0, 0], [0, 0, 0, 1, 0, 0], [0, 0, 0, 2, 0, 0], [1, 1, 2, 1, 0, 0], [0, 0, 0, 0, 3, 0], [0, 0, 0, 0, 0, 3]], [[0, 0, 0, 0, 1, 0], [0, 0, 0, 0, 1, 0], [0, 0, 0, 0, 2, 0], [0, 0, 0, 0, 3, 0], [1, 1, 2, 3, 9, 7], [0, 0, 0, 0, 7, 12]], [[0, 0, 0, 0, 0, 1], [0, 0, 0, 0, 0, 1], [0, 0, 0, 0, 0, 2], [0, 0, 0, 0, 0, 3], [0, 0, 0, 0, 7, 12], [1, 1, 2, 3, 12, 10]]]]
[1320, [1, 9, 10, 11, 21, 24], [0, 1, 2, 3, 4, 5], [3, 4, 5, 8, 11, 1320], [[[1, 0, 0, 0, 0, 0], [0, 1, 0, 0, 0, 0], [0, 0, 1, 0, 0, 0], [0, 0, 0, 1, 0, 0], [0, 0, 0, 0, 1, 0], [0, 0, 0, 0, 0, 1]], [[0, 1, 0, 0, 0, 0], [1, 0, 0, 1, 1, 2], [0, 0, 1, 1, 1, 2], [0, 1, 1, 1, 1, 2], [0, 1, 1, 1, 3, 4], [0, 2, 2, 2, 4, 3]], [[0, 0, 1, 0, 0, 0], [0, 0, 1, 1, 1, 2], [1, 1, 0, 0, 2, 2], [0, 1, 0, 1, 2, 2], [0, 1, 2, 2, 3, 4], [0, 2, 2, 2, 4, 4]], [[0, 0, 0, 1, 0, 0], [0, 1, 1, 1, 1, 2], [0, 1, 0, 1, 2, 2], [1, 1, 1, 1, 2, 2], [0, 1, 2, 2, 4, 4], [0, 2, 2, 2, 4, 5]], [[0, 0, 0, 0, 1, 0], [0, 1, 1, 1, 3, 4], [0, 1, 2, 2, 3, 4], [0, 1, 2, 2, 4, 4], [1, 3, 3, 4, 7, 8], [0, 4, 4, 4, 8, 9]], [[0, 0, 0, 0, 0, 1], [0, 2, 2, 2, 4, 3], [0, 2, 2, 2, 4, 4], [0, 2, 2, 2, 4, 5], [0, 4, 4, 4, 8, 9], [1, 3, 4, 5, 9, 11]]]]
[1320, [1, 9, 10, 11, 21, 24], [0, 1, 2, 3, 4, 5], [3, 3, 5, 11, 24, 1320], [[[1, 0, 0, 0, 0, 0], [0, 1, 0, 0, 0, 0], [0, 0, 1, 0, 0, 0], [0, 0, 0, 1, 0, 0], [0, 0, 0, 0, 1, 0], [0, 0, 0, 0, 0, 1]], [[0, 1, 0, 0, 0, 0], [1, 0, 0, 1, 1, 2], [0, 0, 1, 1, 1, 2], [0, 1, 1, 1, 1, 2], [0, 1, 1, 1, 3, 4], [0, 2, 2, 2, 4, 3]], [[0, 0, 1, 0, 0, 0], [0, 0, 1, 1, 1, 2], [1, 1, 1, 1, 1, 2], [0, 1, 1, 2, 1, 2], [0, 1, 1, 1, 4, 4], [0, 2, 2, 2, 4, 4]], [[0, 0, 0, 1, 0, 0], [0, 1, 1, 1, 1, 2], [0, 1, 1, 2, 1, 2], [1, 1, 2, 2, 1, 2], [0, 1, 1, 1, 5, 4], [0, 2, 2, 2, 4, 5]], [[0, 0, 0, 0, 1, 0], [0, 1, 1, 1, 3, 4], [0, 1, 1, 1, 4, 4], [0, 1, 1, 1, 5, 4], [1, 3, 4, 5, 6, 8], [0, 4, 4, 4, 8, 9]], [[0, 0, 0, 0, 0, 1], [0, 2, 2, 2, 4, 3], [0, 2, 2, 2, 4, 4], [0, 2, 2, 2, 4, 5], [0, 4, 4, 4, 8, 9], [1, 3, 4, 5, 9, 11]]]]
[1860, [1, 1, 2, 2, 25, 35], [0, 1, 2, 3, 4, 5], [2, 5, 5, 12, 62, 1860], [[[1, 0, 0, 0, 0, 0], [0, 1, 0, 0, 0, 0], [0, 0, 1, 0, 0, 0], [0, 0, 0, 1, 0, 0], [0, 0, 0, 0, 1, 0], [0, 0, 0, 0, 0, 1]], [[0, 1, 0, 0, 0, 0], [1, 0, 0, 0, 0, 0], [0, 0, 1, 0, 0, 0], [0, 0, 0, 1, 0, 0], [0, 0, 0, 0, 1, 0], [0, 0, 0, 0, 0, 1]], [[0, 0, 1, 0, 0, 0], [0, 0, 1, 0, 0, 0], [1, 1, 0, 1, 0, 0], [0, 0, 1, 1, 0, 0], [0, 0, 0, 0, 2, 0], [0, 0, 0, 0, 0, 2]], [[0, 0, 0, 1, 0, 0], [0, 0, 0, 1, 0, 0], [0, 0, 1, 1, 0, 0], [1, 1, 1, 0, 0, 0], [0, 0, 0, 0, 2, 0], [0, 0, 0, 0, 0, 2]], [[0, 0, 0, 0, 1, 0], [0, 0, 0, 0, 1, 0], [0, 0, 0, 0, 2, 0], [0, 0, 0, 0, 2, 0], [1, 1, 2, 2, 5, 14], [0, 0, 0, 0, 14, 15]], [[0, 0, 0, 0, 0, 1], [0, 0, 0, 0, 0, 1], [0, 0, 0, 0, 0, 2], [0, 0, 0, 0, 0, 2], [0, 0, 0, 0, 14, 15], [1, 1, 2, 2, 15, 24]]]]
[2340, [1, 1, 2, 17, 26, 37], [0, 1, 2, 3, 4, 5], [2, 3, 9, 26, 60, 2340], [[[1, 0, 0, 0, 0, 0], [0, 1, 0, 0, 0, 0], [0, 0, 1, 0, 0, 0], [0, 0, 0, 1, 0, 0], [0, 0, 0, 0, 1, 0], [0, 0, 0, 0, 0, 1]], [[0, 1, 0, 0, 0, 0], [1, 0, 0, 0, 0, 0], [0, 0, 1, 0, 0, 0], [0, 0, 0, 1, 0, 0], [0, 0, 0, 0, 1, 0], [0, 0, 0, 0, 0, 1]], [[0, 0, 1, 0, 0, 0], [0, 0, 1, 0, 0, 0], [1, 1, 1, 0, 0, 0], [0, 0, 0, 2, 0, 0], [0, 0, 0, 0, 2, 0], [0, 0, 0, 0, 0, 2]], [[0, 0, 0, 1, 0, 0], [0, 0, 0, 1, 0, 0], [0, 0, 0, 2, 0, 0], [1, 1, 2, 4, 4, 3], [0, 0, 0, 4, 3, 8], [0, 0, 0, 3, 8, 10]], [[0, 0, 0, 0, 1, 0], [0, 0, 0, 0, 1, 0], [0, 0, 0, 0, 2, 0], [0, 0, 0, 4, 3, 8], [1, 1, 2, 3, 11, 9], [0, 0, 0, 8, 9, 16]], [[0, 0, 0, 0, 0, 1], [0, 0, 0, 0, 0, 1], [0, 0, 0, 0, 0, 2], [0, 0, 0, 3, 8, 10], [0, 0, 0, 8, 9, 16], [1, 1, 2, 10, 16, 21]]]]
[2436, [1, 1, 2, 23, 26, 35], [0, 1, 2, 3, 4, 5], [2, 3, 12, 14, 87, 2436], [[[1, 0, 0, 0, 0, 0], [0, 1, 0, 0, 0, 0], [0, 0, 1, 0, 0, 0], [0, 0, 0, 1, 0, 0], [0, 0, 0, 0, 1, 0], [0, 0, 0, 0, 0, 1]], [[0, 1, 0, 0, 0, 0], [1, 0, 0, 0, 0, 0], [0, 0, 1, 0, 0, 0], [0, 0, 0, 1, 0, 0], [0, 0, 0, 0, 1, 0], [0, 0, 0, 0, 0, 1]], [[0, 0, 1, 0, 0, 0], [0, 0, 1, 0, 0, 0], [1, 1, 1, 0, 0, 0], [0, 0, 0, 2, 0, 0], [0, 0, 0, 0, 2, 0], [0, 0, 0, 0, 0, 2]], [[0, 0, 0, 1, 0, 0], [0, 0, 0, 1, 0, 0], [0, 0, 0, 2, 0, 0], [1, 1, 2, 3, 4, 10], [0, 0, 0, 4, 6, 10], [0, 0, 0, 10, 10, 9]], [[0, 0, 0, 0, 1, 0], [0, 0, 0, 0, 1, 0], [0, 0, 0, 0, 2, 0], [0, 0, 0, 4, 6, 10], [1, 1, 2, 6, 7, 10], [0, 0, 0, 10, 10, 12]], [[0, 0, 0, 0, 0, 1], [0, 0, 0, 0, 0, 1], [0, 0, 0, 0, 0, 2], [0, 0, 0, 10, 10, 9], [0, 0, 0, 10, 10, 12], [1, 1, 2, 9, 12, 20]]]]
[3192, [1, 1, 2, 24, 33, 39], [0, 1, 2, 3, 4, 5], [2, 3, 8, 42, 57, 3192], [[[1, 0, 0, 0, 0, 0], [0, 1, 0, 0, 0, 0], [0, 0, 1, 0, 0, 0], [0, 0, 0, 1, 0, 0], [0, 0, 0, 0, 1, 0], [0, 0, 0, 0, 0, 1]], [[0, 1, 0, 0, 0, 0], [1, 0, 0, 0, 0, 0], [0, 0, 1, 0, 0, 0], [0, 0, 0, 1, 0, 0], [0, 0, 0, 0, 1, 0], [0, 0, 0, 0, 0, 1]], [[0, 0, 1, 0, 0, 0], [0, 0, 1, 0, 0, 0], [1, 1, 1, 0, 0, 0], [0, 0, 0, 2, 0, 0], [0, 0, 0, 0, 2, 0], [0, 0, 0, 0, 0, 2]], [[0, 0, 0, 1, 0, 0], [0, 0, 0, 1, 0, 0], [0, 0, 0, 2, 0, 0], [1, 1, 2, 5, 3, 9], [0, 0, 0, 3, 10, 10], [0, 0, 0, 9, 10, 10]], [[0, 0, 0, 0, 1, 0], [0, 0, 0, 0, 1, 0], [0, 0, 0, 0, 2, 0], [0, 0, 0, 3, 10, 10], [1, 1, 2, 10, 9, 14], [0, 0, 0, 10, 14, 15]], [[0, 0, 0, 0, 0, 1], [0, 0, 0, 0, 0, 1], [0, 0, 0, 0, 0, 2], [0, 0, 0, 9, 10, 10], [0, 0, 0, 10, 14, 15], [1, 1, 2, 10, 15, 20]]]]
[3612, [1, 1, 1, 3, 36, 48], [0, 2, 1, 3, 4, 5], [3, 3, 4, 14, 86, 3612], [[[1, 0, 0, 0, 0, 0], [0, 1, 0, 0, 0, 0], [0, 0, 1, 0, 0, 0], [0, 0, 0, 1, 0, 0], [0, 0, 0, 0, 1, 0], [0, 0, 0, 0, 0, 1]], [[0, 1, 0, 0, 0, 0], [0, 0, 1, 0, 0, 0], [1, 0, 0, 0, 0, 0], [0, 0, 0, 1, 0, 0], [0, 0, 0, 0, 1, 0], [0, 0, 0, 0, 0, 1]], [[0, 0, 1, 0, 0, 0], [1, 0, 0, 0, 0, 0], [0, 1, 0, 0, 0, 0], [0, 0, 0, 1, 0, 0], [0, 0, 0, 0, 1, 0], [0, 0, 0, 0, 0, 1]], [[0, 0, 0, 1, 0, 0], [0, 0, 0, 1, 0, 0], [0, 0, 0, 1, 0, 0], [1, 1, 1, 2, 0, 0], [0, 0, 0, 0, 3, 0], [0, 0, 0, 0, 0, 3]], [[0, 0, 0, 0, 1, 0], [0, 0, 0, 0, 1, 0], [0, 0, 0, 0, 1, 0], [0, 0, 0, 0, 3, 0], [1, 1, 1, 3, 9, 20], [0, 0, 0, 0, 20, 21]], [[0, 0, 0, 0, 0, 1], [0, 0, 0, 0, 0, 1], [0, 0, 0, 0, 0, 1], [0, 0, 0, 0, 0, 3], [0, 0, 0, 0, 20, 21], [1, 1, 1, 3, 21, 32]]]]
[3720, [1, 1, 1, 6, 9, 60], [0, 2, 1, 3, 4, 5], [3, 3, 5, 8, 124, 3720], [[[1, 0, 0, 0, 0, 0], [0, 1, 0, 0, 0, 0], [0, 0, 1, 0, 0, 0], [0, 0, 0, 1, 0, 0], [0, 0, 0, 0, 1, 0], [0, 0, 0, 0, 0, 1]], [[0, 1, 0, 0, 0, 0], [0, 0, 1, 0, 0, 0], [1, 0, 0, 0, 0, 0], [0, 0, 0, 1, 0, 0], [0, 0, 0, 0, 1, 0], [0, 0, 0, 0, 0, 1]], [[0, 0, 1, 0, 0, 0], [1, 0, 0, 0, 0, 0], [0, 1, 0, 0, 0, 0], [0, 0, 0, 1, 0, 0], [0, 0, 0, 0, 1, 0], [0, 0, 0, 0, 0, 1]], [[0, 0, 0, 1, 0, 0], [0, 0, 0, 1, 0, 0], [0, 0, 0, 1, 0, 0], [1, 1, 1, 1, 3, 0], [0, 0, 0, 3, 4, 0], [0, 0, 0, 0, 0, 6]], [[0, 0, 0, 0, 1, 0], [0, 0, 0, 0, 1, 0], [0, 0, 0, 0, 1, 0], [0, 0, 0, 3, 4, 0], [1, 1, 1, 4, 6, 0], [0, 0, 0, 0, 0, 9]], [[0, 0, 0, 0, 0, 1], [0, 0, 0, 0, 0, 1], [0, 0, 0, 0, 0, 1], [0, 0, 0, 0, 0, 6], [0, 0, 0, 0, 0, 9], [1, 1, 1, 6, 9, 58]]]]
[3740, [1, 1, 20, 32, 33, 35], [0, 1, 2, 3, 4, 5], [2, 4, 10, 11, 17, 3740], [[[1, 0, 0, 0, 0, 0], [0, 1, 0, 0, 0, 0], [0, 0, 1, 0, 0, 0], [0, 0, 0, 1, 0, 0], [0, 0, 0, 0, 1, 0], [0, 0, 0, 0, 0, 1]], [[0, 1, 0, 0, 0, 0], [1, 0, 0, 0, 0, 0], [0, 0, 1, 0, 0, 0], [0, 0, 0, 1, 0, 0], [0, 0, 0, 0, 1, 0], [0, 0, 0, 0, 0, 1]], [[0, 0, 1, 0, 0, 0], [0, 0, 1, 0, 0, 0], [1, 1, 3, 2, 3, 5], [0, 0, 2, 6, 6, 6], [0, 0, 3, 6, 6, 6], [0, 0, 5, 6, 6, 6]], [[0, 0, 0, 1, 0, 0], [0, 0, 0, 1, 0, 0], [0, 0, 2, 6, 6, 6], [1, 1, 6, 9, 8, 10], [0, 0, 6, 8, 10, 10], [0, 0, 6, 10, 10, 10]], [[0, 0, 0, 0, 1, 0], [0, 0, 0, 0, 1, 0], [0, 0, 3, 6, 6, 6], [0, 0, 6, 8, 10, 10], [1, 1, 6, 10, 9, 10], [0, 0, 6, 10, 10, 11]], [[0, 0, 0, 0, 0, 1], [0, 0, 0, 0, 0, 1], [0, 0, 5, 6, 6, 6], [0, 0, 6, 10, 10, 10], [0, 0, 6, 10, 10, 11], [1, 1, 6, 10, 11, 12]]]]
[4920, [1, 1, 2, 32, 41, 47], [0, 1, 2, 3, 4, 5], [2, 3, 8, 30, 123, 4920], [[[1, 0, 0, 0, 0, 0], [0, 1, 0, 0, 0, 0], [0, 0, 1, 0, 0, 0], [0, 0, 0, 1, 0, 0], [0, 0, 0, 0, 1, 0], [0, 0, 0, 0, 0, 1]], [[0, 1, 0, 0, 0, 0], [1, 0, 0, 0, 0, 0], [0, 0, 1, 0, 0, 0], [0, 0, 0, 1, 0, 0], [0, 0, 0, 0, 1, 0], [0, 0, 0, 0, 0, 1]], [[0, 0, 1, 0, 0, 0], [0, 0, 1, 0, 0, 0], [1, 1, 1, 0, 0, 0], [0, 0, 0, 2, 0, 0], [0, 0, 0, 0, 2, 0], [0, 0, 0, 0, 0, 2]], [[0, 0, 0, 1, 0, 0], [0, 0, 0, 1, 0, 0], [0, 0, 0, 2, 0, 0], [1, 1, 2, 1, 8, 14], [0, 0, 0, 8, 12, 12], [0, 0, 0, 14, 12, 12]], [[0, 0, 0, 0, 1, 0], [0, 0, 0, 0, 1, 0], [0, 0, 0, 0, 2, 0], [0, 0, 0, 8, 12, 12], [1, 1, 2, 12, 12, 17], [0, 0, 0, 12, 17, 18]], [[0, 0, 0, 0, 0, 1], [0, 0, 0, 0, 0, 1], [0, 0, 0, 0, 0, 2], [0, 0, 0, 14, 12, 12], [0, 0, 0, 12, 17, 18], [1, 1, 2, 12, 18, 23]]]]
[4920, [1, 1, 2, 33, 39, 48], [0, 1, 2, 3, 4, 5], [2, 3, 8, 30, 123, 4920], [[[1, 0, 0, 0, 0, 0], [0, 1, 0, 0, 0, 0], [0, 0, 1, 0, 0, 0], [0, 0, 0, 1, 0, 0], [0, 0, 0, 0, 1, 0], [0, 0, 0, 0, 0, 1]], [[0, 1, 0, 0, 0, 0], [1, 0, 0, 0, 0, 0], [0, 0, 1, 0, 0, 0], [0, 0, 0, 1, 0, 0], [0, 0, 0, 0, 1, 0], [0, 0, 0, 0, 0, 1]], [[0, 0, 1, 0, 0, 0], [0, 0, 1, 0, 0, 0], [1, 1, 1, 0, 0, 0], [0, 0, 0, 2, 0, 0], [0, 0, 0, 0, 2, 0], [0, 0, 0, 0, 0, 2]], [[0, 0, 0, 1, 0, 0], [0, 0, 0, 1, 0, 0], [0, 0, 0, 2, 0, 0], [1, 1, 2, 3, 8, 14], [0, 0, 0, 8, 9, 14], [0, 0, 0, 14, 14, 12]], [[0, 0, 0, 0, 1, 0], [0, 0, 0, 0, 1, 0], [0, 0, 0, 0, 2, 0], [0, 0, 0, 8, 9, 14], [1, 1, 2, 9, 14, 14], [0, 0, 0, 14, 14, 18]], [[0, 0, 0, 0, 0, 1], [0, 0, 0, 0, 0, 1], [0, 0, 0, 0, 0, 2], [0, 0, 0, 14, 14, 12], [0, 0, 0, 14, 14, 18], [1, 1, 2, 12, 18, 25]]]]
[4970, [1, 1, 4, 4, 6, 70], [0, 1, 3, 2, 4, 5], [2, 5, 7, 7, 71, 4970], [[[1, 0, 0, 0, 0, 0], [0, 1, 0, 0, 0, 0], [0, 0, 1, 0, 0, 0], [0, 0, 0, 1, 0, 0], [0, 0, 0, 0, 1, 0], [0, 0, 0, 0, 0, 1]], [[0, 1, 0, 0, 0, 0], [1, 0, 0, 0, 0, 0], [0, 0, 1, 0, 0, 0], [0, 0, 0, 1, 0, 0], [0, 0, 0, 0, 1, 0], [0, 0, 0, 0, 0, 1]], [[0, 0, 1, 0, 0, 0], [0, 0, 1, 0, 0, 0], [0, 0, 1, 0, 2, 0], [1, 1, 1, 1, 1, 0], [0, 0, 1, 2, 2, 0], [0, 0, 0, 0, 0, 4]], [[0, 0, 0, 1, 0, 0], [0, 0, 0, 1, 0, 0], [1, 1, 1, 1, 1, 0], [0, 0, 0, 1, 2, 0], [0, 0, 2, 1, 2, 0], [0, 0, 0, 0, 0, 4]], [[0, 0, 0, 0, 1, 0], [0, 0, 0, 0, 1, 0], [0, 0, 1, 2, 2, 0], [0, 0, 2, 1, 2, 0], [1, 1, 2, 2, 3, 0], [0, 0, 0, 0, 0, 6]], [[0, 0, 0, 0, 0, 1], [0, 0, 0, 0, 0, 1], [0, 0, 0, 0, 0, 4], [0, 0, 0, 0, 0, 4], [0, 0, 0, 0, 0, 6], [1, 1, 4, 4, 6, 69]]]]
[8364, [1, 1, 1, 3, 36, 84], [0, 2, 1, 3, 4, 5], [3, 3, 4, 17, 41, 8364], [[[1, 0, 0, 0, 0, 0], [0, 1, 0, 0, 0, 0], [0, 0, 1, 0, 0, 0], [0, 0, 0, 1, 0, 0], [0, 0, 0, 0, 1, 0], [0, 0, 0, 0, 0, 1]], [[0, 1, 0, 0, 0, 0], [0, 0, 1, 0, 0, 0], [1, 0, 0, 0, 0, 0], [0, 0, 0, 1, 0, 0], [0, 0, 0, 0, 1, 0], [0, 0, 0, 0, 0, 1]], [[0, 0, 1, 0, 0, 0], [1, 0, 0, 0, 0, 0], [0, 1, 0, 0, 0, 0], [0, 0, 0, 1, 0, 0], [0, 0, 0, 0, 1, 0], [0, 0, 0, 0, 0, 1]], [[0, 0, 0, 1, 0, 0], [0, 0, 0, 1, 0, 0], [0, 0, 0, 1, 0, 0], [1, 1, 1, 2, 0, 0], [0, 0, 0, 0, 3, 0], [0, 0, 0, 0, 0, 3]], [[0, 0, 0, 0, 1, 0], [0, 0, 0, 0, 1, 0], [0, 0, 0, 0, 1, 0], [0, 0, 0, 0, 3, 0], [1, 1, 1, 3, 3, 14], [0, 0, 0, 0, 14, 30]], [[0, 0, 0, 0, 0, 1], [0, 0, 0, 0, 0, 1], [0, 0, 0, 0, 0, 1], [0, 0, 0, 0, 0, 3], [0, 0, 0, 0, 14, 30], [1, 1, 1, 3, 30, 71]]]]
[9548, [1, 1, 33, 35, 56, 64], [0, 1, 2, 3, 4, 5], [2, 4, 7, 11, 62, 9548], [[[1, 0, 0, 0, 0, 0], [0, 1, 0, 0, 0, 0], [0, 0, 1, 0, 0, 0], [0, 0, 0, 1, 0, 0], [0, 0, 0, 0, 1, 0], [0, 0, 0, 0, 0, 1]], [[0, 1, 0, 0, 0, 0], [1, 0, 0, 0, 0, 0], [0, 0, 1, 0, 0, 0], [0, 0, 0, 1, 0, 0], [0, 0, 0, 0, 1, 0], [0, 0, 0, 0, 0, 1]], [[0, 0, 1, 0, 0, 0], [0, 0, 1, 0, 0, 0], [1, 1, 3, 4, 6, 8], [0, 0, 4, 5, 6, 8], [0, 0, 6, 6, 12, 12], [0, 0, 8, 8, 12, 14]], [[0, 0, 0, 1, 0, 0], [0, 0, 0, 1, 0, 0], [0, 0, 4, 5, 6, 8], [1, 1, 5, 6, 6, 8], [0, 0, 6, 6, 14, 12], [0, 0, 8, 8, 12, 16]], [[0, 0, 0, 0, 1, 0], [0, 0, 0, 0, 1, 0], [0, 0, 6, 6, 12, 12], [0, 0, 6, 6, 14, 12], [1, 1, 12, 14, 15, 22], [0, 0, 12, 12, 22, 24]], [[0, 0, 0, 0, 0, 1], [0, 0, 0, 0, 0, 1], [0, 0, 8, 8, 12, 14], [0, 0, 8, 8, 12, 16], [0, 0, 12, 12, 22, 24], [1, 1, 14, 16, 24, 27]]]]
[12210, [1, 1, 2, 42, 66, 78], [0, 1, 2, 3, 4, 5], [2, 3, 11, 15, 111, 12210], [[[1, 0, 0, 0, 0, 0], [0, 1, 0, 0, 0, 0], [0, 0, 1, 0, 0, 0], [0, 0, 0, 1, 0, 0], [0, 0, 0, 0, 1, 0], [0, 0, 0, 0, 0, 1]], [[0, 1, 0, 0, 0, 0], [1, 0, 0, 0, 0, 0], [0, 0, 1, 0, 0, 0], [0, 0, 0, 1, 0, 0], [0, 0, 0, 0, 1, 0], [0, 0, 0, 0, 0, 1]], [[0, 0, 1, 0, 0, 0], [0, 0, 1, 0, 0, 0], [1, 1, 1, 0, 0, 0], [0, 0, 0, 2, 0, 0], [0, 0, 0, 0, 2, 0], [0, 0, 0, 0, 0, 2]], [[0, 0, 0, 1, 0, 0], [0, 0, 0, 1, 0, 0], [0, 0, 0, 2, 0, 0], [1, 1, 2, 7, 8, 12], [0, 0, 0, 8, 18, 16], [0, 0, 0, 12, 16, 22]], [[0, 0, 0, 0, 1, 0], [0, 0, 0, 0, 1, 0], [0, 0, 0, 0, 2, 0], [0, 0, 0, 8, 18, 16], [1, 1, 2, 18, 19, 30], [0, 0, 0, 16, 30, 32]], [[0, 0, 0, 0, 0, 1], [0, 0, 0, 0, 0, 1], [0, 0, 0, 0, 0, 2], [0, 0, 0, 12, 16, 22], [0, 0, 0, 16, 30, 32], [1, 1, 2, 22, 32, 39]]]]
[14520, [1, 1, 1, 6, 9, 120], [0, 2, 1, 3, 4, 5], [3, 3, 5, 8, 121, 14520], [[[1, 0, 0, 0, 0, 0], [0, 1, 0, 0, 0, 0], [0, 0, 1, 0, 0, 0], [0, 0, 0, 1, 0, 0], [0, 0, 0, 0, 1, 0], [0, 0, 0, 0, 0, 1]], [[0, 1, 0, 0, 0, 0], [0, 0, 1, 0, 0, 0], [1, 0, 0, 0, 0, 0], [0, 0, 0, 1, 0, 0], [0, 0, 0, 0, 1, 0], [0, 0, 0, 0, 0, 1]], [[0, 0, 1, 0, 0, 0], [1, 0, 0, 0, 0, 0], [0, 1, 0, 0, 0, 0], [0, 0, 0, 1, 0, 0], [0, 0, 0, 0, 1, 0], [0, 0, 0, 0, 0, 1]], [[0, 0, 0, 1, 0, 0], [0, 0, 0, 1, 0, 0], [0, 0, 0, 1, 0, 0], [1, 1, 1, 1, 3, 0], [0, 0, 0, 3, 4, 0], [0, 0, 0, 0, 0, 6]], [[0, 0, 0, 0, 1, 0], [0, 0, 0, 0, 1, 0], [0, 0, 0, 0, 1, 0], [0, 0, 0, 3, 4, 0], [1, 1, 1, 4, 6, 0], [0, 0, 0, 0, 0, 9]], [[0, 0, 0, 0, 0, 1], [0, 0, 0, 0, 0, 1], [0, 0, 0, 0, 0, 1], [0, 0, 0, 0, 0, 6], [0, 0, 0, 0, 0, 9], [1, 1, 1, 6, 9, 119]]]]
[19740, [1, 1, 5, 7, 8, 140], [0, 1, 2, 3, 4, 5], [2, 4, 7, 10, 141, 19740], [[[1, 0, 0, 0, 0, 0], [0, 1, 0, 0, 0, 0], [0, 0, 1, 0, 0, 0], [0, 0, 0, 1, 0, 0], [0, 0, 0, 0, 1, 0], [0, 0, 0, 0, 0, 1]], [[0, 1, 0, 0, 0, 0], [1, 0, 0, 0, 0, 0], [0, 0, 1, 0, 0, 0], [0, 0, 0, 1, 0, 0], [0, 0, 0, 0, 1, 0], [0, 0, 0, 0, 0, 1]], [[0, 0, 1, 0, 0, 0], [0, 0, 1, 0, 0, 0], [1, 1, 0, 1, 2, 0], [0, 0, 1, 2, 2, 0], [0, 0, 2, 2, 2, 0], [0, 0, 0, 0, 0, 5]], [[0, 0, 0, 1, 0, 0], [0, 0, 0, 1, 0, 0], [0, 0, 1, 2, 2, 0], [1, 1, 2, 3, 2, 0], [0, 0, 2, 2, 4, 0], [0, 0, 0, 0, 0, 7]], [[0, 0, 0, 0, 1, 0], [0, 0, 0, 0, 1, 0], [0, 0, 2, 2, 2, 0], [0, 0, 2, 2, 4, 0], [1, 1, 2, 4, 3, 0], [0, 0, 0, 0, 0, 8]], [[0, 0, 0, 0, 0, 1], [0, 0, 0, 0, 0, 1], [0, 0, 0, 0, 0, 5], [0, 0, 0, 0, 0, 7], [0, 0, 0, 0, 0, 8], [1, 1, 5, 7, 8, 139]]]]
[24648, [1, 1, 2, 9, 15, 156], [0, 1, 2, 3, 4, 5], [2, 3, 8, 26, 316, 24648], [[[1, 0, 0, 0, 0, 0], [0, 1, 0, 0, 0, 0], [0, 0, 1, 0, 0, 0], [0, 0, 0, 1, 0, 0], [0, 0, 0, 0, 1, 0], [0, 0, 0, 0, 0, 1]], [[0, 1, 0, 0, 0, 0], [1, 0, 0, 0, 0, 0], [0, 0, 1, 0, 0, 0], [0, 0, 0, 1, 0, 0], [0, 0, 0, 0, 1, 0], [0, 0, 0, 0, 0, 1]], [[0, 0, 1, 0, 0, 0], [0, 0, 1, 0, 0, 0], [1, 1, 1, 0, 0, 0], [0, 0, 0, 2, 0, 0], [0, 0, 0, 0, 2, 0], [0, 0, 0, 0, 0, 2]], [[0, 0, 0, 1, 0, 0], [0, 0, 0, 1, 0, 0], [0, 0, 0, 2, 0, 0], [1, 1, 2, 0, 5, 0], [0, 0, 0, 5, 6, 0], [0, 0, 0, 0, 0, 9]], [[0, 0, 0, 0, 1, 0], [0, 0, 0, 0, 1, 0], [0, 0, 0, 0, 2, 0], [0, 0, 0, 5, 6, 0], [1, 1, 2, 6, 11, 0], [0, 0, 0, 0, 0, 15]], [[0, 0, 0, 0, 0, 1], [0, 0, 0, 0, 0, 1], [0, 0, 0, 0, 0, 2], [0, 0, 0, 0, 0, 9], [0, 0, 0, 0, 0, 15], [1, 1, 2, 9, 15, 154]]]]
[28536, [1, 1, 2, 81, 87, 120], [0, 1, 2, 3, 4, 5], [2, 3, 8, 41, 58, 28536], [[[1, 0, 0, 0, 0, 0], [0, 1, 0, 0, 0, 0], [0, 0, 1, 0, 0, 0], [0, 0, 0, 1, 0, 0], [0, 0, 0, 0, 1, 0], [0, 0, 0, 0, 0, 1]], [[0, 1, 0, 0, 0, 0], [1, 0, 0, 0, 0, 0], [0, 0, 1, 0, 0, 0], [0, 0, 0, 1, 0, 0], [0, 0, 0, 0, 1, 0], [0, 0, 0, 0, 0, 1]], [[0, 0, 1, 0, 0, 0], [0, 0, 1, 0, 0, 0], [1, 1, 1, 0, 0, 0], [0, 0, 0, 2, 0, 0], [0, 0, 0, 0, 2, 0], [0, 0, 0, 0, 0, 2]], [[0, 0, 0, 1, 0, 0], [0, 0, 0, 1, 0, 0], [0, 0, 0, 2, 0, 0], [1, 1, 2, 15, 20, 30], [0, 0, 0, 20, 21, 30], [0, 0, 0, 30, 30, 39]], [[0, 0, 0, 0, 1, 0], [0, 0, 0, 0, 1, 0], [0, 0, 0, 0, 2, 0], [0, 0, 0, 20, 21, 30], [1, 1, 2, 21, 26, 30], [0, 0, 0, 30, 30, 45]], [[0, 0, 0, 0, 0, 1], [0, 0, 0, 0, 0, 1], [0, 0, 0, 0, 0, 2], [0, 0, 0, 30, 30, 39], [0, 0, 0, 30, 30, 45], [1, 1, 2, 39, 45, 61]]]]
[32640, [1, 1, 2, 3, 120, 135], [0, 1, 2, 3, 4, 5], [2, 3, 10, 17, 128, 32640], [[[1, 0, 0, 0, 0, 0], [0, 1, 0, 0, 0, 0], [0, 0, 1, 0, 0, 0], [0, 0, 0, 1, 0, 0], [0, 0, 0, 0, 1, 0], [0, 0, 0, 0, 0, 1]], [[0, 1, 0, 0, 0, 0], [1, 0, 0, 0, 0, 0], [0, 0, 1, 0, 0, 0], [0, 0, 0, 1, 0, 0], [0, 0, 0, 0, 1, 0], [0, 0, 0, 0, 0, 1]], [[0, 0, 1, 0, 0, 0], [0, 0, 1, 0, 0, 0], [1, 1, 1, 0, 0, 0], [0, 0, 0, 2, 0, 0], [0, 0, 0, 0, 2, 0], [0, 0, 0, 0, 0, 2]], [[0, 0, 0, 1, 0, 0], [0, 0, 0, 1, 0, 0], [0, 0, 0, 2, 0, 0], [1, 1, 2, 1, 0, 0], [0, 0, 0, 0, 3, 0], [0, 0, 0, 0, 0, 3]], [[0, 0, 0, 0, 1, 0], [0, 0, 0, 0, 1, 0], [0, 0, 0, 0, 2, 0], [0, 0, 0, 0, 3, 0], [1, 1, 2, 3, 49, 63], [0, 0, 0, 0, 63, 64]], [[0, 0, 0, 0, 0, 1], [0, 0, 0, 0, 0, 1], [0, 0, 0, 0, 0, 2], [0, 0, 0, 0, 0, 3], [0, 0, 0, 0, 63, 64], [1, 1, 2, 3, 64, 78]]]]
[47058, [1, 1, 2, 66, 90, 186], [0, 1, 2, 3, 4, 5], [2, 3, 11, 23, 31, 47058], [[[1, 0, 0, 0, 0, 0], [0, 1, 0, 0, 0, 0], [0, 0, 1, 0, 0, 0], [0, 0, 0, 1, 0, 0], [0, 0, 0, 0, 1, 0], [0, 0, 0, 0, 0, 1]], [[0, 1, 0, 0, 0, 0], [1, 0, 0, 0, 0, 0], [0, 0, 1, 0, 0, 0], [0, 0, 0, 1, 0, 0], [0, 0, 0, 0, 1, 0], [0, 0, 0, 0, 0, 1]], [[0, 0, 1, 0, 0, 0], [0, 0, 1, 0, 0, 0], [1, 1, 1, 0, 0, 0], [0, 0, 0, 2, 0, 0], [0, 0, 0, 0, 2, 0], [0, 0, 0, 0, 0, 2]], [[0, 0, 0, 1, 0, 0], [0, 0, 0, 1, 0, 0], [0, 0, 0, 2, 0, 0], [1, 1, 2, 7, 6, 18], [0, 0, 0, 6, 12, 24], [0, 0, 0, 18, 24, 48]], [[0, 0, 0, 0, 1, 0], [0, 0, 0, 0, 1, 0], [0, 0, 0, 0, 2, 0], [0, 0, 0, 6, 12, 24], [1, 1, 2, 12, 15, 32], [0, 0, 0, 24, 32, 66]], [[0, 0, 0, 0, 0, 1], [0, 0, 0, 0, 0, 1], [0, 0, 0, 0, 0, 2], [0, 0, 0, 18, 24, 48], [0, 0, 0, 24, 32, 66], [1, 1, 2, 48, 66, 137]]]]
[53592, [1, 1, 2, 9, 12, 231], [0, 1, 2, 3, 4, 5], [2, 3, 11, 14, 232, 53592], [[[1, 0, 0, 0, 0, 0], [0, 1, 0, 0, 0, 0], [0, 0, 1, 0, 0, 0], [0, 0, 0, 1, 0, 0], [0, 0, 0, 0, 1, 0], [0, 0, 0, 0, 0, 1]], [[0, 1, 0, 0, 0, 0], [1, 0, 0, 0, 0, 0], [0, 0, 1, 0, 0, 0], [0, 0, 0, 1, 0, 0], [0, 0, 0, 0, 1, 0], [0, 0, 0, 0, 0, 1]], [[0, 0, 1, 0, 0, 0], [0, 0, 1, 0, 0, 0], [1, 1, 1, 0, 0, 0], [0, 0, 0, 2, 0, 0], [0, 0, 0, 0, 2, 0], [0, 0, 0, 0, 0, 2]], [[0, 0, 0, 1, 0, 0], [0, 0, 0, 1, 0, 0], [0, 0, 0, 2, 0, 0], [1, 1, 2, 3, 4, 0], [0, 0, 0, 4, 6, 0], [0, 0, 0, 0, 0, 9]], [[0, 0, 0, 0, 1, 0], [0, 0, 0, 0, 1, 0], [0, 0, 0, 0, 2, 0], [0, 0, 0, 4, 6, 0], [1, 1, 2, 6, 7, 0], [0, 0, 0, 0, 0, 12]], [[0, 0, 0, 0, 0, 1], [0, 0, 0, 0, 0, 1], [0, 0, 0, 0, 0, 2], [0, 0, 0, 0, 0, 9], [0, 0, 0, 0, 0, 12], [1, 1, 2, 9, 12, 230]]]]
[75012, [1, 1, 2, 6, 147, 231], [0, 1, 2, 3, 4, 5], [2, 3, 7, 76, 94, 75012], [[[1, 0, 0, 0, 0, 0], [0, 1, 0, 0, 0, 0], [0, 0, 1, 0, 0, 0], [0, 0, 0, 1, 0, 0], [0, 0, 0, 0, 1, 0], [0, 0, 0, 0, 0, 1]], [[0, 1, 0, 0, 0, 0], [1, 0, 0, 0, 0, 0], [0, 0, 1, 0, 0, 0], [0, 0, 0, 1, 0, 0], [0, 0, 0, 0, 1, 0], [0, 0, 0, 0, 0, 1]], [[0, 0, 1, 0, 0, 0], [0, 0, 1, 0, 0, 0], [1, 1, 1, 0, 0, 0], [0, 0, 0, 2, 0, 0], [0, 0, 0, 0, 2, 0], [0, 0, 0, 0, 0, 2]], [[0, 0, 0, 1, 0, 0], [0, 0, 0, 1, 0, 0], [0, 0, 0, 2, 0, 0], [1, 1, 2, 5, 0, 0], [0, 0, 0, 0, 6, 0], [0, 0, 0, 0, 0, 6]], [[0, 0, 0, 0, 1, 0], [0, 0, 0, 0, 1, 0], [0, 0, 0, 0, 2, 0], [0, 0, 0, 0, 6, 0], [1, 1, 2, 6, 43, 66], [0, 0, 0, 0, 66, 105]], [[0, 0, 0, 0, 0, 1], [0, 0, 0, 0, 0, 1], [0, 0, 0, 0, 0, 2], [0, 0, 0, 0, 0, 6], [0, 0, 0, 0, 66, 105], [1, 1, 2, 6, 105, 164]]]]
[78540, [1, 1, 2, 6, 63, 273], [0, 1, 2, 3, 4, 5], [2, 3, 7, 68, 110, 78540], [[[1, 0, 0, 0, 0, 0], [0, 1, 0, 0, 0, 0], [0, 0, 1, 0, 0, 0], [0, 0, 0, 1, 0, 0], [0, 0, 0, 0, 1, 0], [0, 0, 0, 0, 0, 1]], [[0, 1, 0, 0, 0, 0], [1, 0, 0, 0, 0, 0], [0, 0, 1, 0, 0, 0], [0, 0, 0, 1, 0, 0], [0, 0, 0, 0, 1, 0], [0, 0, 0, 0, 0, 1]], [[0, 0, 1, 0, 0, 0], [0, 0, 1, 0, 0, 0], [1, 1, 1, 0, 0, 0], [0, 0, 0, 2, 0, 0], [0, 0, 0, 0, 2, 0], [0, 0, 0, 0, 0, 2]], [[0, 0, 0, 1, 0, 0], [0, 0, 0, 1, 0, 0], [0, 0, 0, 2, 0, 0], [1, 1, 2, 5, 0, 0], [0, 0, 0, 0, 6, 0], [0, 0, 0, 0, 0, 6]], [[0, 0, 0, 0, 1, 0], [0, 0, 0, 0, 1, 0], [0, 0, 0, 0, 2, 0], [0, 0, 0, 0, 6, 0], [1, 1, 2, 6, 6, 13], [0, 0, 0, 0, 13, 60]], [[0, 0, 0, 0, 0, 1], [0, 0, 0, 0, 0, 1], [0, 0, 0, 0, 0, 2], [0, 0, 0, 0, 0, 6], [0, 0, 0, 0, 13, 60], [1, 1, 2, 6, 60, 259]]]]
[97656, [1, 1, 2, 9, 15, 312], [0, 1, 2, 3, 4, 5], [2, 3, 8, 26, 313, 97656], [[[1, 0, 0, 0, 0, 0], [0, 1, 0, 0, 0, 0], [0, 0, 1, 0, 0, 0], [0, 0, 0, 1, 0, 0], [0, 0, 0, 0, 1, 0], [0, 0, 0, 0, 0, 1]], [[0, 1, 0, 0, 0, 0], [1, 0, 0, 0, 0, 0], [0, 0, 1, 0, 0, 0], [0, 0, 0, 1, 0, 0], [0, 0, 0, 0, 1, 0], [0, 0, 0, 0, 0, 1]], [[0, 0, 1, 0, 0, 0], [0, 0, 1, 0, 0, 0], [1, 1, 1, 0, 0, 0], [0, 0, 0, 2, 0, 0], [0, 0, 0, 0, 2, 0], [0, 0, 0, 0, 0, 2]], [[0, 0, 0, 1, 0, 0], [0, 0, 0, 1, 0, 0], [0, 0, 0, 2, 0, 0], [1, 1, 2, 0, 5, 0], [0, 0, 0, 5, 6, 0], [0, 0, 0, 0, 0, 9]], [[0, 0, 0, 0, 1, 0], [0, 0, 0, 0, 1, 0], [0, 0, 0, 0, 2, 0], [0, 0, 0, 5, 6, 0], [1, 1, 2, 6, 11, 0], [0, 0, 0, 0, 0, 15]], [[0, 0, 0, 0, 0, 1], [0, 0, 0, 0, 0, 1], [0, 0, 0, 0, 0, 2], [0, 0, 0, 0, 0, 9], [0, 0, 0, 0, 0, 15], [1, 1, 2, 9, 15, 311]]]]

