Comprehensive classification of integral non-1-Frobenius Drinfeld rings of rank 7 with FPdim <= 5000   
#items = 113

Here is how to read each item: [FPdim,type,duality,formal codegrees,fusion data]

[90,[1,1,2,4,4,4,6],[0,1,2,3,4,5,6],[2,9,9,9,10,18,90],[[[1,0,0,0,0,0,0],[0,1,0,0,0,0,0],[0,0,1,0,0,0,0],[0,0,0,1,0,0,0],[0,0,0,0,1,0,0],[0,0,0,0,0,1,0],[0,0,0,0,0,0,1]],[[0,1,0,0,0,0,0],[1,0,0,0,0,0,0],[0,0,1,0,0,0,0],[0,0,0,1,0,0,0],[0,0,0,0,1,0,0],[0,0,0,0,0,1,0],[0,0,0,0,0,0,1]],[[0,0,1,0,0,0,0],[0,0,1,0,0,0,0],[1,1,1,0,0,0,0],[0,0,0,0,1,1,0],[0,0,0,1,0,1,0],[0,0,0,1,1,0,0],[0,0,0,0,0,0,2]],[[0,0,0,1,0,0,0],[0,0,0,1,0,0,0],[0,0,0,0,1,1,0],[1,1,0,0,1,1,1],[0,0,1,1,1,0,1],[0,0,1,1,0,1,1],[0,0,0,1,1,1,2]],[[0,0,0,0,1,0,0],[0,0,0,0,1,0,0],[0,0,0,1,0,1,0],[0,0,1,1,1,0,1],[1,1,0,1,0,1,1],[0,0,1,0,1,1,1],[0,0,0,1,1,1,2]],[[0,0,0,0,0,1,0],[0,0,0,0,0,1,0],[0,0,0,1,1,0,0],[0,0,1,1,0,1,1],[0,0,1,0,1,1,1],[1,1,0,1,1,0,1],[0,0,0,1,1,1,2]],[[0,0,0,0,0,0,1],[0,0,0,0,0,0,1],[0,0,0,0,0,0,2],[0,0,0,1,1,1,2],[0,0,0,1,1,1,2],[0,0,0,1,1,1,2],[1,1,2,2,2,2,1]]]]
[90,[1,1,2,4,4,4,6],[0,1,2,3,4,5,6],[2,9,9,9,10,18,90],[[[1,0,0,0,0,0,0],[0,1,0,0,0,0,0],[0,0,1,0,0,0,0],[0,0,0,1,0,0,0],[0,0,0,0,1,0,0],[0,0,0,0,0,1,0],[0,0,0,0,0,0,1]],[[0,1,0,0,0,0,0],[1,0,0,0,0,0,0],[0,0,1,0,0,0,0],[0,0,0,1,0,0,0],[0,0,0,0,1,0,0],[0,0,0,0,0,1,0],[0,0,0,0,0,0,1]],[[0,0,1,0,0,0,0],[0,0,1,0,0,0,0],[1,1,1,0,0,0,0],[0,0,0,0,1,1,0],[0,0,0,1,0,1,0],[0,0,0,1,1,0,0],[0,0,0,0,0,0,2]],[[0,0,0,1,0,0,0],[0,0,0,1,0,0,0],[0,0,0,0,1,1,0],[1,1,0,1,0,1,1],[0,0,1,0,1,1,1],[0,0,1,1,1,0,1],[0,0,0,1,1,1,2]],[[0,0,0,0,1,0,0],[0,0,0,0,1,0,0],[0,0,0,1,0,1,0],[0,0,1,0,1,1,1],[1,1,0,1,1,0,1],[0,0,1,1,0,1,1],[0,0,0,1,1,1,2]],[[0,0,0,0,0,1,0],[0,0,0,0,0,1,0],[0,0,0,1,1,0,0],[0,0,1,1,1,0,1],[0,0,1,1,0,1,1],[1,1,0,0,1,1,1],[0,0,0,1,1,1,2]],[[0,0,0,0,0,0,1],[0,0,0,0,0,0,1],[0,0,0,0,0,0,2],[0,0,0,1,1,1,2],[0,0,0,1,1,1,2],[0,0,0,1,1,1,2],[1,1,2,2,2,2,1]]]]
[140,[1,1,1,1,6,6,8],[0,1,2,3,4,5,6],[4,4,4,7,20,20,140],[[[1,0,0,0,0,0,0],[0,1,0,0,0,0,0],[0,0,1,0,0,0,0],[0,0,0,1,0,0,0],[0,0,0,0,1,0,0],[0,0,0,0,0,1,0],[0,0,0,0,0,0,1]],[[0,1,0,0,0,0,0],[1,0,0,0,0,0,0],[0,0,0,1,0,0,0],[0,0,1,0,0,0,0],[0,0,0,0,1,0,0],[0,0,0,0,0,1,0],[0,0,0,0,0,0,1]],[[0,0,1,0,0,0,0],[0,0,0,1,0,0,0],[1,0,0,0,0,0,0],[0,1,0,0,0,0,0],[0,0,0,0,1,0,0],[0,0,0,0,0,1,0],[0,0,0,0,0,0,1]],[[0,0,0,1,0,0,0],[0,0,1,0,0,0,0],[0,1,0,0,0,0,0],[1,0,0,0,0,0,0],[0,0,0,0,1,0,0],[0,0,0,0,0,1,0],[0,0,0,0,0,0,1]],[[0,0,0,0,1,0,0],[0,0,0,0,1,0,0],[0,0,0,0,1,0,0],[0,0,0,0,1,0,0],[1,1,1,1,3,1,1],[0,0,0,0,1,1,3],[0,0,0,0,1,3,3]],[[0,0,0,0,0,1,0],[0,0,0,0,0,1,0],[0,0,0,0,0,1,0],[0,0,0,0,0,1,0],[0,0,0,0,1,1,3],[1,1,1,1,1,3,1],[0,0,0,0,3,1,3]],[[0,0,0,0,0,0,1],[0,0,0,0,0,0,1],[0,0,0,0,0,0,1],[0,0,0,0,0,0,1],[0,0,0,0,1,3,3],[0,0,0,0,3,1,3],[1,1,1,1,3,3,3]]]]
[140,[1,1,1,1,6,6,8],[0,1,2,3,5,4,6],[4,4,4,7,20,20,140],[[[1,0,0,0,0,0,0],[0,1,0,0,0,0,0],[0,0,1,0,0,0,0],[0,0,0,1,0,0,0],[0,0,0,0,1,0,0],[0,0,0,0,0,1,0],[0,0,0,0,0,0,1]],[[0,1,0,0,0,0,0],[1,0,0,0,0,0,0],[0,0,0,1,0,0,0],[0,0,1,0,0,0,0],[0,0,0,0,1,0,0],[0,0,0,0,0,1,0],[0,0,0,0,0,0,1]],[[0,0,1,0,0,0,0],[0,0,0,1,0,0,0],[1,0,0,0,0,0,0],[0,1,0,0,0,0,0],[0,0,0,0,1,0,0],[0,0,0,0,0,1,0],[0,0,0,0,0,0,1]],[[0,0,0,1,0,0,0],[0,0,1,0,0,0,0],[0,1,0,0,0,0,0],[1,0,0,0,0,0,0],[0,0,0,0,1,0,0],[0,0,0,0,0,1,0],[0,0,0,0,0,0,1]],[[0,0,0,0,1,0,0],[0,0,0,0,1,0,0],[0,0,0,0,1,0,0],[0,0,0,0,1,0,0],[0,0,0,0,2,0,3],[1,1,1,1,2,2,1],[0,0,0,0,1,3,3]],[[0,0,0,0,0,1,0],[0,0,0,0,0,1,0],[0,0,0,0,0,1,0],[0,0,0,0,0,1,0],[1,1,1,1,2,2,1],[0,0,0,0,0,2,3],[0,0,0,0,3,1,3]],[[0,0,0,0,0,0,1],[0,0,0,0,0,0,1],[0,0,0,0,0,0,1],[0,0,0,0,0,0,1],[0,0,0,0,1,3,3],[0,0,0,0,3,1,3],[1,1,1,1,3,3,3]]]]
[140,[1,1,1,1,6,6,8],[0,1,3,2,4,5,6],[4,4,4,7,20,20,140],[[[1,0,0,0,0,0,0],[0,1,0,0,0,0,0],[0,0,1,0,0,0,0],[0,0,0,1,0,0,0],[0,0,0,0,1,0,0],[0,0,0,0,0,1,0],[0,0,0,0,0,0,1]],[[0,1,0,0,0,0,0],[1,0,0,0,0,0,0],[0,0,0,1,0,0,0],[0,0,1,0,0,0,0],[0,0,0,0,1,0,0],[0,0,0,0,0,1,0],[0,0,0,0,0,0,1]],[[0,0,1,0,0,0,0],[0,0,0,1,0,0,0],[0,1,0,0,0,0,0],[1,0,0,0,0,0,0],[0,0,0,0,1,0,0],[0,0,0,0,0,1,0],[0,0,0,0,0,0,1]],[[0,0,0,1,0,0,0],[0,0,1,0,0,0,0],[1,0,0,0,0,0,0],[0,1,0,0,0,0,0],[0,0,0,0,1,0,0],[0,0,0,0,0,1,0],[0,0,0,0,0,0,1]],[[0,0,0,0,1,0,0],[0,0,0,0,1,0,0],[0,0,0,0,1,0,0],[0,0,0,0,1,0,0],[1,1,1,1,3,1,1],[0,0,0,0,1,1,3],[0,0,0,0,1,3,3]],[[0,0,0,0,0,1,0],[0,0,0,0,0,1,0],[0,0,0,0,0,1,0],[0,0,0,0,0,1,0],[0,0,0,0,1,1,3],[1,1,1,1,1,3,1],[0,0,0,0,3,1,3]],[[0,0,0,0,0,0,1],[0,0,0,0,0,0,1],[0,0,0,0,0,0,1],[0,0,0,0,0,0,1],[0,0,0,0,1,3,3],[0,0,0,0,3,1,3],[1,1,1,1,3,3,3]]]]
[140,[1,1,1,1,6,6,8],[0,1,3,2,5,4,6],[4,4,4,7,20,20,140],[[[1,0,0,0,0,0,0],[0,1,0,0,0,0,0],[0,0,1,0,0,0,0],[0,0,0,1,0,0,0],[0,0,0,0,1,0,0],[0,0,0,0,0,1,0],[0,0,0,0,0,0,1]],[[0,1,0,0,0,0,0],[1,0,0,0,0,0,0],[0,0,0,1,0,0,0],[0,0,1,0,0,0,0],[0,0,0,0,1,0,0],[0,0,0,0,0,1,0],[0,0,0,0,0,0,1]],[[0,0,1,0,0,0,0],[0,0,0,1,0,0,0],[0,1,0,0,0,0,0],[1,0,0,0,0,0,0],[0,0,0,0,1,0,0],[0,0,0,0,0,1,0],[0,0,0,0,0,0,1]],[[0,0,0,1,0,0,0],[0,0,1,0,0,0,0],[1,0,0,0,0,0,0],[0,1,0,0,0,0,0],[0,0,0,0,1,0,0],[0,0,0,0,0,1,0],[0,0,0,0,0,0,1]],[[0,0,0,0,1,0,0],[0,0,0,0,1,0,0],[0,0,0,0,1,0,0],[0,0,0,0,1,0,0],[0,0,0,0,2,0,3],[1,1,1,1,2,2,1],[0,0,0,0,1,3,3]],[[0,0,0,0,0,1,0],[0,0,0,0,0,1,0],[0,0,0,0,0,1,0],[0,0,0,0,0,1,0],[1,1,1,1,2,2,1],[0,0,0,0,0,2,3],[0,0,0,0,3,1,3]],[[0,0,0,0,0,0,1],[0,0,0,0,0,0,1],[0,0,0,0,0,0,1],[0,0,0,0,0,0,1],[0,0,0,0,1,3,3],[0,0,0,0,3,1,3],[1,1,1,1,3,3,3]]]]
[176,[1,1,1,1,6,6,10],[0,1,2,3,5,4,6],[4,4,4,11,11,16,176],[[[1,0,0,0,0,0,0],[0,1,0,0,0,0,0],[0,0,1,0,0,0,0],[0,0,0,1,0,0,0],[0,0,0,0,1,0,0],[0,0,0,0,0,1,0],[0,0,0,0,0,0,1]],[[0,1,0,0,0,0,0],[1,0,0,0,0,0,0],[0,0,0,1,0,0,0],[0,0,1,0,0,0,0],[0,0,0,0,1,0,0],[0,0,0,0,0,1,0],[0,0,0,0,0,0,1]],[[0,0,1,0,0,0,0],[0,0,0,1,0,0,0],[1,0,0,0,0,0,0],[0,1,0,0,0,0,0],[0,0,0,0,1,0,0],[0,0,0,0,0,1,0],[0,0,0,0,0,0,1]],[[0,0,0,1,0,0,0],[0,0,1,0,0,0,0],[0,1,0,0,0,0,0],[1,0,0,0,0,0,0],[0,0,0,0,1,0,0],[0,0,0,0,0,1,0],[0,0,0,0,0,0,1]],[[0,0,0,0,1,0,0],[0,0,0,0,1,0,0],[0,0,0,0,1,0,0],[0,0,0,0,1,0,0],[0,0,0,0,1,0,3],[1,1,1,1,1,1,2],[0,0,0,0,2,3,3]],[[0,0,0,0,0,1,0],[0,0,0,0,0,1,0],[0,0,0,0,0,1,0],[0,0,0,0,0,1,0],[1,1,1,1,1,1,2],[0,0,0,0,0,1,3],[0,0,0,0,3,2,3]],[[0,0,0,0,0,0,1],[0,0,0,0,0,0,1],[0,0,0,0,0,0,1],[0,0,0,0,0,0,1],[0,0,0,0,2,3,3],[0,0,0,0,3,2,3],[1,1,1,1,3,3,6]]]]
[176,[1,1,1,1,6,6,10],[0,1,3,2,5,4,6],[4,4,4,11,11,16,176],[[[1,0,0,0,0,0,0],[0,1,0,0,0,0,0],[0,0,1,0,0,0,0],[0,0,0,1,0,0,0],[0,0,0,0,1,0,0],[0,0,0,0,0,1,0],[0,0,0,0,0,0,1]],[[0,1,0,0,0,0,0],[1,0,0,0,0,0,0],[0,0,0,1,0,0,0],[0,0,1,0,0,0,0],[0,0,0,0,1,0,0],[0,0,0,0,0,1,0],[0,0,0,0,0,0,1]],[[0,0,1,0,0,0,0],[0,0,0,1,0,0,0],[0,1,0,0,0,0,0],[1,0,0,0,0,0,0],[0,0,0,0,1,0,0],[0,0,0,0,0,1,0],[0,0,0,0,0,0,1]],[[0,0,0,1,0,0,0],[0,0,1,0,0,0,0],[1,0,0,0,0,0,0],[0,1,0,0,0,0,0],[0,0,0,0,1,0,0],[0,0,0,0,0,1,0],[0,0,0,0,0,0,1]],[[0,0,0,0,1,0,0],[0,0,0,0,1,0,0],[0,0,0,0,1,0,0],[0,0,0,0,1,0,0],[0,0,0,0,1,0,3],[1,1,1,1,1,1,2],[0,0,0,0,2,3,3]],[[0,0,0,0,0,1,0],[0,0,0,0,0,1,0],[0,0,0,0,0,1,0],[0,0,0,0,0,1,0],[1,1,1,1,1,1,2],[0,0,0,0,0,1,3],[0,0,0,0,3,2,3]],[[0,0,0,0,0,0,1],[0,0,0,0,0,0,1],[0,0,0,0,0,0,1],[0,0,0,0,0,0,1],[0,0,0,0,2,3,3],[0,0,0,0,3,2,3],[1,1,1,1,3,3,6]]]]
[240,[1,1,2,6,6,9,9],[0,1,2,3,4,5,6],[3,4,6,10,12,16,240],[[[1,0,0,0,0,0,0],[0,1,0,0,0,0,0],[0,0,1,0,0,0,0],[0,0,0,1,0,0,0],[0,0,0,0,1,0,0],[0,0,0,0,0,1,0],[0,0,0,0,0,0,1]],[[0,1,0,0,0,0,0],[1,0,0,0,0,0,0],[0,0,1,0,0,0,0],[0,0,0,0,1,0,0],[0,0,0,1,0,0,0],[0,0,0,0,0,0,1],[0,0,0,0,0,1,0]],[[0,0,1,0,0,0,0],[0,0,1,0,0,0,0],[1,1,1,0,0,0,0],[0,0,0,1,1,0,0],[0,0,0,1,1,0,0],[0,0,0,0,0,1,1],[0,0,0,0,0,1,1]],[[0,0,0,1,0,0,0],[0,0,0,0,1,0,0],[0,0,0,1,1,0,0],[1,0,1,0,1,1,2],[0,1,1,1,0,2,1],[0,0,0,1,2,2,2],[0,0,0,2,1,2,2]],[[0,0,0,0,1,0,0],[0,0,0,1,0,0,0],[0,0,0,1,1,0,0],[0,1,1,1,0,2,1],[1,0,1,0,1,1,2],[0,0,0,2,1,2,2],[0,0,0,1,2,2,2]],[[0,0,0,0,0,1,0],[0,0,0,0,0,0,1],[0,0,0,0,0,1,1],[0,0,0,1,2,2,2],[0,0,0,2,1,2,2],[1,0,1,2,2,3,3],[0,1,1,2,2,3,3]],[[0,0,0,0,0,0,1],[0,0,0,0,0,1,0],[0,0,0,0,0,1,1],[0,0,0,2,1,2,2],[0,0,0,1,2,2,2],[0,1,1,2,2,3,3],[1,0,1,2,2,3,3]]]]
[240,[1,1,2,6,6,9,9],[0,1,2,3,4,5,6],[3,4,4,16,20,20,240],[[[1,0,0,0,0,0,0],[0,1,0,0,0,0,0],[0,0,1,0,0,0,0],[0,0,0,1,0,0,0],[0,0,0,0,1,0,0],[0,0,0,0,0,1,0],[0,0,0,0,0,0,1]],[[0,1,0,0,0,0,0],[1,0,0,0,0,0,0],[0,0,1,0,0,0,0],[0,0,0,1,0,0,0],[0,0,0,0,1,0,0],[0,0,0,0,0,0,1],[0,0,0,0,0,1,0]],[[0,0,1,0,0,0,0],[0,0,1,0,0,0,0],[1,1,1,0,0,0,0],[0,0,0,2,0,0,0],[0,0,0,0,2,0,0],[0,0,0,0,0,1,1],[0,0,0,0,0,1,1]],[[0,0,0,1,0,0,0],[0,0,0,1,0,0,0],[0,0,0,2,0,0,0],[1,1,2,2,0,1,1],[0,0,0,0,0,2,2],[0,0,0,1,2,2,2],[0,0,0,1,2,2,2]],[[0,0,0,0,1,0,0],[0,0,0,0,1,0,0],[0,0,0,0,2,0,0],[0,0,0,0,0,2,2],[1,1,2,0,2,1,1],[0,0,0,2,1,2,2],[0,0,0,2,1,2,2]],[[0,0,0,0,0,1,0],[0,0,0,0,0,0,1],[0,0,0,0,0,1,1],[0,0,0,1,2,2,2],[0,0,0,2,1,2,2],[1,0,1,2,2,3,3],[0,1,1,2,2,3,3]],[[0,0,0,0,0,0,1],[0,0,0,0,0,1,0],[0,0,0,0,0,1,1],[0,0,0,1,2,2,2],[0,0,0,2,1,2,2],[0,1,1,2,2,3,3],[1,0,1,2,2,3,3]]]]
[240,[1,1,2,6,6,9,9],[0,1,2,3,4,6,5],[3,4,4,16,20,20,240],[[[1,0,0,0,0,0,0],[0,1,0,0,0,0,0],[0,0,1,0,0,0,0],[0,0,0,1,0,0,0],[0,0,0,0,1,0,0],[0,0,0,0,0,1,0],[0,0,0,0,0,0,1]],[[0,1,0,0,0,0,0],[1,0,0,0,0,0,0],[0,0,1,0,0,0,0],[0,0,0,1,0,0,0],[0,0,0,0,1,0,0],[0,0,0,0,0,0,1],[0,0,0,0,0,1,0]],[[0,0,1,0,0,0,0],[0,0,1,0,0,0,0],[1,1,1,0,0,0,0],[0,0,0,2,0,0,0],[0,0,0,0,2,0,0],[0,0,0,0,0,1,1],[0,0,0,0,0,1,1]],[[0,0,0,1,0,0,0],[0,0,0,1,0,0,0],[0,0,0,2,0,0,0],[1,1,2,2,0,1,1],[0,0,0,0,0,2,2],[0,0,0,1,2,2,2],[0,0,0,1,2,2,2]],[[0,0,0,0,1,0,0],[0,0,0,0,1,0,0],[0,0,0,0,2,0,0],[0,0,0,0,0,2,2],[1,1,2,0,2,1,1],[0,0,0,2,1,2,2],[0,0,0,2,1,2,2]],[[0,0,0,0,0,1,0],[0,0,0,0,0,0,1],[0,0,0,0,0,1,1],[0,0,0,1,2,2,2],[0,0,0,2,1,2,2],[0,1,1,2,2,3,3],[1,0,1,2,2,3,3]],[[0,0,0,0,0,0,1],[0,0,0,0,0,1,0],[0,0,0,0,0,1,1],[0,0,0,1,2,2,2],[0,0,0,2,1,2,2],[1,0,1,2,2,3,3],[0,1,1,2,2,3,3]]]]
[390,[1,1,1,9,9,9,12],[0,2,1,3,4,5,6],[3,3,10,13,13,13,390],[[[1,0,0,0,0,0,0],[0,1,0,0,0,0,0],[0,0,1,0,0,0,0],[0,0,0,1,0,0,0],[0,0,0,0,1,0,0],[0,0,0,0,0,1,0],[0,0,0,0,0,0,1]],[[0,1,0,0,0,0,0],[0,0,1,0,0,0,0],[1,0,0,0,0,0,0],[0,0,0,1,0,0,0],[0,0,0,0,1,0,0],[0,0,0,0,0,1,0],[0,0,0,0,0,0,1]],[[0,0,1,0,0,0,0],[1,0,0,0,0,0,0],[0,1,0,0,0,0,0],[0,0,0,1,0,0,0],[0,0,0,0,1,0,0],[0,0,0,0,0,1,0],[0,0,0,0,0,0,1]],[[0,0,0,1,0,0,0],[0,0,0,1,0,0,0],[0,0,0,1,0,0,0],[1,1,1,3,1,2,2],[0,0,0,1,2,2,3],[0,0,0,2,2,1,3],[0,0,0,2,3,3,3]],[[0,0,0,0,1,0,0],[0,0,0,0,1,0,0],[0,0,0,0,1,0,0],[0,0,0,1,2,2,3],[1,1,1,2,3,1,2],[0,0,0,2,1,2,3],[0,0,0,3,2,3,3]],[[0,0,0,0,0,1,0],[0,0,0,0,0,1,0],[0,0,0,0,0,1,0],[0,0,0,2,2,1,3],[0,0,0,2,1,2,3],[1,1,1,1,2,3,2],[0,0,0,3,3,2,3]],[[0,0,0,0,0,0,1],[0,0,0,0,0,0,1],[0,0,0,0,0,0,1],[0,0,0,2,3,3,3],[0,0,0,3,2,3,3],[0,0,0,3,3,2,3],[1,1,1,3,3,3,5]]]]
[408,[1,1,1,3,10,10,14],[0,2,1,3,5,4,6],[3,3,4,24,51,51,408],[[[1,0,0,0,0,0,0],[0,1,0,0,0,0,0],[0,0,1,0,0,0,0],[0,0,0,1,0,0,0],[0,0,0,0,1,0,0],[0,0,0,0,0,1,0],[0,0,0,0,0,0,1]],[[0,1,0,0,0,0,0],[0,0,1,0,0,0,0],[1,0,0,0,0,0,0],[0,0,0,1,0,0,0],[0,0,0,0,1,0,0],[0,0,0,0,0,1,0],[0,0,0,0,0,0,1]],[[0,0,1,0,0,0,0],[1,0,0,0,0,0,0],[0,1,0,0,0,0,0],[0,0,0,1,0,0,0],[0,0,0,0,1,0,0],[0,0,0,0,0,1,0],[0,0,0,0,0,0,1]],[[0,0,0,1,0,0,0],[0,0,0,1,0,0,0],[0,0,0,1,0,0,0],[1,1,1,2,0,0,0],[0,0,0,0,3,0,0],[0,0,0,0,0,3,0],[0,0,0,0,0,0,3]],[[0,0,0,0,1,0,0],[0,0,0,0,1,0,0],[0,0,0,0,1,0,0],[0,0,0,0,3,0,0],[0,0,0,0,3,0,5],[1,1,1,3,3,3,2],[0,0,0,0,2,5,5]],[[0,0,0,0,0,1,0],[0,0,0,0,0,1,0],[0,0,0,0,0,1,0],[0,0,0,0,0,3,0],[1,1,1,3,3,3,2],[0,0,0,0,0,3,5],[0,0,0,0,5,2,5]],[[0,0,0,0,0,0,1],[0,0,0,0,0,0,1],[0,0,0,0,0,0,1],[0,0,0,0,0,0,3],[0,0,0,0,2,5,5],[0,0,0,0,5,2,5],[1,1,1,3,5,5,6]]]]
[420,[1,1,1,1,4,12,16],[0,1,2,3,4,5,6],[4,4,4,5,30,70,420],[[[1,0,0,0,0,0,0],[0,1,0,0,0,0,0],[0,0,1,0,0,0,0],[0,0,0,1,0,0,0],[0,0,0,0,1,0,0],[0,0,0,0,0,1,0],[0,0,0,0,0,0,1]],[[0,1,0,0,0,0,0],[1,0,0,0,0,0,0],[0,0,0,1,0,0,0],[0,0,1,0,0,0,0],[0,0,0,0,1,0,0],[0,0,0,0,0,1,0],[0,0,0,0,0,0,1]],[[0,0,1,0,0,0,0],[0,0,0,1,0,0,0],[1,0,0,0,0,0,0],[0,1,0,0,0,0,0],[0,0,0,0,1,0,0],[0,0,0,0,0,1,0],[0,0,0,0,0,0,1]],[[0,0,0,1,0,0,0],[0,0,1,0,0,0,0],[0,1,0,0,0,0,0],[1,0,0,0,0,0,0],[0,0,0,0,1,0,0],[0,0,0,0,0,1,0],[0,0,0,0,0,0,1]],[[0,0,0,0,1,0,0],[0,0,0,0,1,0,0],[0,0,0,0,1,0,0],[0,0,0,0,1,0,0],[1,1,1,1,3,0,0],[0,0,0,0,0,4,0],[0,0,0,0,0,0,4]],[[0,0,0,0,0,1,0],[0,0,0,0,0,1,0],[0,0,0,0,0,1,0],[0,0,0,0,0,1,0],[0,0,0,0,0,4,0],[1,1,1,1,4,5,4],[0,0,0,0,0,4,9]],[[0,0,0,0,0,0,1],[0,0,0,0,0,0,1],[0,0,0,0,0,0,1],[0,0,0,0,0,0,1],[0,0,0,0,0,0,4],[0,0,0,0,0,4,9],[1,1,1,1,4,9,8]]]]
[420,[1,1,1,1,4,12,16],[0,1,3,2,4,5,6],[4,4,4,5,30,70,420],[[[1,0,0,0,0,0,0],[0,1,0,0,0,0,0],[0,0,1,0,0,0,0],[0,0,0,1,0,0,0],[0,0,0,0,1,0,0],[0,0,0,0,0,1,0],[0,0,0,0,0,0,1]],[[0,1,0,0,0,0,0],[1,0,0,0,0,0,0],[0,0,0,1,0,0,0],[0,0,1,0,0,0,0],[0,0,0,0,1,0,0],[0,0,0,0,0,1,0],[0,0,0,0,0,0,1]],[[0,0,1,0,0,0,0],[0,0,0,1,0,0,0],[0,1,0,0,0,0,0],[1,0,0,0,0,0,0],[0,0,0,0,1,0,0],[0,0,0,0,0,1,0],[0,0,0,0,0,0,1]],[[0,0,0,1,0,0,0],[0,0,1,0,0,0,0],[1,0,0,0,0,0,0],[0,1,0,0,0,0,0],[0,0,0,0,1,0,0],[0,0,0,0,0,1,0],[0,0,0,0,0,0,1]],[[0,0,0,0,1,0,0],[0,0,0,0,1,0,0],[0,0,0,0,1,0,0],[0,0,0,0,1,0,0],[1,1,1,1,3,0,0],[0,0,0,0,0,4,0],[0,0,0,0,0,0,4]],[[0,0,0,0,0,1,0],[0,0,0,0,0,1,0],[0,0,0,0,0,1,0],[0,0,0,0,0,1,0],[0,0,0,0,0,4,0],[1,1,1,1,4,5,4],[0,0,0,0,0,4,9]],[[0,0,0,0,0,0,1],[0,0,0,0,0,0,1],[0,0,0,0,0,0,1],[0,0,0,0,0,0,1],[0,0,0,0,0,0,4],[0,0,0,0,0,4,9],[1,1,1,1,4,9,8]]]]
[468,[1,1,1,3,10,10,16],[0,2,1,3,4,5,6],[3,3,6,12,18,39,468],[[[1,0,0,0,0,0,0],[0,1,0,0,0,0,0],[0,0,1,0,0,0,0],[0,0,0,1,0,0,0],[0,0,0,0,1,0,0],[0,0,0,0,0,1,0],[0,0,0,0,0,0,1]],[[0,1,0,0,0,0,0],[0,0,1,0,0,0,0],[1,0,0,0,0,0,0],[0,0,0,1,0,0,0],[0,0,0,0,1,0,0],[0,0,0,0,0,1,0],[0,0,0,0,0,0,1]],[[0,0,1,0,0,0,0],[1,0,0,0,0,0,0],[0,1,0,0,0,0,0],[0,0,0,1,0,0,0],[0,0,0,0,1,0,0],[0,0,0,0,0,1,0],[0,0,0,0,0,0,1]],[[0,0,0,1,0,0,0],[0,0,0,1,0,0,0],[0,0,0,1,0,0,0],[1,1,1,2,0,0,0],[0,0,0,0,1,2,0],[0,0,0,0,2,1,0],[0,0,0,0,0,0,3]],[[0,0,0,0,1,0,0],[0,0,0,0,1,0,0],[0,0,0,0,1,0,0],[0,0,0,0,1,2,0],[1,1,1,1,1,2,4],[0,0,0,2,2,1,4],[0,0,0,0,4,4,5]],[[0,0,0,0,0,1,0],[0,0,0,0,0,1,0],[0,0,0,0,0,1,0],[0,0,0,0,2,1,0],[0,0,0,2,2,1,4],[1,1,1,1,1,2,4],[0,0,0,0,4,4,5]],[[0,0,0,0,0,0,1],[0,0,0,0,0,0,1],[0,0,0,0,0,0,1],[0,0,0,0,0,0,3],[0,0,0,0,4,4,5],[0,0,0,0,4,4,5],[1,1,1,3,5,5,9]]]]
[468,[1,1,1,3,10,10,16],[0,2,1,3,4,5,6],[3,3,4,36,36,39,468],[[[1,0,0,0,0,0,0],[0,1,0,0,0,0,0],[0,0,1,0,0,0,0],[0,0,0,1,0,0,0],[0,0,0,0,1,0,0],[0,0,0,0,0,1,0],[0,0,0,0,0,0,1]],[[0,1,0,0,0,0,0],[0,0,1,0,0,0,0],[1,0,0,0,0,0,0],[0,0,0,1,0,0,0],[0,0,0,0,1,0,0],[0,0,0,0,0,1,0],[0,0,0,0,0,0,1]],[[0,0,1,0,0,0,0],[1,0,0,0,0,0,0],[0,1,0,0,0,0,0],[0,0,0,1,0,0,0],[0,0,0,0,1,0,0],[0,0,0,0,0,1,0],[0,0,0,0,0,0,1]],[[0,0,0,1,0,0,0],[0,0,0,1,0,0,0],[0,0,0,1,0,0,0],[1,1,1,2,0,0,0],[0,0,0,0,3,0,0],[0,0,0,0,0,3,0],[0,0,0,0,0,0,3]],[[0,0,0,0,1,0,0],[0,0,0,0,1,0,0],[0,0,0,0,1,0,0],[0,0,0,0,3,0,0],[1,1,1,3,3,1,3],[0,0,0,0,1,1,5],[0,0,0,0,3,5,5]],[[0,0,0,0,0,1,0],[0,0,0,0,0,1,0],[0,0,0,0,0,1,0],[0,0,0,0,0,3,0],[0,0,0,0,1,1,5],[1,1,1,3,1,3,3],[0,0,0,0,5,3,5]],[[0,0,0,0,0,0,1],[0,0,0,0,0,0,1],[0,0,0,0,0,0,1],[0,0,0,0,0,0,3],[0,0,0,0,3,5,5],[0,0,0,0,5,3,5],[1,1,1,3,5,5,9]]]]
[468,[1,1,1,3,10,10,16],[0,2,1,3,5,4,6],[3,3,4,36,36,39,468],[[[1,0,0,0,0,0,0],[0,1,0,0,0,0,0],[0,0,1,0,0,0,0],[0,0,0,1,0,0,0],[0,0,0,0,1,0,0],[0,0,0,0,0,1,0],[0,0,0,0,0,0,1]],[[0,1,0,0,0,0,0],[0,0,1,0,0,0,0],[1,0,0,0,0,0,0],[0,0,0,1,0,0,0],[0,0,0,0,1,0,0],[0,0,0,0,0,1,0],[0,0,0,0,0,0,1]],[[0,0,1,0,0,0,0],[1,0,0,0,0,0,0],[0,1,0,0,0,0,0],[0,0,0,1,0,0,0],[0,0,0,0,1,0,0],[0,0,0,0,0,1,0],[0,0,0,0,0,0,1]],[[0,0,0,1,0,0,0],[0,0,0,1,0,0,0],[0,0,0,1,0,0,0],[1,1,1,2,0,0,0],[0,0,0,0,3,0,0],[0,0,0,0,0,3,0],[0,0,0,0,0,0,3]],[[0,0,0,0,1,0,0],[0,0,0,0,1,0,0],[0,0,0,0,1,0,0],[0,0,0,0,3,0,0],[0,0,0,0,2,0,5],[1,1,1,3,2,2,3],[0,0,0,0,3,5,5]],[[0,0,0,0,0,1,0],[0,0,0,0,0,1,0],[0,0,0,0,0,1,0],[0,0,0,0,0,3,0],[1,1,1,3,2,2,3],[0,0,0,0,0,2,5],[0,0,0,0,5,3,5]],[[0,0,0,0,0,0,1],[0,0,0,0,0,0,1],[0,0,0,0,0,0,1],[0,0,0,0,0,0,3],[0,0,0,0,3,5,5],[0,0,0,0,5,3,5],[1,1,1,3,5,5,9]]]]
[532,[1,1,1,1,8,8,20],[0,1,2,3,5,4,6],[4,4,4,7,19,19,532],[[[1,0,0,0,0,0,0],[0,1,0,0,0,0,0],[0,0,1,0,0,0,0],[0,0,0,1,0,0,0],[0,0,0,0,1,0,0],[0,0,0,0,0,1,0],[0,0,0,0,0,0,1]],[[0,1,0,0,0,0,0],[1,0,0,0,0,0,0],[0,0,0,1,0,0,0],[0,0,1,0,0,0,0],[0,0,0,0,1,0,0],[0,0,0,0,0,1,0],[0,0,0,0,0,0,1]],[[0,0,1,0,0,0,0],[0,0,0,1,0,0,0],[1,0,0,0,0,0,0],[0,1,0,0,0,0,0],[0,0,0,0,1,0,0],[0,0,0,0,0,1,0],[0,0,0,0,0,0,1]],[[0,0,0,1,0,0,0],[0,0,1,0,0,0,0],[0,1,0,0,0,0,0],[1,0,0,0,0,0,0],[0,0,0,0,1,0,0],[0,0,0,0,0,1,0],[0,0,0,0,0,0,1]],[[0,0,0,0,1,0,0],[0,0,0,0,1,0,0],[0,0,0,0,1,0,0],[0,0,0,0,1,0,0],[0,0,0,0,0,3,2],[1,1,1,1,0,0,3],[0,0,0,0,3,2,6]],[[0,0,0,0,0,1,0],[0,0,0,0,0,1,0],[0,0,0,0,0,1,0],[0,0,0,0,0,1,0],[1,1,1,1,0,0,3],[0,0,0,0,3,0,2],[0,0,0,0,2,3,6]],[[0,0,0,0,0,0,1],[0,0,0,0,0,0,1],[0,0,0,0,0,0,1],[0,0,0,0,0,0,1],[0,0,0,0,3,2,6],[0,0,0,0,2,3,6],[1,1,1,1,6,6,15]]]]
[532,[1,1,1,1,8,8,20],[0,1,3,2,5,4,6],[4,4,4,7,19,19,532],[[[1,0,0,0,0,0,0],[0,1,0,0,0,0,0],[0,0,1,0,0,0,0],[0,0,0,1,0,0,0],[0,0,0,0,1,0,0],[0,0,0,0,0,1,0],[0,0,0,0,0,0,1]],[[0,1,0,0,0,0,0],[1,0,0,0,0,0,0],[0,0,0,1,0,0,0],[0,0,1,0,0,0,0],[0,0,0,0,1,0,0],[0,0,0,0,0,1,0],[0,0,0,0,0,0,1]],[[0,0,1,0,0,0,0],[0,0,0,1,0,0,0],[0,1,0,0,0,0,0],[1,0,0,0,0,0,0],[0,0,0,0,1,0,0],[0,0,0,0,0,1,0],[0,0,0,0,0,0,1]],[[0,0,0,1,0,0,0],[0,0,1,0,0,0,0],[1,0,0,0,0,0,0],[0,1,0,0,0,0,0],[0,0,0,0,1,0,0],[0,0,0,0,0,1,0],[0,0,0,0,0,0,1]],[[0,0,0,0,1,0,0],[0,0,0,0,1,0,0],[0,0,0,0,1,0,0],[0,0,0,0,1,0,0],[0,0,0,0,0,3,2],[1,1,1,1,0,0,3],[0,0,0,0,3,2,6]],[[0,0,0,0,0,1,0],[0,0,0,0,0,1,0],[0,0,0,0,0,1,0],[0,0,0,0,0,1,0],[1,1,1,1,0,0,3],[0,0,0,0,3,0,2],[0,0,0,0,2,3,6]],[[0,0,0,0,0,0,1],[0,0,0,0,0,0,1],[0,0,0,0,0,0,1],[0,0,0,0,0,0,1],[0,0,0,0,3,2,6],[0,0,0,0,2,3,6],[1,1,1,1,6,6,15]]]]
[560,[1,1,2,2,10,15,15],[0,1,2,3,4,5,6],[4,4,5,5,16,28,560],[[[1,0,0,0,0,0,0],[0,1,0,0,0,0,0],[0,0,1,0,0,0,0],[0,0,0,1,0,0,0],[0,0,0,0,1,0,0],[0,0,0,0,0,1,0],[0,0,0,0,0,0,1]],[[0,1,0,0,0,0,0],[1,0,0,0,0,0,0],[0,0,1,0,0,0,0],[0,0,0,1,0,0,0],[0,0,0,0,1,0,0],[0,0,0,0,0,0,1],[0,0,0,0,0,1,0]],[[0,0,1,0,0,0,0],[0,0,1,0,0,0,0],[1,1,0,1,0,0,0],[0,0,1,1,0,0,0],[0,0,0,0,2,0,0],[0,0,0,0,0,1,1],[0,0,0,0,0,1,1]],[[0,0,0,1,0,0,0],[0,0,0,1,0,0,0],[0,0,1,1,0,0,0],[1,1,1,0,0,0,0],[0,0,0,0,2,0,0],[0,0,0,0,0,1,1],[0,0,0,0,0,1,1]],[[0,0,0,0,1,0,0],[0,0,0,0,1,0,0],[0,0,0,0,2,0,0],[0,0,0,0,2,0,0],[1,1,2,2,0,3,3],[0,0,0,0,3,4,4],[0,0,0,0,3,4,4]],[[0,0,0,0,0,1,0],[0,0,0,0,0,0,1],[0,0,0,0,0,1,1],[0,0,0,0,0,1,1],[0,0,0,0,3,4,4],[1,0,1,1,4,6,6],[0,1,1,1,4,6,6]],[[0,0,0,0,0,0,1],[0,0,0,0,0,1,0],[0,0,0,0,0,1,1],[0,0,0,0,0,1,1],[0,0,0,0,3,4,4],[0,1,1,1,4,6,6],[1,0,1,1,4,6,6]]]]
[560,[1,1,2,2,10,15,15],[0,1,2,3,4,6,5],[4,4,5,5,16,28,560],[[[1,0,0,0,0,0,0],[0,1,0,0,0,0,0],[0,0,1,0,0,0,0],[0,0,0,1,0,0,0],[0,0,0,0,1,0,0],[0,0,0,0,0,1,0],[0,0,0,0,0,0,1]],[[0,1,0,0,0,0,0],[1,0,0,0,0,0,0],[0,0,1,0,0,0,0],[0,0,0,1,0,0,0],[0,0,0,0,1,0,0],[0,0,0,0,0,0,1],[0,0,0,0,0,1,0]],[[0,0,1,0,0,0,0],[0,0,1,0,0,0,0],[1,1,0,1,0,0,0],[0,0,1,1,0,0,0],[0,0,0,0,2,0,0],[0,0,0,0,0,1,1],[0,0,0,0,0,1,1]],[[0,0,0,1,0,0,0],[0,0,0,1,0,0,0],[0,0,1,1,0,0,0],[1,1,1,0,0,0,0],[0,0,0,0,2,0,0],[0,0,0,0,0,1,1],[0,0,0,0,0,1,1]],[[0,0,0,0,1,0,0],[0,0,0,0,1,0,0],[0,0,0,0,2,0,0],[0,0,0,0,2,0,0],[1,1,2,2,0,3,3],[0,0,0,0,3,4,4],[0,0,0,0,3,4,4]],[[0,0,0,0,0,1,0],[0,0,0,0,0,0,1],[0,0,0,0,0,1,1],[0,0,0,0,0,1,1],[0,0,0,0,3,4,4],[0,1,1,1,4,6,6],[1,0,1,1,4,6,6]],[[0,0,0,0,0,0,1],[0,0,0,0,0,1,0],[0,0,0,0,0,1,1],[0,0,0,0,0,1,1],[0,0,0,0,3,4,4],[1,0,1,1,4,6,6],[0,1,1,1,4,6,6]]]]
[560,[1,6,7,7,10,10,15],[0,1,2,3,4,5,6],[4,4,5,5,16,28,560],[[[1,0,0,0,0,0,0],[0,1,0,0,0,0,0],[0,0,1,0,0,0,0],[0,0,0,1,0,0,0],[0,0,0,0,1,0,0],[0,0,0,0,0,1,0],[0,0,0,0,0,0,1]],[[0,1,0,0,0,0,0],[1,0,0,0,1,1,1],[0,0,1,0,1,1,1],[0,0,0,1,1,1,1],[0,1,1,1,0,1,2],[0,1,1,1,1,0,2],[0,1,1,1,2,2,2]],[[0,0,1,0,0,0,0],[0,0,1,0,1,1,1],[1,1,0,1,1,1,1],[0,0,1,1,1,1,1],[0,1,1,1,1,1,2],[0,1,1,1,1,1,2],[0,1,1,1,2,2,3]],[[0,0,0,1,0,0,0],[0,0,0,1,1,1,1],[0,0,1,1,1,1,1],[1,1,1,0,1,1,1],[0,1,1,1,1,1,2],[0,1,1,1,1,1,2],[0,1,1,1,2,2,3]],[[0,0,0,0,1,0,0],[0,1,1,1,0,1,2],[0,1,1,1,1,1,2],[0,1,1,1,1,1,2],[1,0,1,1,0,4,3],[0,1,1,1,4,1,2],[0,2,2,2,3,2,4]],[[0,0,0,0,0,1,0],[0,1,1,1,1,0,2],[0,1,1,1,1,1,2],[0,1,1,1,1,1,2],[0,1,1,1,4,1,2],[1,0,1,1,1,3,3],[0,2,2,2,2,3,4]],[[0,0,0,0,0,0,1],[0,1,1,1,2,2,2],[0,1,1,1,2,2,3],[0,1,1,1,2,2,3],[0,2,2,2,3,2,4],[0,2,2,2,2,3,4],[1,2,3,3,4,4,6]]]]
[560,[1,6,7,7,10,10,15],[0,1,2,3,5,4,6],[4,5,5,7,7,16,560],[[[1,0,0,0,0,0,0],[0,1,0,0,0,0,0],[0,0,1,0,0,0,0],[0,0,0,1,0,0,0],[0,0,0,0,1,0,0],[0,0,0,0,0,1,0],[0,0,0,0,0,0,1]],[[0,1,0,0,0,0,0],[1,0,0,0,1,1,1],[0,0,1,0,1,1,1],[0,0,0,1,1,1,1],[0,1,1,1,0,1,2],[0,1,1,1,1,0,2],[0,1,1,1,2,2,2]],[[0,0,1,0,0,0,0],[0,0,1,0,1,1,1],[1,1,0,1,1,1,1],[0,0,1,1,1,1,1],[0,1,1,1,1,1,2],[0,1,1,1,1,1,2],[0,1,1,1,2,2,3]],[[0,0,0,1,0,0,0],[0,0,0,1,1,1,1],[0,0,1,1,1,1,1],[1,1,1,0,1,1,1],[0,1,1,1,1,1,2],[0,1,1,1,1,1,2],[0,1,1,1,2,2,3]],[[0,0,0,0,1,0,0],[0,1,1,1,0,1,2],[0,1,1,1,1,1,2],[0,1,1,1,1,1,2],[0,1,1,1,2,3,2],[1,0,1,1,2,2,3],[0,2,2,2,3,2,4]],[[0,0,0,0,0,1,0],[0,1,1,1,1,0,2],[0,1,1,1,1,1,2],[0,1,1,1,1,1,2],[1,0,1,1,2,2,3],[0,1,1,1,3,2,2],[0,2,2,2,2,3,4]],[[0,0,0,0,0,0,1],[0,1,1,1,2,2,2],[0,1,1,1,2,2,3],[0,1,1,1,2,2,3],[0,2,2,2,3,2,4],[0,2,2,2,2,3,4],[1,2,3,3,4,4,6]]]]
[630,[1,1,1,1,1,15,20],[0,4,3,2,1,5,6],[5,5,5,5,7,18,630],[[[1,0,0,0,0,0,0],[0,1,0,0,0,0,0],[0,0,1,0,0,0,0],[0,0,0,1,0,0,0],[0,0,0,0,1,0,0],[0,0,0,0,0,1,0],[0,0,0,0,0,0,1]],[[0,1,0,0,0,0,0],[0,0,0,1,0,0,0],[0,0,0,0,1,0,0],[0,0,1,0,0,0,0],[1,0,0,0,0,0,0],[0,0,0,0,0,1,0],[0,0,0,0,0,0,1]],[[0,0,1,0,0,0,0],[0,0,0,0,1,0,0],[0,1,0,0,0,0,0],[1,0,0,0,0,0,0],[0,0,0,1,0,0,0],[0,0,0,0,0,1,0],[0,0,0,0,0,0,1]],[[0,0,0,1,0,0,0],[0,0,1,0,0,0,0],[1,0,0,0,0,0,0],[0,0,0,0,1,0,0],[0,1,0,0,0,0,0],[0,0,0,0,0,1,0],[0,0,0,0,0,0,1]],[[0,0,0,0,1,0,0],[1,0,0,0,0,0,0],[0,0,0,1,0,0,0],[0,1,0,0,0,0,0],[0,0,1,0,0,0,0],[0,0,0,0,0,1,0],[0,0,0,0,0,0,1]],[[0,0,0,0,0,1,0],[0,0,0,0,0,1,0],[0,0,0,0,0,1,0],[0,0,0,0,0,1,0],[0,0,0,0,0,1,0],[1,1,1,1,1,4,8],[0,0,0,0,0,8,9]],[[0,0,0,0,0,0,1],[0,0,0,0,0,0,1],[0,0,0,0,0,0,1],[0,0,0,0,0,0,1],[0,0,0,0,0,0,1],[0,0,0,0,0,8,9],[1,1,1,1,1,9,13]]]]
[660,[1,1,1,1,12,16,16],[0,1,2,3,4,5,6],[4,4,4,6,15,66,660],[[[1,0,0,0,0,0,0],[0,1,0,0,0,0,0],[0,0,1,0,0,0,0],[0,0,0,1,0,0,0],[0,0,0,0,1,0,0],[0,0,0,0,0,1,0],[0,0,0,0,0,0,1]],[[0,1,0,0,0,0,0],[1,0,0,0,0,0,0],[0,0,0,1,0,0,0],[0,0,1,0,0,0,0],[0,0,0,0,1,0,0],[0,0,0,0,0,1,0],[0,0,0,0,0,0,1]],[[0,0,1,0,0,0,0],[0,0,0,1,0,0,0],[1,0,0,0,0,0,0],[0,1,0,0,0,0,0],[0,0,0,0,1,0,0],[0,0,0,0,0,1,0],[0,0,0,0,0,0,1]],[[0,0,0,1,0,0,0],[0,0,1,0,0,0,0],[0,1,0,0,0,0,0],[1,0,0,0,0,0,0],[0,0,0,0,1,0,0],[0,0,0,0,0,1,0],[0,0,0,0,0,0,1]],[[0,0,0,0,1,0,0],[0,0,0,0,1,0,0],[0,0,0,0,1,0,0],[0,0,0,0,1,0,0],[1,1,1,1,1,4,4],[0,0,0,0,4,5,4],[0,0,0,0,4,4,5]],[[0,0,0,0,0,1,0],[0,0,0,0,0,1,0],[0,0,0,0,0,1,0],[0,0,0,0,0,1,0],[0,0,0,0,4,5,4],[1,1,1,1,5,3,9],[0,0,0,0,4,9,4]],[[0,0,0,0,0,0,1],[0,0,0,0,0,0,1],[0,0,0,0,0,0,1],[0,0,0,0,0,0,1],[0,0,0,0,4,4,5],[0,0,0,0,4,9,4],[1,1,1,1,5,4,8]]]]
[660,[1,1,1,1,12,16,16],[0,1,2,3,4,6,5],[4,4,4,11,11,15,660],[[[1,0,0,0,0,0,0],[0,1,0,0,0,0,0],[0,0,1,0,0,0,0],[0,0,0,1,0,0,0],[0,0,0,0,1,0,0],[0,0,0,0,0,1,0],[0,0,0,0,0,0,1]],[[0,1,0,0,0,0,0],[1,0,0,0,0,0,0],[0,0,0,1,0,0,0],[0,0,1,0,0,0,0],[0,0,0,0,1,0,0],[0,0,0,0,0,1,0],[0,0,0,0,0,0,1]],[[0,0,1,0,0,0,0],[0,0,0,1,0,0,0],[1,0,0,0,0,0,0],[0,1,0,0,0,0,0],[0,0,0,0,1,0,0],[0,0,0,0,0,1,0],[0,0,0,0,0,0,1]],[[0,0,0,1,0,0,0],[0,0,1,0,0,0,0],[0,1,0,0,0,0,0],[1,0,0,0,0,0,0],[0,0,0,0,1,0,0],[0,0,0,0,0,1,0],[0,0,0,0,0,0,1]],[[0,0,0,0,1,0,0],[0,0,0,0,1,0,0],[0,0,0,0,1,0,0],[0,0,0,0,1,0,0],[1,1,1,1,1,4,4],[0,0,0,0,4,5,4],[0,0,0,0,4,4,5]],[[0,0,0,0,0,1,0],[0,0,0,0,0,1,0],[0,0,0,0,0,1,0],[0,0,0,0,0,1,0],[0,0,0,0,4,5,4],[0,0,0,0,4,6,7],[1,1,1,1,5,6,6]],[[0,0,0,0,0,0,1],[0,0,0,0,0,0,1],[0,0,0,0,0,0,1],[0,0,0,0,0,0,1],[0,0,0,0,4,4,5],[1,1,1,1,5,6,6],[0,0,0,0,4,7,6]]]]
[660,[1,1,1,1,12,16,16],[0,1,3,2,4,5,6],[4,4,4,6,15,66,660],[[[1,0,0,0,0,0,0],[0,1,0,0,0,0,0],[0,0,1,0,0,0,0],[0,0,0,1,0,0,0],[0,0,0,0,1,0,0],[0,0,0,0,0,1,0],[0,0,0,0,0,0,1]],[[0,1,0,0,0,0,0],[1,0,0,0,0,0,0],[0,0,0,1,0,0,0],[0,0,1,0,0,0,0],[0,0,0,0,1,0,0],[0,0,0,0,0,1,0],[0,0,0,0,0,0,1]],[[0,0,1,0,0,0,0],[0,0,0,1,0,0,0],[0,1,0,0,0,0,0],[1,0,0,0,0,0,0],[0,0,0,0,1,0,0],[0,0,0,0,0,1,0],[0,0,0,0,0,0,1]],[[0,0,0,1,0,0,0],[0,0,1,0,0,0,0],[1,0,0,0,0,0,0],[0,1,0,0,0,0,0],[0,0,0,0,1,0,0],[0,0,0,0,0,1,0],[0,0,0,0,0,0,1]],[[0,0,0,0,1,0,0],[0,0,0,0,1,0,0],[0,0,0,0,1,0,0],[0,0,0,0,1,0,0],[1,1,1,1,1,4,4],[0,0,0,0,4,5,4],[0,0,0,0,4,4,5]],[[0,0,0,0,0,1,0],[0,0,0,0,0,1,0],[0,0,0,0,0,1,0],[0,0,0,0,0,1,0],[0,0,0,0,4,5,4],[1,1,1,1,5,3,9],[0,0,0,0,4,9,4]],[[0,0,0,0,0,0,1],[0,0,0,0,0,0,1],[0,0,0,0,0,0,1],[0,0,0,0,0,0,1],[0,0,0,0,4,4,5],[0,0,0,0,4,9,4],[1,1,1,1,5,4,8]]]]
[660,[1,1,1,1,12,16,16],[0,1,3,2,4,6,5],[4,4,4,11,11,15,660],[[[1,0,0,0,0,0,0],[0,1,0,0,0,0,0],[0,0,1,0,0,0,0],[0,0,0,1,0,0,0],[0,0,0,0,1,0,0],[0,0,0,0,0,1,0],[0,0,0,0,0,0,1]],[[0,1,0,0,0,0,0],[1,0,0,0,0,0,0],[0,0,0,1,0,0,0],[0,0,1,0,0,0,0],[0,0,0,0,1,0,0],[0,0,0,0,0,1,0],[0,0,0,0,0,0,1]],[[0,0,1,0,0,0,0],[0,0,0,1,0,0,0],[0,1,0,0,0,0,0],[1,0,0,0,0,0,0],[0,0,0,0,1,0,0],[0,0,0,0,0,1,0],[0,0,0,0,0,0,1]],[[0,0,0,1,0,0,0],[0,0,1,0,0,0,0],[1,0,0,0,0,0,0],[0,1,0,0,0,0,0],[0,0,0,0,1,0,0],[0,0,0,0,0,1,0],[0,0,0,0,0,0,1]],[[0,0,0,0,1,0,0],[0,0,0,0,1,0,0],[0,0,0,0,1,0,0],[0,0,0,0,1,0,0],[1,1,1,1,1,4,4],[0,0,0,0,4,5,4],[0,0,0,0,4,4,5]],[[0,0,0,0,0,1,0],[0,0,0,0,0,1,0],[0,0,0,0,0,1,0],[0,0,0,0,0,1,0],[0,0,0,0,4,5,4],[0,0,0,0,4,6,7],[1,1,1,1,5,6,6]],[[0,0,0,0,0,0,1],[0,0,0,0,0,0,1],[0,0,0,0,0,0,1],[0,0,0,0,0,0,1],[0,0,0,0,4,4,5],[1,1,1,1,5,6,6],[0,0,0,0,4,7,6]]]]
[660,[1,1,1,3,14,14,16],[0,2,1,3,4,5,6],[3,3,6,12,15,66,660],[[[1,0,0,0,0,0,0],[0,1,0,0,0,0,0],[0,0,1,0,0,0,0],[0,0,0,1,0,0,0],[0,0,0,0,1,0,0],[0,0,0,0,0,1,0],[0,0,0,0,0,0,1]],[[0,1,0,0,0,0,0],[0,0,1,0,0,0,0],[1,0,0,0,0,0,0],[0,0,0,1,0,0,0],[0,0,0,0,1,0,0],[0,0,0,0,0,1,0],[0,0,0,0,0,0,1]],[[0,0,1,0,0,0,0],[1,0,0,0,0,0,0],[0,1,0,0,0,0,0],[0,0,0,1,0,0,0],[0,0,0,0,1,0,0],[0,0,0,0,0,1,0],[0,0,0,0,0,0,1]],[[0,0,0,1,0,0,0],[0,0,0,1,0,0,0],[0,0,0,1,0,0,0],[1,1,1,2,0,0,0],[0,0,0,0,1,2,0],[0,0,0,0,2,1,0],[0,0,0,0,0,0,3]],[[0,0,0,0,1,0,0],[0,0,0,0,1,0,0],[0,0,0,0,1,0,0],[0,0,0,0,1,2,0],[1,1,1,1,4,5,4],[0,0,0,2,5,4,4],[0,0,0,0,4,4,7]],[[0,0,0,0,0,1,0],[0,0,0,0,0,1,0],[0,0,0,0,0,1,0],[0,0,0,0,2,1,0],[0,0,0,2,5,4,4],[1,1,1,1,4,5,4],[0,0,0,0,4,4,7]],[[0,0,0,0,0,0,1],[0,0,0,0,0,0,1],[0,0,0,0,0,0,1],[0,0,0,0,0,0,3],[0,0,0,0,4,4,7],[0,0,0,0,4,4,7],[1,1,1,3,7,7,3]]]]
[660,[1,1,1,3,14,14,16],[0,2,1,3,4,5,6],[3,3,4,15,132,132,660],[[[1,0,0,0,0,0,0],[0,1,0,0,0,0,0],[0,0,1,0,0,0,0],[0,0,0,1,0,0,0],[0,0,0,0,1,0,0],[0,0,0,0,0,1,0],[0,0,0,0,0,0,1]],[[0,1,0,0,0,0,0],[0,0,1,0,0,0,0],[1,0,0,0,0,0,0],[0,0,0,1,0,0,0],[0,0,0,0,1,0,0],[0,0,0,0,0,1,0],[0,0,0,0,0,0,1]],[[0,0,1,0,0,0,0],[1,0,0,0,0,0,0],[0,1,0,0,0,0,0],[0,0,0,1,0,0,0],[0,0,0,0,1,0,0],[0,0,0,0,0,1,0],[0,0,0,0,0,0,1]],[[0,0,0,1,0,0,0],[0,0,0,1,0,0,0],[0,0,0,1,0,0,0],[1,1,1,2,0,0,0],[0,0,0,0,3,0,0],[0,0,0,0,0,3,0],[0,0,0,0,0,0,3]],[[0,0,0,0,1,0,0],[0,0,0,0,1,0,0],[0,0,0,0,1,0,0],[0,0,0,0,3,0,0],[1,1,1,3,9,3,1],[0,0,0,0,3,3,7],[0,0,0,0,1,7,7]],[[0,0,0,0,0,1,0],[0,0,0,0,0,1,0],[0,0,0,0,0,1,0],[0,0,0,0,0,3,0],[0,0,0,0,3,3,7],[1,1,1,3,3,9,1],[0,0,0,0,7,1,7]],[[0,0,0,0,0,0,1],[0,0,0,0,0,0,1],[0,0,0,0,0,0,1],[0,0,0,0,0,0,3],[0,0,0,0,1,7,7],[0,0,0,0,7,1,7],[1,1,1,3,7,7,3]]]]
[660,[1,1,1,3,14,14,16],[0,2,1,3,5,4,6],[3,3,4,15,132,132,660],[[[1,0,0,0,0,0,0],[0,1,0,0,0,0,0],[0,0,1,0,0,0,0],[0,0,0,1,0,0,0],[0,0,0,0,1,0,0],[0,0,0,0,0,1,0],[0,0,0,0,0,0,1]],[[0,1,0,0,0,0,0],[0,0,1,0,0,0,0],[1,0,0,0,0,0,0],[0,0,0,1,0,0,0],[0,0,0,0,1,0,0],[0,0,0,0,0,1,0],[0,0,0,0,0,0,1]],[[0,0,1,0,0,0,0],[1,0,0,0,0,0,0],[0,1,0,0,0,0,0],[0,0,0,1,0,0,0],[0,0,0,0,1,0,0],[0,0,0,0,0,1,0],[0,0,0,0,0,0,1]],[[0,0,0,1,0,0,0],[0,0,0,1,0,0,0],[0,0,0,1,0,0,0],[1,1,1,2,0,0,0],[0,0,0,0,3,0,0],[0,0,0,0,0,3,0],[0,0,0,0,0,0,3]],[[0,0,0,0,1,0,0],[0,0,0,0,1,0,0],[0,0,0,0,1,0,0],[0,0,0,0,3,0,0],[0,0,0,0,6,0,7],[1,1,1,3,6,6,1],[0,0,0,0,1,7,7]],[[0,0,0,0,0,1,0],[0,0,0,0,0,1,0],[0,0,0,0,0,1,0],[0,0,0,0,0,3,0],[1,1,1,3,6,6,1],[0,0,0,0,0,6,7],[0,0,0,0,7,1,7]],[[0,0,0,0,0,0,1],[0,0,0,0,0,0,1],[0,0,0,0,0,0,1],[0,0,0,0,0,0,3],[0,0,0,0,1,7,7],[0,0,0,0,7,1,7],[1,1,1,3,7,7,3]]]]
[660,[1,1,2,2,13,15,16],[0,1,2,3,4,5,6],[2,5,5,15,60,66,660],[[[1,0,0,0,0,0,0],[0,1,0,0,0,0,0],[0,0,1,0,0,0,0],[0,0,0,1,0,0,0],[0,0,0,0,1,0,0],[0,0,0,0,0,1,0],[0,0,0,0,0,0,1]],[[0,1,0,0,0,0,0],[1,0,0,0,0,0,0],[0,0,1,0,0,0,0],[0,0,0,1,0,0,0],[0,0,0,0,1,0,0],[0,0,0,0,0,1,0],[0,0,0,0,0,0,1]],[[0,0,1,0,0,0,0],[0,0,1,0,0,0,0],[1,1,0,1,0,0,0],[0,0,1,1,0,0,0],[0,0,0,0,2,0,0],[0,0,0,0,0,2,0],[0,0,0,0,0,0,2]],[[0,0,0,1,0,0,0],[0,0,0,1,0,0,0],[0,0,1,1,0,0,0],[1,1,1,0,0,0,0],[0,0,0,0,2,0,0],[0,0,0,0,0,2,0],[0,0,0,0,0,0,2]],[[0,0,0,0,1,0,0],[0,0,0,0,1,0,0],[0,0,0,0,2,0,0],[0,0,0,0,2,0,0],[1,1,2,2,5,2,4],[0,0,0,0,2,7,4],[0,0,0,0,4,4,6]],[[0,0,0,0,0,1,0],[0,0,0,0,0,1,0],[0,0,0,0,0,2,0],[0,0,0,0,0,2,0],[0,0,0,0,2,7,4],[1,1,2,2,7,4,4],[0,0,0,0,4,4,8]],[[0,0,0,0,0,0,1],[0,0,0,0,0,0,1],[0,0,0,0,0,0,2],[0,0,0,0,0,0,2],[0,0,0,0,4,4,6],[0,0,0,0,4,4,8],[1,1,2,2,6,8,3]]]]
[714,[1,1,1,9,9,15,18],[0,2,1,3,4,5,6],[3,3,6,17,17,21,714],[[[1,0,0,0,0,0,0],[0,1,0,0,0,0,0],[0,0,1,0,0,0,0],[0,0,0,1,0,0,0],[0,0,0,0,1,0,0],[0,0,0,0,0,1,0],[0,0,0,0,0,0,1]],[[0,1,0,0,0,0,0],[0,0,1,0,0,0,0],[1,0,0,0,0,0,0],[0,0,0,1,0,0,0],[0,0,0,0,1,0,0],[0,0,0,0,0,1,0],[0,0,0,0,0,0,1]],[[0,0,1,0,0,0,0],[1,0,0,0,0,0,0],[0,1,0,0,0,0,0],[0,0,0,1,0,0,0],[0,0,0,0,1,0,0],[0,0,0,0,0,1,0],[0,0,0,0,0,0,1]],[[0,0,0,1,0,0,0],[0,0,0,1,0,0,0],[0,0,0,1,0,0,0],[1,1,1,2,1,1,2],[0,0,0,1,1,3,1],[0,0,0,1,3,3,3],[0,0,0,2,1,3,5]],[[0,0,0,0,1,0,0],[0,0,0,0,1,0,0],[0,0,0,0,1,0,0],[0,0,0,1,1,3,1],[1,1,1,1,2,1,2],[0,0,0,3,1,3,3],[0,0,0,1,2,3,5]],[[0,0,0,0,0,1,0],[0,0,0,0,0,1,0],[0,0,0,0,0,1,0],[0,0,0,1,3,3,3],[0,0,0,3,1,3,3],[1,1,1,3,3,4,6],[0,0,0,3,3,6,7]],[[0,0,0,0,0,0,1],[0,0,0,0,0,0,1],[0,0,0,0,0,0,1],[0,0,0,2,1,3,5],[0,0,0,1,2,3,5],[0,0,0,3,3,6,7],[1,1,1,5,5,7,7]]]]
[714,[1,1,2,8,8,16,18],[0,1,2,3,4,5,6],[2,3,17,17,42,42,714],[[[1,0,0,0,0,0,0],[0,1,0,0,0,0,0],[0,0,1,0,0,0,0],[0,0,0,1,0,0,0],[0,0,0,0,1,0,0],[0,0,0,0,0,1,0],[0,0,0,0,0,0,1]],[[0,1,0,0,0,0,0],[1,0,0,0,0,0,0],[0,0,1,0,0,0,0],[0,0,0,1,0,0,0],[0,0,0,0,1,0,0],[0,0,0,0,0,1,0],[0,0,0,0,0,0,1]],[[0,0,1,0,0,0,0],[0,0,1,0,0,0,0],[1,1,1,0,0,0,0],[0,0,0,2,0,0,0],[0,0,0,0,2,0,0],[0,0,0,0,0,2,0],[0,0,0,0,0,0,2]],[[0,0,0,1,0,0,0],[0,0,0,1,0,0,0],[0,0,0,2,0,0,0],[1,1,2,1,2,1,1],[0,0,0,2,2,2,0],[0,0,0,1,2,2,4],[0,0,0,1,0,4,4]],[[0,0,0,0,1,0,0],[0,0,0,0,1,0,0],[0,0,0,0,2,0,0],[0,0,0,2,2,2,0],[1,1,2,2,1,1,1],[0,0,0,2,1,2,4],[0,0,0,0,1,4,4]],[[0,0,0,0,0,1,0],[0,0,0,0,0,1,0],[0,0,0,0,0,2,0],[0,0,0,1,2,2,4],[0,0,0,2,1,2,4],[1,1,2,2,2,8,5],[0,0,0,4,4,5,8]],[[0,0,0,0,0,0,1],[0,0,0,0,0,0,1],[0,0,0,0,0,0,2],[0,0,0,1,0,4,4],[0,0,0,0,1,4,4],[0,0,0,4,4,5,8],[1,1,2,4,4,8,7]]]]
[840,[1,1,1,1,2,16,24],[0,1,2,3,4,5,6],[4,4,4,8,10,42,840],[[[1,0,0,0,0,0,0],[0,1,0,0,0,0,0],[0,0,1,0,0,0,0],[0,0,0,1,0,0,0],[0,0,0,0,1,0,0],[0,0,0,0,0,1,0],[0,0,0,0,0,0,1]],[[0,1,0,0,0,0,0],[1,0,0,0,0,0,0],[0,0,0,1,0,0,0],[0,0,1,0,0,0,0],[0,0,0,0,1,0,0],[0,0,0,0,0,1,0],[0,0,0,0,0,0,1]],[[0,0,1,0,0,0,0],[0,0,0,1,0,0,0],[1,0,0,0,0,0,0],[0,1,0,0,0,0,0],[0,0,0,0,1,0,0],[0,0,0,0,0,1,0],[0,0,0,0,0,0,1]],[[0,0,0,1,0,0,0],[0,0,1,0,0,0,0],[0,1,0,0,0,0,0],[1,0,0,0,0,0,0],[0,0,0,0,1,0,0],[0,0,0,0,0,1,0],[0,0,0,0,0,0,1]],[[0,0,0,0,1,0,0],[0,0,0,0,1,0,0],[0,0,0,0,1,0,0],[0,0,0,0,1,0,0],[1,1,1,1,0,0,0],[0,0,0,0,0,2,0],[0,0,0,0,0,0,2]],[[0,0,0,0,0,1,0],[0,0,0,0,0,1,0],[0,0,0,0,0,1,0],[0,0,0,0,0,1,0],[0,0,0,0,0,2,0],[1,1,1,1,2,2,9],[0,0,0,0,0,9,10]],[[0,0,0,0,0,0,1],[0,0,0,0,0,0,1],[0,0,0,0,0,0,1],[0,0,0,0,0,0,1],[0,0,0,0,0,0,2],[0,0,0,0,0,9,10],[1,1,1,1,2,10,17]]]]
[840,[1,1,1,1,2,16,24],[0,1,3,2,4,5,6],[4,4,4,8,10,42,840],[[[1,0,0,0,0,0,0],[0,1,0,0,0,0,0],[0,0,1,0,0,0,0],[0,0,0,1,0,0,0],[0,0,0,0,1,0,0],[0,0,0,0,0,1,0],[0,0,0,0,0,0,1]],[[0,1,0,0,0,0,0],[1,0,0,0,0,0,0],[0,0,0,1,0,0,0],[0,0,1,0,0,0,0],[0,0,0,0,1,0,0],[0,0,0,0,0,1,0],[0,0,0,0,0,0,1]],[[0,0,1,0,0,0,0],[0,0,0,1,0,0,0],[0,1,0,0,0,0,0],[1,0,0,0,0,0,0],[0,0,0,0,1,0,0],[0,0,0,0,0,1,0],[0,0,0,0,0,0,1]],[[0,0,0,1,0,0,0],[0,0,1,0,0,0,0],[1,0,0,0,0,0,0],[0,1,0,0,0,0,0],[0,0,0,0,1,0,0],[0,0,0,0,0,1,0],[0,0,0,0,0,0,1]],[[0,0,0,0,1,0,0],[0,0,0,0,1,0,0],[0,0,0,0,1,0,0],[0,0,0,0,1,0,0],[1,1,1,1,0,0,0],[0,0,0,0,0,2,0],[0,0,0,0,0,0,2]],[[0,0,0,0,0,1,0],[0,0,0,0,0,1,0],[0,0,0,0,0,1,0],[0,0,0,0,0,1,0],[0,0,0,0,0,2,0],[1,1,1,1,2,2,9],[0,0,0,0,0,9,10]],[[0,0,0,0,0,0,1],[0,0,0,0,0,0,1],[0,0,0,0,0,0,1],[0,0,0,0,0,0,1],[0,0,0,0,0,0,2],[0,0,0,0,0,9,10],[1,1,1,1,2,10,17]]]]
[840,[1,1,1,6,9,12,24],[0,2,1,3,4,5,6],[3,3,8,10,10,140,840],[[[1,0,0,0,0,0,0],[0,1,0,0,0,0,0],[0,0,1,0,0,0,0],[0,0,0,1,0,0,0],[0,0,0,0,1,0,0],[0,0,0,0,0,1,0],[0,0,0,0,0,0,1]],[[0,1,0,0,0,0,0],[0,0,1,0,0,0,0],[1,0,0,0,0,0,0],[0,0,0,1,0,0,0],[0,0,0,0,1,0,0],[0,0,0,0,0,1,0],[0,0,0,0,0,0,1]],[[0,0,1,0,0,0,0],[1,0,0,0,0,0,0],[0,1,0,0,0,0,0],[0,0,0,1,0,0,0],[0,0,0,0,1,0,0],[0,0,0,0,0,1,0],[0,0,0,0,0,0,1]],[[0,0,0,1,0,0,0],[0,0,0,1,0,0,0],[0,0,0,1,0,0,0],[1,1,1,1,3,0,0],[0,0,0,3,4,0,0],[0,0,0,0,0,2,2],[0,0,0,0,0,2,5]],[[0,0,0,0,1,0,0],[0,0,0,0,1,0,0],[0,0,0,0,1,0,0],[0,0,0,3,4,0,0],[1,1,1,4,6,0,0],[0,0,0,0,0,1,4],[0,0,0,0,0,4,7]],[[0,0,0,0,0,1,0],[0,0,0,0,0,1,0],[0,0,0,0,0,1,0],[0,0,0,0,0,2,2],[0,0,0,0,0,1,4],[1,1,1,2,1,2,4],[0,0,0,2,4,4,8]],[[0,0,0,0,0,0,1],[0,0,0,0,0,0,1],[0,0,0,0,0,0,1],[0,0,0,0,0,2,5],[0,0,0,0,0,4,7],[0,0,0,2,4,4,8],[1,1,1,5,7,8,16]]]]
[840,[1,1,2,3,10,10,25],[0,1,2,3,4,5,6],[2,3,10,24,84,84,840],[[[1,0,0,0,0,0,0],[0,1,0,0,0,0,0],[0,0,1,0,0,0,0],[0,0,0,1,0,0,0],[0,0,0,0,1,0,0],[0,0,0,0,0,1,0],[0,0,0,0,0,0,1]],[[0,1,0,0,0,0,0],[1,0,0,0,0,0,0],[0,0,1,0,0,0,0],[0,0,0,1,0,0,0],[0,0,0,0,1,0,0],[0,0,0,0,0,1,0],[0,0,0,0,0,0,1]],[[0,0,1,0,0,0,0],[0,0,1,0,0,0,0],[1,1,1,0,0,0,0],[0,0,0,2,0,0,0],[0,0,0,0,2,0,0],[0,0,0,0,0,2,0],[0,0,0,0,0,0,2]],[[0,0,0,1,0,0,0],[0,0,0,1,0,0,0],[0,0,0,2,0,0,0],[1,1,2,1,0,0,0],[0,0,0,0,3,0,0],[0,0,0,0,0,3,0],[0,0,0,0,0,0,3]],[[0,0,0,0,1,0,0],[0,0,0,0,1,0,0],[0,0,0,0,2,0,0],[0,0,0,0,3,0,0],[1,1,2,3,6,0,1],[0,0,0,0,0,0,4],[0,0,0,0,1,4,8]],[[0,0,0,0,0,1,0],[0,0,0,0,0,1,0],[0,0,0,0,0,2,0],[0,0,0,0,0,3,0],[0,0,0,0,0,0,4],[1,1,2,3,0,6,1],[0,0,0,0,4,1,8]],[[0,0,0,0,0,0,1],[0,0,0,0,0,0,1],[0,0,0,0,0,0,2],[0,0,0,0,0,0,3],[0,0,0,0,1,4,8],[0,0,0,0,4,1,8],[1,1,2,3,8,8,18]]]]
[924,[1,1,8,8,13,15,20],[0,1,2,3,4,5,6],[4,4,4,7,12,44,924],[[[1,0,0,0,0,0,0],[0,1,0,0,0,0,0],[0,0,1,0,0,0,0],[0,0,0,1,0,0,0],[0,0,0,0,1,0,0],[0,0,0,0,0,1,0],[0,0,0,0,0,0,1]],[[0,1,0,0,0,0,0],[1,0,0,0,0,0,0],[0,0,0,1,0,0,0],[0,0,1,0,0,0,0],[0,0,0,0,1,0,0],[0,0,0,0,0,1,0],[0,0,0,0,0,0,1]],[[0,0,1,0,0,0,0],[0,0,0,1,0,0,0],[1,0,0,0,1,2,1],[0,1,0,0,1,2,1],[0,0,1,1,1,1,3],[0,0,2,2,1,1,3],[0,0,1,1,3,3,3]],[[0,0,0,1,0,0,0],[0,0,1,0,0,0,0],[0,1,0,0,1,2,1],[1,0,0,0,1,2,1],[0,0,1,1,1,1,3],[0,0,2,2,1,1,3],[0,0,1,1,3,3,3]],[[0,0,0,0,1,0,0],[0,0,0,0,1,0,0],[0,0,1,1,1,1,3],[0,0,1,1,1,1,3],[1,1,1,1,2,3,4],[0,0,1,1,3,4,4],[0,0,3,3,4,4,5]],[[0,0,0,0,0,1,0],[0,0,0,0,0,1,0],[0,0,2,2,1,1,3],[0,0,2,2,1,1,3],[0,0,1,1,3,4,4],[1,1,1,1,4,5,4],[0,0,3,3,4,4,7]],[[0,0,0,0,0,0,1],[0,0,0,0,0,0,1],[0,0,1,1,3,3,3],[0,0,1,1,3,3,3],[0,0,3,3,4,4,5],[0,0,3,3,4,4,7],[1,1,3,3,5,7,9]]]]
[924,[1,1,8,8,13,15,20],[0,1,3,2,4,5,6],[4,4,4,7,12,44,924],[[[1,0,0,0,0,0,0],[0,1,0,0,0,0,0],[0,0,1,0,0,0,0],[0,0,0,1,0,0,0],[0,0,0,0,1,0,0],[0,0,0,0,0,1,0],[0,0,0,0,0,0,1]],[[0,1,0,0,0,0,0],[1,0,0,0,0,0,0],[0,0,0,1,0,0,0],[0,0,1,0,0,0,0],[0,0,0,0,1,0,0],[0,0,0,0,0,1,0],[0,0,0,0,0,0,1]],[[0,0,1,0,0,0,0],[0,0,0,1,0,0,0],[0,1,0,0,1,2,1],[1,0,0,0,1,2,1],[0,0,1,1,1,1,3],[0,0,2,2,1,1,3],[0,0,1,1,3,3,3]],[[0,0,0,1,0,0,0],[0,0,1,0,0,0,0],[1,0,0,0,1,2,1],[0,1,0,0,1,2,1],[0,0,1,1,1,1,3],[0,0,2,2,1,1,3],[0,0,1,1,3,3,3]],[[0,0,0,0,1,0,0],[0,0,0,0,1,0,0],[0,0,1,1,1,1,3],[0,0,1,1,1,1,3],[1,1,1,1,2,3,4],[0,0,1,1,3,4,4],[0,0,3,3,4,4,5]],[[0,0,0,0,0,1,0],[0,0,0,0,0,1,0],[0,0,2,2,1,1,3],[0,0,2,2,1,1,3],[0,0,1,1,3,4,4],[1,1,1,1,4,5,4],[0,0,3,3,4,4,7]],[[0,0,0,0,0,0,1],[0,0,0,0,0,0,1],[0,0,1,1,3,3,3],[0,0,1,1,3,3,3],[0,0,3,3,4,4,5],[0,0,3,3,4,4,7],[1,1,3,3,5,7,9]]]]
[1008,[1,1,1,14,14,17,18],[0,2,1,3,4,5,6],[3,3,9,9,16,21,1008],[[[1,0,0,0,0,0,0],[0,1,0,0,0,0,0],[0,0,1,0,0,0,0],[0,0,0,1,0,0,0],[0,0,0,0,1,0,0],[0,0,0,0,0,1,0],[0,0,0,0,0,0,1]],[[0,1,0,0,0,0,0],[0,0,1,0,0,0,0],[1,0,0,0,0,0,0],[0,0,0,1,0,0,0],[0,0,0,0,1,0,0],[0,0,0,0,0,1,0],[0,0,0,0,0,0,1]],[[0,0,1,0,0,0,0],[1,0,0,0,0,0,0],[0,1,0,0,0,0,0],[0,0,0,1,0,0,0],[0,0,0,0,1,0,0],[0,0,0,0,0,1,0],[0,0,0,0,0,0,1]],[[0,0,0,1,0,0,0],[0,0,0,1,0,0,0],[0,0,0,1,0,0,0],[1,1,1,3,2,3,4],[0,0,0,2,2,4,4],[0,0,0,3,4,4,4],[0,0,0,4,4,4,4]],[[0,0,0,0,1,0,0],[0,0,0,0,1,0,0],[0,0,0,0,1,0,0],[0,0,0,2,2,4,4],[1,1,1,2,3,3,4],[0,0,0,4,3,4,4],[0,0,0,4,4,4,4]],[[0,0,0,0,0,1,0],[0,0,0,0,0,1,0],[0,0,0,0,0,1,0],[0,0,0,3,4,4,4],[0,0,0,4,3,4,4],[1,1,1,4,4,6,4],[0,0,0,4,4,4,7]],[[0,0,0,0,0,0,1],[0,0,0,0,0,0,1],[0,0,0,0,0,0,1],[0,0,0,4,4,4,4],[0,0,0,4,4,4,4],[0,0,0,4,4,4,7],[1,1,1,4,4,7,5]]]]
[1056,[1,1,1,3,12,18,24],[0,2,1,3,4,5,6],[3,3,4,32,33,48,1056],[[[1,0,0,0,0,0,0],[0,1,0,0,0,0,0],[0,0,1,0,0,0,0],[0,0,0,1,0,0,0],[0,0,0,0,1,0,0],[0,0,0,0,0,1,0],[0,0,0,0,0,0,1]],[[0,1,0,0,0,0,0],[0,0,1,0,0,0,0],[1,0,0,0,0,0,0],[0,0,0,1,0,0,0],[0,0,0,0,1,0,0],[0,0,0,0,0,1,0],[0,0,0,0,0,0,1]],[[0,0,1,0,0,0,0],[1,0,0,0,0,0,0],[0,1,0,0,0,0,0],[0,0,0,1,0,0,0],[0,0,0,0,1,0,0],[0,0,0,0,0,1,0],[0,0,0,0,0,0,1]],[[0,0,0,1,0,0,0],[0,0,0,1,0,0,0],[0,0,0,1,0,0,0],[1,1,1,2,0,0,0],[0,0,0,0,3,0,0],[0,0,0,0,0,3,0],[0,0,0,0,0,0,3]],[[0,0,0,0,1,0,0],[0,0,0,0,1,0,0],[0,0,0,0,1,0,0],[0,0,0,0,3,0,0],[1,1,1,3,1,4,2],[0,0,0,0,4,4,4],[0,0,0,0,2,4,8]],[[0,0,0,0,0,1,0],[0,0,0,0,0,1,0],[0,0,0,0,0,1,0],[0,0,0,0,0,3,0],[0,0,0,0,4,4,4],[1,1,1,3,4,4,8],[0,0,0,0,4,8,10]],[[0,0,0,0,0,0,1],[0,0,0,0,0,0,1],[0,0,0,0,0,0,1],[0,0,0,0,0,0,3],[0,0,0,0,2,4,8],[0,0,0,0,4,8,10],[1,1,1,3,8,10,12]]]]
[1080,[1,1,1,3,14,14,26],[0,2,1,3,5,4,6],[3,3,4,27,27,120,1080],[[[1,0,0,0,0,0,0],[0,1,0,0,0,0,0],[0,0,1,0,0,0,0],[0,0,0,1,0,0,0],[0,0,0,0,1,0,0],[0,0,0,0,0,1,0],[0,0,0,0,0,0,1]],[[0,1,0,0,0,0,0],[0,0,1,0,0,0,0],[1,0,0,0,0,0,0],[0,0,0,1,0,0,0],[0,0,0,0,1,0,0],[0,0,0,0,0,1,0],[0,0,0,0,0,0,1]],[[0,0,1,0,0,0,0],[1,0,0,0,0,0,0],[0,1,0,0,0,0,0],[0,0,0,1,0,0,0],[0,0,0,0,1,0,0],[0,0,0,0,0,1,0],[0,0,0,0,0,0,1]],[[0,0,0,1,0,0,0],[0,0,0,1,0,0,0],[0,0,0,1,0,0,0],[1,1,1,2,0,0,0],[0,0,0,0,3,0,0],[0,0,0,0,0,3,0],[0,0,0,0,0,0,3]],[[0,0,0,0,1,0,0],[0,0,0,0,1,0,0],[0,0,0,0,1,0,0],[0,0,0,0,3,0,0],[0,0,0,0,1,0,7],[1,1,1,3,1,1,6],[0,0,0,0,6,7,7]],[[0,0,0,0,0,1,0],[0,0,0,0,0,1,0],[0,0,0,0,0,1,0],[0,0,0,0,0,3,0],[1,1,1,3,1,1,6],[0,0,0,0,0,1,7],[0,0,0,0,7,6,7]],[[0,0,0,0,0,0,1],[0,0,0,0,0,0,1],[0,0,0,0,0,0,1],[0,0,0,0,0,0,3],[0,0,0,0,6,7,7],[0,0,0,0,7,6,7],[1,1,1,3,7,7,18]]]]
[1170,[1,1,1,11,14,15,25],[0,2,1,3,4,5,6],[3,3,5,13,30,45,1170],[[[1,0,0,0,0,0,0],[0,1,0,0,0,0,0],[0,0,1,0,0,0,0],[0,0,0,1,0,0,0],[0,0,0,0,1,0,0],[0,0,0,0,0,1,0],[0,0,0,0,0,0,1]],[[0,1,0,0,0,0,0],[0,0,1,0,0,0,0],[1,0,0,0,0,0,0],[0,0,0,1,0,0,0],[0,0,0,0,1,0,0],[0,0,0,0,0,1,0],[0,0,0,0,0,0,1]],[[0,0,1,0,0,0,0],[1,0,0,0,0,0,0],[0,1,0,0,0,0,0],[0,0,0,1,0,0,0],[0,0,0,0,1,0,0],[0,0,0,0,0,1,0],[0,0,0,0,0,0,1]],[[0,0,0,1,0,0,0],[0,0,0,1,0,0,0],[0,0,0,1,0,0,0],[1,1,1,0,2,1,3],[0,0,0,2,3,1,3],[0,0,0,1,1,1,5],[0,0,0,3,3,5,5]],[[0,0,0,0,1,0,0],[0,0,0,0,1,0,0],[0,0,0,0,1,0,0],[0,0,0,2,3,1,3],[1,1,1,3,5,1,3],[0,0,0,1,1,4,5],[0,0,0,3,3,5,8]],[[0,0,0,0,0,1,0],[0,0,0,0,0,1,0],[0,0,0,0,0,1,0],[0,0,0,1,1,1,5],[0,0,0,1,1,4,5],[1,1,1,1,4,2,5],[0,0,0,5,5,5,7]],[[0,0,0,0,0,0,1],[0,0,0,0,0,0,1],[0,0,0,0,0,0,1],[0,0,0,3,3,5,5],[0,0,0,3,3,5,8],[0,0,0,5,5,5,7],[1,1,1,5,8,7,14]]]]
[1248,[1,1,2,3,3,18,30],[0,1,2,3,4,5,6],[3,4,4,8,32,104,1248],[[[1,0,0,0,0,0,0],[0,1,0,0,0,0,0],[0,0,1,0,0,0,0],[0,0,0,1,0,0,0],[0,0,0,0,1,0,0],[0,0,0,0,0,1,0],[0,0,0,0,0,0,1]],[[0,1,0,0,0,0,0],[1,0,0,0,0,0,0],[0,0,1,0,0,0,0],[0,0,0,0,1,0,0],[0,0,0,1,0,0,0],[0,0,0,0,0,1,0],[0,0,0,0,0,0,1]],[[0,0,1,0,0,0,0],[0,0,1,0,0,0,0],[1,1,1,0,0,0,0],[0,0,0,1,1,0,0],[0,0,0,1,1,0,0],[0,0,0,0,0,2,0],[0,0,0,0,0,0,2]],[[0,0,0,1,0,0,0],[0,0,0,0,1,0,0],[0,0,0,1,1,0,0],[1,0,1,1,1,0,0],[0,1,1,1,1,0,0],[0,0,0,0,0,3,0],[0,0,0,0,0,0,3]],[[0,0,0,0,1,0,0],[0,0,0,1,0,0,0],[0,0,0,1,1,0,0],[0,1,1,1,1,0,0],[1,0,1,1,1,0,0],[0,0,0,0,0,3,0],[0,0,0,0,0,0,3]],[[0,0,0,0,0,1,0],[0,0,0,0,0,1,0],[0,0,0,0,0,2,0],[0,0,0,0,0,3,0],[0,0,0,0,0,3,0],[1,1,2,3,3,0,10],[0,0,0,0,0,10,12]],[[0,0,0,0,0,0,1],[0,0,0,0,0,0,1],[0,0,0,0,0,0,2],[0,0,0,0,0,0,3],[0,0,0,0,0,0,3],[0,0,0,0,0,10,12],[1,1,2,3,3,12,22]]]]
[1248,[1,1,2,3,3,18,30],[0,1,2,4,3,5,6],[3,4,4,8,32,104,1248],[[[1,0,0,0,0,0,0],[0,1,0,0,0,0,0],[0,0,1,0,0,0,0],[0,0,0,1,0,0,0],[0,0,0,0,1,0,0],[0,0,0,0,0,1,0],[0,0,0,0,0,0,1]],[[0,1,0,0,0,0,0],[1,0,0,0,0,0,0],[0,0,1,0,0,0,0],[0,0,0,0,1,0,0],[0,0,0,1,0,0,0],[0,0,0,0,0,1,0],[0,0,0,0,0,0,1]],[[0,0,1,0,0,0,0],[0,0,1,0,0,0,0],[1,1,1,0,0,0,0],[0,0,0,1,1,0,0],[0,0,0,1,1,0,0],[0,0,0,0,0,2,0],[0,0,0,0,0,0,2]],[[0,0,0,1,0,0,0],[0,0,0,0,1,0,0],[0,0,0,1,1,0,0],[0,1,1,1,1,0,0],[1,0,1,1,1,0,0],[0,0,0,0,0,3,0],[0,0,0,0,0,0,3]],[[0,0,0,0,1,0,0],[0,0,0,1,0,0,0],[0,0,0,1,1,0,0],[1,0,1,1,1,0,0],[0,1,1,1,1,0,0],[0,0,0,0,0,3,0],[0,0,0,0,0,0,3]],[[0,0,0,0,0,1,0],[0,0,0,0,0,1,0],[0,0,0,0,0,2,0],[0,0,0,0,0,3,0],[0,0,0,0,0,3,0],[1,1,2,3,3,0,10],[0,0,0,0,0,10,12]],[[0,0,0,0,0,0,1],[0,0,0,0,0,0,1],[0,0,0,0,0,0,2],[0,0,0,0,0,0,3],[0,0,0,0,0,0,3],[0,0,0,0,0,10,12],[1,1,2,3,3,12,22]]]]
[1260,[1,1,2,2,15,20,25],[0,1,2,3,4,5,6],[2,5,5,18,36,63,1260],[[[1,0,0,0,0,0,0],[0,1,0,0,0,0,0],[0,0,1,0,0,0,0],[0,0,0,1,0,0,0],[0,0,0,0,1,0,0],[0,0,0,0,0,1,0],[0,0,0,0,0,0,1]],[[0,1,0,0,0,0,0],[1,0,0,0,0,0,0],[0,0,1,0,0,0,0],[0,0,0,1,0,0,0],[0,0,0,0,1,0,0],[0,0,0,0,0,1,0],[0,0,0,0,0,0,1]],[[0,0,1,0,0,0,0],[0,0,1,0,0,0,0],[1,1,0,1,0,0,0],[0,0,1,1,0,0,0],[0,0,0,0,2,0,0],[0,0,0,0,0,2,0],[0,0,0,0,0,0,2]],[[0,0,0,1,0,0,0],[0,0,0,1,0,0,0],[0,0,1,1,0,0,0],[1,1,1,0,0,0,0],[0,0,0,0,2,0,0],[0,0,0,0,0,2,0],[0,0,0,0,0,0,2]],[[0,0,0,0,1,0,0],[0,0,0,0,1,0,0],[0,0,0,0,2,0,0],[0,0,0,0,2,0,0],[1,1,2,2,0,2,7],[0,0,0,0,2,6,6],[0,0,0,0,7,6,6]],[[0,0,0,0,0,1,0],[0,0,0,0,0,1,0],[0,0,0,0,0,2,0],[0,0,0,0,0,2,0],[0,0,0,0,2,6,6],[1,1,2,2,6,5,8],[0,0,0,0,6,8,10]],[[0,0,0,0,0,0,1],[0,0,0,0,0,0,1],[0,0,0,0,0,0,2],[0,0,0,0,0,0,2],[0,0,0,0,7,6,6],[0,0,0,0,6,8,10],[1,1,2,2,6,10,13]]]]
[1428,[1,1,2,10,11,24,25],[0,1,2,3,4,5,6],[2,3,12,34,34,42,1428],[[[1,0,0,0,0,0,0],[0,1,0,0,0,0,0],[0,0,1,0,0,0,0],[0,0,0,1,0,0,0],[0,0,0,0,1,0,0],[0,0,0,0,0,1,0],[0,0,0,0,0,0,1]],[[0,1,0,0,0,0,0],[1,0,0,0,0,0,0],[0,0,1,0,0,0,0],[0,0,0,1,0,0,0],[0,0,0,0,1,0,0],[0,0,0,0,0,1,0],[0,0,0,0,0,0,1]],[[0,0,1,0,0,0,0],[0,0,1,0,0,0,0],[1,1,1,0,0,0,0],[0,0,0,2,0,0,0],[0,0,0,0,2,0,0],[0,0,0,0,0,2,0],[0,0,0,0,0,0,2]],[[0,0,0,1,0,0,0],[0,0,0,1,0,0,0],[0,0,0,2,0,0,0],[1,1,2,2,0,1,2],[0,0,0,0,1,1,3],[0,0,0,1,1,6,3],[0,0,0,2,3,3,5]],[[0,0,0,0,1,0,0],[0,0,0,0,1,0,0],[0,0,0,0,2,0,0],[0,0,0,0,1,1,3],[1,1,2,1,3,3,0],[0,0,0,1,3,4,5],[0,0,0,3,0,5,5]],[[0,0,0,0,0,1,0],[0,0,0,0,0,1,0],[0,0,0,0,0,2,0],[0,0,0,1,1,6,3],[0,0,0,1,3,4,5],[1,1,2,6,4,9,10],[0,0,0,3,5,10,11]],[[0,0,0,0,0,0,1],[0,0,0,0,0,0,1],[0,0,0,0,0,0,2],[0,0,0,2,3,3,5],[0,0,0,3,0,5,5],[0,0,0,3,5,10,11],[1,1,2,5,5,11,10]]]]
[1428,[1,1,14,16,17,18,19],[0,1,2,3,4,5,6],[2,4,12,12,17,42,1428],[[[1,0,0,0,0,0,0],[0,1,0,0,0,0,0],[0,0,1,0,0,0,0],[0,0,0,1,0,0,0],[0,0,0,0,1,0,0],[0,0,0,0,0,1,0],[0,0,0,0,0,0,1]],[[0,1,0,0,0,0,0],[1,0,0,0,0,0,0],[0,0,1,0,0,0,0],[0,0,0,1,0,0,0],[0,0,0,0,1,0,0],[0,0,0,0,0,1,0],[0,0,0,0,0,0,1]],[[0,0,1,0,0,0,0],[0,0,1,0,0,0,0],[1,1,1,1,2,3,4],[0,0,1,3,3,3,3],[0,0,2,3,3,3,3],[0,0,3,3,3,3,3],[0,0,4,3,3,3,3]],[[0,0,0,1,0,0,0],[0,0,0,1,0,0,0],[0,0,1,3,3,3,3],[1,1,3,3,2,3,4],[0,0,3,2,4,3,4],[0,0,3,3,3,5,3],[0,0,3,4,4,3,4]],[[0,0,0,0,1,0,0],[0,0,0,0,1,0,0],[0,0,2,3,3,3,3],[0,0,3,2,4,3,4],[1,1,3,4,2,5,3],[0,0,3,3,5,2,5],[0,0,3,4,3,5,4]],[[0,0,0,0,0,1,0],[0,0,0,0,0,1,0],[0,0,3,3,3,3,3],[0,0,3,3,3,5,3],[0,0,3,3,5,2,5],[1,1,3,5,2,5,4],[0,0,3,3,5,4,5]],[[0,0,0,0,0,0,1],[0,0,0,0,0,0,1],[0,0,4,3,3,3,3],[0,0,3,4,4,3,4],[0,0,3,4,3,5,4],[0,0,3,3,5,4,5],[1,1,3,4,4,5,5]]]]
[1596,[1,1,1,3,12,12,36],[0,2,1,3,4,5,6],[3,3,4,21,57,57,1596],[[[1,0,0,0,0,0,0],[0,1,0,0,0,0,0],[0,0,1,0,0,0,0],[0,0,0,1,0,0,0],[0,0,0,0,1,0,0],[0,0,0,0,0,1,0],[0,0,0,0,0,0,1]],[[0,1,0,0,0,0,0],[0,0,1,0,0,0,0],[1,0,0,0,0,0,0],[0,0,0,1,0,0,0],[0,0,0,0,1,0,0],[0,0,0,0,0,1,0],[0,0,0,0,0,0,1]],[[0,0,1,0,0,0,0],[1,0,0,0,0,0,0],[0,1,0,0,0,0,0],[0,0,0,1,0,0,0],[0,0,0,0,1,0,0],[0,0,0,0,0,1,0],[0,0,0,0,0,0,1]],[[0,0,0,1,0,0,0],[0,0,0,1,0,0,0],[0,0,0,1,0,0,0],[1,1,1,2,0,0,0],[0,0,0,0,3,0,0],[0,0,0,0,0,3,0],[0,0,0,0,0,0,3]],[[0,0,0,0,1,0,0],[0,0,0,0,1,0,0],[0,0,0,0,1,0,0],[0,0,0,0,3,0,0],[1,1,1,3,5,0,2],[0,0,0,0,0,0,4],[0,0,0,0,2,4,10]],[[0,0,0,0,0,1,0],[0,0,0,0,0,1,0],[0,0,0,0,0,1,0],[0,0,0,0,0,3,0],[0,0,0,0,0,0,4],[1,1,1,3,0,5,2],[0,0,0,0,4,2,10]],[[0,0,0,0,0,0,1],[0,0,0,0,0,0,1],[0,0,0,0,0,0,1],[0,0,0,0,0,0,3],[0,0,0,0,2,4,10],[0,0,0,0,4,2,10],[1,1,1,3,10,10,29]]]]
[1680,[1,1,1,3,20,22,28],[0,2,1,3,4,5,6],[3,3,4,20,48,84,1680],[[[1,0,0,0,0,0,0],[0,1,0,0,0,0,0],[0,0,1,0,0,0,0],[0,0,0,1,0,0,0],[0,0,0,0,1,0,0],[0,0,0,0,0,1,0],[0,0,0,0,0,0,1]],[[0,1,0,0,0,0,0],[0,0,1,0,0,0,0],[1,0,0,0,0,0,0],[0,0,0,1,0,0,0],[0,0,0,0,1,0,0],[0,0,0,0,0,1,0],[0,0,0,0,0,0,1]],[[0,0,1,0,0,0,0],[1,0,0,0,0,0,0],[0,1,0,0,0,0,0],[0,0,0,1,0,0,0],[0,0,0,0,1,0,0],[0,0,0,0,0,1,0],[0,0,0,0,0,0,1]],[[0,0,0,1,0,0,0],[0,0,0,1,0,0,0],[0,0,0,1,0,0,0],[1,1,1,2,0,0,0],[0,0,0,0,3,0,0],[0,0,0,0,0,3,0],[0,0,0,0,0,0,3]],[[0,0,0,0,1,0,0],[0,0,0,0,1,0,0],[0,0,0,0,1,0,0],[0,0,0,0,3,0,0],[1,1,1,3,6,2,8],[0,0,0,0,2,8,8],[0,0,0,0,8,8,8]],[[0,0,0,0,0,1,0],[0,0,0,0,0,1,0],[0,0,0,0,0,1,0],[0,0,0,0,0,3,0],[0,0,0,0,2,8,8],[1,1,1,3,8,4,8],[0,0,0,0,8,8,10]],[[0,0,0,0,0,0,1],[0,0,0,0,0,0,1],[0,0,0,0,0,0,1],[0,0,0,0,0,0,3],[0,0,0,0,8,8,8],[0,0,0,0,8,8,10],[1,1,1,3,8,10,14]]]]
[1680,[1,1,2,3,18,21,30],[0,1,2,3,4,5,6],[2,3,10,20,84,240,1680],[[[1,0,0,0,0,0,0],[0,1,0,0,0,0,0],[0,0,1,0,0,0,0],[0,0,0,1,0,0,0],[0,0,0,0,1,0,0],[0,0,0,0,0,1,0],[0,0,0,0,0,0,1]],[[0,1,0,0,0,0,0],[1,0,0,0,0,0,0],[0,0,1,0,0,0,0],[0,0,0,1,0,0,0],[0,0,0,0,1,0,0],[0,0,0,0,0,1,0],[0,0,0,0,0,0,1]],[[0,0,1,0,0,0,0],[0,0,1,0,0,0,0],[1,1,1,0,0,0,0],[0,0,0,2,0,0,0],[0,0,0,0,2,0,0],[0,0,0,0,0,2,0],[0,0,0,0,0,0,2]],[[0,0,0,1,0,0,0],[0,0,0,1,0,0,0],[0,0,0,2,0,0,0],[1,1,2,1,0,0,0],[0,0,0,0,3,0,0],[0,0,0,0,0,3,0],[0,0,0,0,0,0,3]],[[0,0,0,0,1,0,0],[0,0,0,0,1,0,0],[0,0,0,0,2,0,0],[0,0,0,0,3,0,0],[1,1,2,3,8,5,2],[0,0,0,0,5,8,4],[0,0,0,0,2,4,14]],[[0,0,0,0,0,1,0],[0,0,0,0,0,1,0],[0,0,0,0,0,2,0],[0,0,0,0,0,3,0],[0,0,0,0,5,8,4],[1,1,2,3,8,2,8],[0,0,0,0,4,8,13]],[[0,0,0,0,0,0,1],[0,0,0,0,0,0,1],[0,0,0,0,0,0,2],[0,0,0,0,0,0,3],[0,0,0,0,2,4,14],[0,0,0,0,4,8,13],[1,1,2,3,14,13,12]]]]
[1782,[1,1,2,14,14,22,30],[0,1,2,3,4,5,6],[2,3,9,33,81,81,1782],[[[1,0,0,0,0,0,0],[0,1,0,0,0,0,0],[0,0,1,0,0,0,0],[0,0,0,1,0,0,0],[0,0,0,0,1,0,0],[0,0,0,0,0,1,0],[0,0,0,0,0,0,1]],[[0,1,0,0,0,0,0],[1,0,0,0,0,0,0],[0,0,1,0,0,0,0],[0,0,0,1,0,0,0],[0,0,0,0,1,0,0],[0,0,0,0,0,1,0],[0,0,0,0,0,0,1]],[[0,0,1,0,0,0,0],[0,0,1,0,0,0,0],[1,1,1,0,0,0,0],[0,0,0,2,0,0,0],[0,0,0,0,2,0,0],[0,0,0,0,0,2,0],[0,0,0,0,0,0,2]],[[0,0,0,1,0,0,0],[0,0,0,1,0,0,0],[0,0,0,2,0,0,0],[1,1,2,3,2,0,4],[0,0,0,2,2,5,1],[0,0,0,0,5,4,5],[0,0,0,4,1,5,8]],[[0,0,0,0,1,0,0],[0,0,0,0,1,0,0],[0,0,0,0,2,0,0],[0,0,0,2,2,5,1],[1,1,2,2,3,0,4],[0,0,0,5,0,4,5],[0,0,0,1,4,5,8]],[[0,0,0,0,0,1,0],[0,0,0,0,0,1,0],[0,0,0,0,0,2,0],[0,0,0,0,5,4,5],[0,0,0,5,0,4,5],[1,1,2,4,4,3,10],[0,0,0,5,5,10,10]],[[0,0,0,0,0,0,1],[0,0,0,0,0,0,1],[0,0,0,0,0,0,2],[0,0,0,4,1,5,8],[0,0,0,1,4,5,8],[0,0,0,5,5,10,10],[1,1,2,8,8,10,15]]]]
[1840,[1,1,10,10,22,23,25],[0,1,3,2,4,5,6],[2,4,10,16,23,23,1840],[[[1,0,0,0,0,0,0],[0,1,0,0,0,0,0],[0,0,1,0,0,0,0],[0,0,0,1,0,0,0],[0,0,0,0,1,0,0],[0,0,0,0,0,1,0],[0,0,0,0,0,0,1]],[[0,1,0,0,0,0,0],[1,0,0,0,0,0,0],[0,0,1,0,0,0,0],[0,0,0,1,0,0,0],[0,0,0,0,1,0,0],[0,0,0,0,0,1,0],[0,0,0,0,0,0,1]],[[0,0,1,0,0,0,0],[0,0,1,0,0,0,0],[0,0,0,3,1,1,1],[1,1,0,0,0,1,3],[0,0,0,1,3,3,3],[0,0,1,1,3,3,3],[0,0,3,1,3,3,3]],[[0,0,0,1,0,0,0],[0,0,0,1,0,0,0],[1,1,0,0,0,1,3],[0,0,3,0,1,1,1],[0,0,1,0,3,3,3],[0,0,1,1,3,3,3],[0,0,1,3,3,3,3]],[[0,0,0,0,1,0,0],[0,0,0,0,1,0,0],[0,0,0,1,3,3,3],[0,0,1,0,3,3,3],[1,1,3,3,6,5,7],[0,0,3,3,5,7,7],[0,0,3,3,7,7,7]],[[0,0,0,0,0,1,0],[0,0,0,0,0,1,0],[0,0,1,1,3,3,3],[0,0,1,1,3,3,3],[0,0,3,3,5,7,7],[1,1,3,3,7,6,7],[0,0,3,3,7,7,8]],[[0,0,0,0,0,0,1],[0,0,0,0,0,0,1],[0,0,3,1,3,3,3],[0,0,1,3,3,3,3],[0,0,3,3,7,7,7],[0,0,3,3,7,7,8],[1,1,3,3,7,8,9]]]]
[1848,[1,1,2,16,19,21,28],[0,1,2,3,4,5,6],[2,3,14,24,24,88,1848],[[[1,0,0,0,0,0,0],[0,1,0,0,0,0,0],[0,0,1,0,0,0,0],[0,0,0,1,0,0,0],[0,0,0,0,1,0,0],[0,0,0,0,0,1,0],[0,0,0,0,0,0,1]],[[0,1,0,0,0,0,0],[1,0,0,0,0,0,0],[0,0,1,0,0,0,0],[0,0,0,1,0,0,0],[0,0,0,0,1,0,0],[0,0,0,0,0,1,0],[0,0,0,0,0,0,1]],[[0,0,1,0,0,0,0],[0,0,1,0,0,0,0],[1,1,1,0,0,0,0],[0,0,0,2,0,0,0],[0,0,0,0,2,0,0],[0,0,0,0,0,2,0],[0,0,0,0,0,0,2]],[[0,0,0,1,0,0,0],[0,0,0,1,0,0,0],[0,0,0,2,0,0,0],[1,1,2,0,1,3,6],[0,0,0,1,3,3,6],[0,0,0,3,3,3,6],[0,0,0,6,6,6,4]],[[0,0,0,0,1,0,0],[0,0,0,0,1,0,0],[0,0,0,0,2,0,0],[0,0,0,1,3,3,6],[1,1,2,3,4,3,6],[0,0,0,3,3,6,6],[0,0,0,6,6,6,7]],[[0,0,0,0,0,1,0],[0,0,0,0,0,1,0],[0,0,0,0,0,2,0],[0,0,0,3,3,3,6],[0,0,0,3,3,6,6],[1,1,2,3,6,5,6],[0,0,0,6,6,6,9]],[[0,0,0,0,0,0,1],[0,0,0,0,0,0,1],[0,0,0,0,0,0,2],[0,0,0,6,6,6,4],[0,0,0,6,6,6,7],[0,0,0,6,6,6,9],[1,1,2,4,7,9,14]]]]
[1870,[1,1,10,10,16,16,34],[0,1,2,3,5,4,6],[2,5,11,11,17,17,1870],[[[1,0,0,0,0,0,0],[0,1,0,0,0,0,0],[0,0,1,0,0,0,0],[0,0,0,1,0,0,0],[0,0,0,0,1,0,0],[0,0,0,0,0,1,0],[0,0,0,0,0,0,1]],[[0,1,0,0,0,0,0],[1,0,0,0,0,0,0],[0,0,1,0,0,0,0],[0,0,0,1,0,0,0],[0,0,0,0,1,0,0],[0,0,0,0,0,1,0],[0,0,0,0,0,0,1]],[[0,0,1,0,0,0,0],[0,0,1,0,0,0,0],[1,1,3,0,0,0,2],[0,0,0,0,1,1,2],[0,0,0,1,1,2,3],[0,0,0,1,2,1,3],[0,0,2,2,3,3,6]],[[0,0,0,1,0,0,0],[0,0,0,1,0,0,0],[0,0,0,0,1,1,2],[1,1,0,3,0,0,2],[0,0,1,0,1,2,3],[0,0,1,0,2,1,3],[0,0,2,2,3,3,6]],[[0,0,0,0,1,0,0],[0,0,0,0,1,0,0],[0,0,0,1,1,2,3],[0,0,1,0,1,2,3],[0,0,2,2,2,3,4],[1,1,1,1,2,2,5],[0,0,3,3,5,4,10]],[[0,0,0,0,0,1,0],[0,0,0,0,0,1,0],[0,0,0,1,2,1,3],[0,0,1,0,2,1,3],[1,1,1,1,2,2,5],[0,0,2,2,3,2,4],[0,0,3,3,4,5,10]],[[0,0,0,0,0,0,1],[0,0,0,0,0,0,1],[0,0,2,2,3,3,6],[0,0,2,2,3,3,6],[0,0,3,3,5,4,10],[0,0,3,3,4,5,10],[1,1,6,6,10,10,21]]]]
[1920,[1,1,1,3,6,24,36],[0,2,1,3,4,5,6],[3,3,4,16,80,128,1920],[[[1,0,0,0,0,0,0],[0,1,0,0,0,0,0],[0,0,1,0,0,0,0],[0,0,0,1,0,0,0],[0,0,0,0,1,0,0],[0,0,0,0,0,1,0],[0,0,0,0,0,0,1]],[[0,1,0,0,0,0,0],[0,0,1,0,0,0,0],[1,0,0,0,0,0,0],[0,0,0,1,0,0,0],[0,0,0,0,1,0,0],[0,0,0,0,0,1,0],[0,0,0,0,0,0,1]],[[0,0,1,0,0,0,0],[1,0,0,0,0,0,0],[0,1,0,0,0,0,0],[0,0,0,1,0,0,0],[0,0,0,0,1,0,0],[0,0,0,0,0,1,0],[0,0,0,0,0,0,1]],[[0,0,0,1,0,0,0],[0,0,0,1,0,0,0],[0,0,0,1,0,0,0],[1,1,1,2,0,0,0],[0,0,0,0,3,0,0],[0,0,0,0,0,3,0],[0,0,0,0,0,0,3]],[[0,0,0,0,1,0,0],[0,0,0,0,1,0,0],[0,0,0,0,1,0,0],[0,0,0,0,3,0,0],[1,1,1,3,4,0,0],[0,0,0,0,0,6,0],[0,0,0,0,0,0,6]],[[0,0,0,0,0,1,0],[0,0,0,0,0,1,0],[0,0,0,0,0,1,0],[0,0,0,0,0,3,0],[0,0,0,0,0,6,0],[1,1,1,3,6,4,12],[0,0,0,0,0,12,16]],[[0,0,0,0,0,0,1],[0,0,0,0,0,0,1],[0,0,0,0,0,0,1],[0,0,0,0,0,0,3],[0,0,0,0,0,0,6],[0,0,0,0,0,12,16],[1,1,1,3,6,16,24]]]]
[1920,[1,1,1,6,9,30,30],[0,2,1,3,4,5,6],[3,3,5,16,16,128,1920],[[[1,0,0,0,0,0,0],[0,1,0,0,0,0,0],[0,0,1,0,0,0,0],[0,0,0,1,0,0,0],[0,0,0,0,1,0,0],[0,0,0,0,0,1,0],[0,0,0,0,0,0,1]],[[0,1,0,0,0,0,0],[0,0,1,0,0,0,0],[1,0,0,0,0,0,0],[0,0,0,1,0,0,0],[0,0,0,0,1,0,0],[0,0,0,0,0,1,0],[0,0,0,0,0,0,1]],[[0,0,1,0,0,0,0],[1,0,0,0,0,0,0],[0,1,0,0,0,0,0],[0,0,0,1,0,0,0],[0,0,0,0,1,0,0],[0,0,0,0,0,1,0],[0,0,0,0,0,0,1]],[[0,0,0,1,0,0,0],[0,0,0,1,0,0,0],[0,0,0,1,0,0,0],[1,1,1,1,3,0,0],[0,0,0,3,4,0,0],[0,0,0,0,0,2,4],[0,0,0,0,0,4,2]],[[0,0,0,0,1,0,0],[0,0,0,0,1,0,0],[0,0,0,0,1,0,0],[0,0,0,3,4,0,0],[1,1,1,4,6,0,0],[0,0,0,0,0,5,4],[0,0,0,0,0,4,5]],[[0,0,0,0,0,1,0],[0,0,0,0,0,1,0],[0,0,0,0,0,1,0],[0,0,0,0,0,2,4],[0,0,0,0,0,5,4],[1,1,1,2,5,14,14],[0,0,0,4,4,14,14]],[[0,0,0,0,0,0,1],[0,0,0,0,0,0,1],[0,0,0,0,0,0,1],[0,0,0,0,0,4,2],[0,0,0,0,0,4,5],[0,0,0,4,4,14,14],[1,1,1,2,5,14,14]]]]
[1920,[1,1,1,6,9,30,30],[0,2,1,3,4,5,6],[3,3,5,8,160,640,1920],[[[1,0,0,0,0,0,0],[0,1,0,0,0,0,0],[0,0,1,0,0,0,0],[0,0,0,1,0,0,0],[0,0,0,0,1,0,0],[0,0,0,0,0,1,0],[0,0,0,0,0,0,1]],[[0,1,0,0,0,0,0],[0,0,1,0,0,0,0],[1,0,0,0,0,0,0],[0,0,0,1,0,0,0],[0,0,0,0,1,0,0],[0,0,0,0,0,1,0],[0,0,0,0,0,0,1]],[[0,0,1,0,0,0,0],[1,0,0,0,0,0,0],[0,1,0,0,0,0,0],[0,0,0,1,0,0,0],[0,0,0,0,1,0,0],[0,0,0,0,0,1,0],[0,0,0,0,0,0,1]],[[0,0,0,1,0,0,0],[0,0,0,1,0,0,0],[0,0,0,1,0,0,0],[1,1,1,1,3,0,0],[0,0,0,3,4,0,0],[0,0,0,0,0,6,0],[0,0,0,0,0,0,6]],[[0,0,0,0,1,0,0],[0,0,0,0,1,0,0],[0,0,0,0,1,0,0],[0,0,0,3,4,0,0],[1,1,1,4,6,0,0],[0,0,0,0,0,9,0],[0,0,0,0,0,0,9]],[[0,0,0,0,0,1,0],[0,0,0,0,0,1,0],[0,0,0,0,0,1,0],[0,0,0,0,0,6,0],[0,0,0,0,0,9,0],[1,1,1,6,9,5,21],[0,0,0,0,0,21,9]],[[0,0,0,0,0,0,1],[0,0,0,0,0,0,1],[0,0,0,0,0,0,1],[0,0,0,0,0,0,6],[0,0,0,0,0,0,9],[0,0,0,0,0,21,9],[1,1,1,6,9,9,17]]]]
[1920,[1,1,1,6,9,30,30],[0,2,1,3,4,6,5],[3,3,5,16,16,128,1920],[[[1,0,0,0,0,0,0],[0,1,0,0,0,0,0],[0,0,1,0,0,0,0],[0,0,0,1,0,0,0],[0,0,0,0,1,0,0],[0,0,0,0,0,1,0],[0,0,0,0,0,0,1]],[[0,1,0,0,0,0,0],[0,0,1,0,0,0,0],[1,0,0,0,0,0,0],[0,0,0,1,0,0,0],[0,0,0,0,1,0,0],[0,0,0,0,0,1,0],[0,0,0,0,0,0,1]],[[0,0,1,0,0,0,0],[1,0,0,0,0,0,0],[0,1,0,0,0,0,0],[0,0,0,1,0,0,0],[0,0,0,0,1,0,0],[0,0,0,0,0,1,0],[0,0,0,0,0,0,1]],[[0,0,0,1,0,0,0],[0,0,0,1,0,0,0],[0,0,0,1,0,0,0],[1,1,1,1,3,0,0],[0,0,0,3,4,0,0],[0,0,0,0,0,2,4],[0,0,0,0,0,4,2]],[[0,0,0,0,1,0,0],[0,0,0,0,1,0,0],[0,0,0,0,1,0,0],[0,0,0,3,4,0,0],[1,1,1,4,6,0,0],[0,0,0,0,0,5,4],[0,0,0,0,0,4,5]],[[0,0,0,0,0,1,0],[0,0,0,0,0,1,0],[0,0,0,0,0,1,0],[0,0,0,0,0,2,4],[0,0,0,0,0,5,4],[0,0,0,4,4,14,14],[1,1,1,2,5,14,14]],[[0,0,0,0,0,0,1],[0,0,0,0,0,0,1],[0,0,0,0,0,0,1],[0,0,0,0,0,4,2],[0,0,0,0,0,4,5],[1,1,1,2,5,14,14],[0,0,0,4,4,14,14]]]]
[2016,[1,1,16,17,18,19,28],[0,1,2,3,4,5,6],[2,4,9,12,32,42,2016],[[[1,0,0,0,0,0,0],[0,1,0,0,0,0,0],[0,0,1,0,0,0,0],[0,0,0,1,0,0,0],[0,0,0,0,1,0,0],[0,0,0,0,0,1,0],[0,0,0,0,0,0,1]],[[0,1,0,0,0,0,0],[1,0,0,0,0,0,0],[0,0,1,0,0,0,0],[0,0,0,1,0,0,0],[0,0,0,0,1,0,0],[0,0,0,0,0,1,0],[0,0,0,0,0,0,1]],[[0,0,1,0,0,0,0],[0,0,1,0,0,0,0],[1,1,2,1,2,3,4],[0,0,1,3,2,3,4],[0,0,2,2,4,2,4],[0,0,3,3,2,3,4],[0,0,4,4,4,4,6]],[[0,0,0,1,0,0,0],[0,0,0,1,0,0,0],[0,0,1,3,2,3,4],[1,1,3,1,4,2,4],[0,0,2,4,1,4,4],[0,0,3,2,4,3,4],[0,0,4,4,4,4,7]],[[0,0,0,0,1,0,0],[0,0,0,0,1,0,0],[0,0,2,2,4,2,4],[0,0,2,4,1,4,4],[1,1,4,1,4,3,4],[0,0,2,4,3,4,4],[0,0,4,4,4,4,8]],[[0,0,0,0,0,1,0],[0,0,0,0,0,1,0],[0,0,3,3,2,3,4],[0,0,3,2,4,3,4],[0,0,2,4,3,4,4],[1,1,3,3,4,4,4],[0,0,4,4,4,4,9]],[[0,0,0,0,0,0,1],[0,0,0,0,0,0,1],[0,0,4,4,4,4,6],[0,0,4,4,4,4,7],[0,0,4,4,4,4,8],[0,0,4,4,4,4,9],[1,1,6,7,8,9,9]]]]
[2030,[1,1,4,4,6,14,42],[0,1,3,2,4,5,6],[2,5,7,7,145,145,2030],[[[1,0,0,0,0,0,0],[0,1,0,0,0,0,0],[0,0,1,0,0,0,0],[0,0,0,1,0,0,0],[0,0,0,0,1,0,0],[0,0,0,0,0,1,0],[0,0,0,0,0,0,1]],[[0,1,0,0,0,0,0],[1,0,0,0,0,0,0],[0,0,1,0,0,0,0],[0,0,0,1,0,0,0],[0,0,0,0,1,0,0],[0,0,0,0,0,1,0],[0,0,0,0,0,0,1]],[[0,0,1,0,0,0,0],[0,0,1,0,0,0,0],[0,0,1,0,2,0,0],[1,1,1,1,1,0,0],[0,0,1,2,2,0,0],[0,0,0,0,0,4,0],[0,0,0,0,0,0,4]],[[0,0,0,1,0,0,0],[0,0,0,1,0,0,0],[1,1,1,1,1,0,0],[0,0,0,1,2,0,0],[0,0,2,1,2,0,0],[0,0,0,0,0,4,0],[0,0,0,0,0,0,4]],[[0,0,0,0,1,0,0],[0,0,0,0,1,0,0],[0,0,1,2,2,0,0],[0,0,2,1,2,0,0],[1,1,2,2,3,0,0],[0,0,0,0,0,6,0],[0,0,0,0,0,0,6]],[[0,0,0,0,0,1,0],[0,0,0,0,0,1,0],[0,0,0,0,0,4,0],[0,0,0,0,0,4,0],[0,0,0,0,0,6,0],[1,1,4,4,6,0,3],[0,0,0,0,0,3,13]],[[0,0,0,0,0,0,1],[0,0,0,0,0,0,1],[0,0,0,0,0,0,4],[0,0,0,0,0,0,4],[0,0,0,0,0,0,6],[0,0,0,0,0,3,13],[1,1,4,4,6,13,36]]]]
[2088,[1,1,2,16,16,27,29],[0,1,2,3,4,5,6],[2,3,18,24,29,29,2088],[[[1,0,0,0,0,0,0],[0,1,0,0,0,0,0],[0,0,1,0,0,0,0],[0,0,0,1,0,0,0],[0,0,0,0,1,0,0],[0,0,0,0,0,1,0],[0,0,0,0,0,0,1]],[[0,1,0,0,0,0,0],[1,0,0,0,0,0,0],[0,0,1,0,0,0,0],[0,0,0,1,0,0,0],[0,0,0,0,1,0,0],[0,0,0,0,0,1,0],[0,0,0,0,0,0,1]],[[0,0,1,0,0,0,0],[0,0,1,0,0,0,0],[1,1,1,0,0,0,0],[0,0,0,2,0,0,0],[0,0,0,0,2,0,0],[0,0,0,0,0,2,0],[0,0,0,0,0,0,2]],[[0,0,0,1,0,0,0],[0,0,0,1,0,0,0],[0,0,0,2,0,0,0],[1,1,2,4,1,2,4],[0,0,0,1,1,4,4],[0,0,0,2,4,6,6],[0,0,0,4,4,6,6]],[[0,0,0,0,1,0,0],[0,0,0,0,1,0,0],[0,0,0,0,2,0,0],[0,0,0,1,1,4,4],[1,1,2,1,4,2,4],[0,0,0,4,2,6,6],[0,0,0,4,4,6,6]],[[0,0,0,0,0,1,0],[0,0,0,0,0,1,0],[0,0,0,0,0,2,0],[0,0,0,2,4,6,6],[0,0,0,4,2,6,6],[1,1,2,6,6,10,9],[0,0,0,6,6,9,12]],[[0,0,0,0,0,0,1],[0,0,0,0,0,0,1],[0,0,0,0,0,0,2],[0,0,0,4,4,6,6],[0,0,0,4,4,6,6],[0,0,0,6,6,9,12],[1,1,2,6,6,12,11]]]]
[2160,[1,1,2,2,25,25,30],[0,1,2,3,4,5,6],[4,4,5,5,16,27,2160],[[[1,0,0,0,0,0,0],[0,1,0,0,0,0,0],[0,0,1,0,0,0,0],[0,0,0,1,0,0,0],[0,0,0,0,1,0,0],[0,0,0,0,0,1,0],[0,0,0,0,0,0,1]],[[0,1,0,0,0,0,0],[1,0,0,0,0,0,0],[0,0,1,0,0,0,0],[0,0,0,1,0,0,0],[0,0,0,0,0,1,0],[0,0,0,0,1,0,0],[0,0,0,0,0,0,1]],[[0,0,1,0,0,0,0],[0,0,1,0,0,0,0],[1,1,0,1,0,0,0],[0,0,1,1,0,0,0],[0,0,0,0,1,1,0],[0,0,0,0,1,1,0],[0,0,0,0,0,0,2]],[[0,0,0,1,0,0,0],[0,0,0,1,0,0,0],[0,0,1,1,0,0,0],[1,1,1,0,0,0,0],[0,0,0,0,1,1,0],[0,0,0,0,1,1,0],[0,0,0,0,0,0,2]],[[0,0,0,0,1,0,0],[0,0,0,0,0,1,0],[0,0,0,0,1,1,0],[0,0,0,0,1,1,0],[1,0,1,1,7,7,9],[0,1,1,1,7,7,9],[0,0,0,0,9,9,10]],[[0,0,0,0,0,1,0],[0,0,0,0,1,0,0],[0,0,0,0,1,1,0],[0,0,0,0,1,1,0],[0,1,1,1,7,7,9],[1,0,1,1,7,7,9],[0,0,0,0,9,9,10]],[[0,0,0,0,0,0,1],[0,0,0,0,0,0,1],[0,0,0,0,0,0,2],[0,0,0,0,0,0,2],[0,0,0,0,9,9,10],[0,0,0,0,9,9,10],[1,1,2,2,10,10,13]]]]
[2160,[1,1,2,2,25,25,30],[0,1,2,3,4,5,6],[2,5,5,18,27,144,2160],[[[1,0,0,0,0,0,0],[0,1,0,0,0,0,0],[0,0,1,0,0,0,0],[0,0,0,1,0,0,0],[0,0,0,0,1,0,0],[0,0,0,0,0,1,0],[0,0,0,0,0,0,1]],[[0,1,0,0,0,0,0],[1,0,0,0,0,0,0],[0,0,1,0,0,0,0],[0,0,0,1,0,0,0],[0,0,0,0,1,0,0],[0,0,0,0,0,1,0],[0,0,0,0,0,0,1]],[[0,0,1,0,0,0,0],[0,0,1,0,0,0,0],[1,1,0,1,0,0,0],[0,0,1,1,0,0,0],[0,0,0,0,2,0,0],[0,0,0,0,0,2,0],[0,0,0,0,0,0,2]],[[0,0,0,1,0,0,0],[0,0,0,1,0,0,0],[0,0,1,1,0,0,0],[1,1,1,0,0,0,0],[0,0,0,0,2,0,0],[0,0,0,0,0,2,0],[0,0,0,0,0,0,2]],[[0,0,0,0,1,0,0],[0,0,0,0,1,0,0],[0,0,0,0,2,0,0],[0,0,0,0,2,0,0],[1,1,2,2,5,10,8],[0,0,0,0,10,3,10],[0,0,0,0,8,10,10]],[[0,0,0,0,0,1,0],[0,0,0,0,0,1,0],[0,0,0,0,0,2,0],[0,0,0,0,0,2,0],[0,0,0,0,10,3,10],[1,1,2,2,3,12,8],[0,0,0,0,10,8,10]],[[0,0,0,0,0,0,1],[0,0,0,0,0,0,1],[0,0,0,0,0,0,2],[0,0,0,0,0,0,2],[0,0,0,0,8,10,10],[0,0,0,0,10,8,10],[1,1,2,2,10,10,13]]]]
[2160,[1,1,2,2,25,25,30],[0,1,2,3,5,4,6],[4,4,5,5,16,27,2160],[[[1,0,0,0,0,0,0],[0,1,0,0,0,0,0],[0,0,1,0,0,0,0],[0,0,0,1,0,0,0],[0,0,0,0,1,0,0],[0,0,0,0,0,1,0],[0,0,0,0,0,0,1]],[[0,1,0,0,0,0,0],[1,0,0,0,0,0,0],[0,0,1,0,0,0,0],[0,0,0,1,0,0,0],[0,0,0,0,0,1,0],[0,0,0,0,1,0,0],[0,0,0,0,0,0,1]],[[0,0,1,0,0,0,0],[0,0,1,0,0,0,0],[1,1,0,1,0,0,0],[0,0,1,1,0,0,0],[0,0,0,0,1,1,0],[0,0,0,0,1,1,0],[0,0,0,0,0,0,2]],[[0,0,0,1,0,0,0],[0,0,0,1,0,0,0],[0,0,1,1,0,0,0],[1,1,1,0,0,0,0],[0,0,0,0,1,1,0],[0,0,0,0,1,1,0],[0,0,0,0,0,0,2]],[[0,0,0,0,1,0,0],[0,0,0,0,0,1,0],[0,0,0,0,1,1,0],[0,0,0,0,1,1,0],[0,1,1,1,7,7,9],[1,0,1,1,7,7,9],[0,0,0,0,9,9,10]],[[0,0,0,0,0,1,0],[0,0,0,0,1,0,0],[0,0,0,0,1,1,0],[0,0,0,0,1,1,0],[1,0,1,1,7,7,9],[0,1,1,1,7,7,9],[0,0,0,0,9,9,10]],[[0,0,0,0,0,0,1],[0,0,0,0,0,0,1],[0,0,0,0,0,0,2],[0,0,0,0,0,0,2],[0,0,0,0,9,9,10],[0,0,0,0,9,9,10],[1,1,2,2,10,10,13]]]]
[2184,[1,1,1,1,2,24,40],[0,1,2,3,4,5,6],[4,4,4,8,13,21,2184],[[[1,0,0,0,0,0,0],[0,1,0,0,0,0,0],[0,0,1,0,0,0,0],[0,0,0,1,0,0,0],[0,0,0,0,1,0,0],[0,0,0,0,0,1,0],[0,0,0,0,0,0,1]],[[0,1,0,0,0,0,0],[1,0,0,0,0,0,0],[0,0,0,1,0,0,0],[0,0,1,0,0,0,0],[0,0,0,0,1,0,0],[0,0,0,0,0,1,0],[0,0,0,0,0,0,1]],[[0,0,1,0,0,0,0],[0,0,0,1,0,0,0],[1,0,0,0,0,0,0],[0,1,0,0,0,0,0],[0,0,0,0,1,0,0],[0,0,0,0,0,1,0],[0,0,0,0,0,0,1]],[[0,0,0,1,0,0,0],[0,0,1,0,0,0,0],[0,1,0,0,0,0,0],[1,0,0,0,0,0,0],[0,0,0,0,1,0,0],[0,0,0,0,0,1,0],[0,0,0,0,0,0,1]],[[0,0,0,0,1,0,0],[0,0,0,0,1,0,0],[0,0,0,0,1,0,0],[0,0,0,0,1,0,0],[1,1,1,1,0,0,0],[0,0,0,0,0,2,0],[0,0,0,0,0,0,2]],[[0,0,0,0,0,1,0],[0,0,0,0,0,1,0],[0,0,0,0,0,1,0],[0,0,0,0,0,1,0],[0,0,0,0,0,2,0],[1,1,1,1,2,7,10],[0,0,0,0,0,10,18]],[[0,0,0,0,0,0,1],[0,0,0,0,0,0,1],[0,0,0,0,0,0,1],[0,0,0,0,0,0,1],[0,0,0,0,0,0,2],[0,0,0,0,0,10,18],[1,1,1,1,2,18,29]]]]
[2184,[1,1,1,1,2,24,40],[0,1,3,2,4,5,6],[4,4,4,8,13,21,2184],[[[1,0,0,0,0,0,0],[0,1,0,0,0,0,0],[0,0,1,0,0,0,0],[0,0,0,1,0,0,0],[0,0,0,0,1,0,0],[0,0,0,0,0,1,0],[0,0,0,0,0,0,1]],[[0,1,0,0,0,0,0],[1,0,0,0,0,0,0],[0,0,0,1,0,0,0],[0,0,1,0,0,0,0],[0,0,0,0,1,0,0],[0,0,0,0,0,1,0],[0,0,0,0,0,0,1]],[[0,0,1,0,0,0,0],[0,0,0,1,0,0,0],[0,1,0,0,0,0,0],[1,0,0,0,0,0,0],[0,0,0,0,1,0,0],[0,0,0,0,0,1,0],[0,0,0,0,0,0,1]],[[0,0,0,1,0,0,0],[0,0,1,0,0,0,0],[1,0,0,0,0,0,0],[0,1,0,0,0,0,0],[0,0,0,0,1,0,0],[0,0,0,0,0,1,0],[0,0,0,0,0,0,1]],[[0,0,0,0,1,0,0],[0,0,0,0,1,0,0],[0,0,0,0,1,0,0],[0,0,0,0,1,0,0],[1,1,1,1,0,0,0],[0,0,0,0,0,2,0],[0,0,0,0,0,0,2]],[[0,0,0,0,0,1,0],[0,0,0,0,0,1,0],[0,0,0,0,0,1,0],[0,0,0,0,0,1,0],[0,0,0,0,0,2,0],[1,1,1,1,2,7,10],[0,0,0,0,0,10,18]],[[0,0,0,0,0,0,1],[0,0,0,0,0,0,1],[0,0,0,0,0,0,1],[0,0,0,0,0,0,1],[0,0,0,0,0,0,2],[0,0,0,0,0,10,18],[1,1,1,1,2,18,29]]]]
[2184,[1,1,1,14,24,25,28],[0,2,1,3,4,5,6],[3,3,8,12,13,21,2184],[[[1,0,0,0,0,0,0],[0,1,0,0,0,0,0],[0,0,1,0,0,0,0],[0,0,0,1,0,0,0],[0,0,0,0,1,0,0],[0,0,0,0,0,1,0],[0,0,0,0,0,0,1]],[[0,1,0,0,0,0,0],[0,0,1,0,0,0,0],[1,0,0,0,0,0,0],[0,0,0,1,0,0,0],[0,0,0,0,1,0,0],[0,0,0,0,0,1,0],[0,0,0,0,0,0,1]],[[0,0,1,0,0,0,0],[1,0,0,0,0,0,0],[0,1,0,0,0,0,0],[0,0,0,1,0,0,0],[0,0,0,0,1,0,0],[0,0,0,0,0,1,0],[0,0,0,0,0,0,1]],[[0,0,0,1,0,0,0],[0,0,0,1,0,0,0],[0,0,0,1,0,0,0],[1,1,1,1,2,3,2],[0,0,0,2,4,4,4],[0,0,0,3,4,4,4],[0,0,0,2,4,4,6]],[[0,0,0,0,1,0,0],[0,0,0,0,1,0,0],[0,0,0,0,1,0,0],[0,0,0,2,4,4,4],[1,1,1,4,7,5,8],[0,0,0,4,5,8,8],[0,0,0,4,8,8,8]],[[0,0,0,0,0,1,0],[0,0,0,0,0,1,0],[0,0,0,0,0,1,0],[0,0,0,3,4,4,4],[0,0,0,4,5,8,8],[1,1,1,4,8,6,8],[0,0,0,4,8,8,9]],[[0,0,0,0,0,0,1],[0,0,0,0,0,0,1],[0,0,0,0,0,0,1],[0,0,0,2,4,4,6],[0,0,0,4,8,8,8],[0,0,0,4,8,8,9],[1,1,1,6,8,9,10]]]]
[2184,[1,1,2,12,24,27,27],[0,1,2,3,4,5,6],[3,4,4,13,21,24,2184],[[[1,0,0,0,0,0,0],[0,1,0,0,0,0,0],[0,0,1,0,0,0,0],[0,0,0,1,0,0,0],[0,0,0,0,1,0,0],[0,0,0,0,0,1,0],[0,0,0,0,0,0,1]],[[0,1,0,0,0,0,0],[1,0,0,0,0,0,0],[0,0,1,0,0,0,0],[0,0,0,1,0,0,0],[0,0,0,0,1,0,0],[0,0,0,0,0,0,1],[0,0,0,0,0,1,0]],[[0,0,1,0,0,0,0],[0,0,1,0,0,0,0],[1,1,1,0,0,0,0],[0,0,0,2,0,0,0],[0,0,0,0,2,0,0],[0,0,0,0,0,1,1],[0,0,0,0,0,1,1]],[[0,0,0,1,0,0,0],[0,0,0,1,0,0,0],[0,0,0,2,0,0,0],[1,1,2,3,2,1,1],[0,0,0,2,2,4,4],[0,0,0,1,4,4,4],[0,0,0,1,4,4,4]],[[0,0,0,0,1,0,0],[0,0,0,0,1,0,0],[0,0,0,0,2,0,0],[0,0,0,2,2,4,4],[1,1,2,2,7,7,7],[0,0,0,4,7,8,8],[0,0,0,4,7,8,8]],[[0,0,0,0,0,1,0],[0,0,0,0,0,0,1],[0,0,0,0,0,1,1],[0,0,0,1,4,4,4],[0,0,0,4,7,8,8],[1,0,1,4,8,9,9],[0,1,1,4,8,9,9]],[[0,0,0,0,0,0,1],[0,0,0,0,0,1,0],[0,0,0,0,0,1,1],[0,0,0,1,4,4,4],[0,0,0,4,7,8,8],[0,1,1,4,8,9,9],[1,0,1,4,8,9,9]]]]
[2184,[1,1,2,12,24,27,27],[0,1,2,3,4,5,6],[2,3,13,21,26,312,2184],[[[1,0,0,0,0,0,0],[0,1,0,0,0,0,0],[0,0,1,0,0,0,0],[0,0,0,1,0,0,0],[0,0,0,0,1,0,0],[0,0,0,0,0,1,0],[0,0,0,0,0,0,1]],[[0,1,0,0,0,0,0],[1,0,0,0,0,0,0],[0,0,1,0,0,0,0],[0,0,0,1,0,0,0],[0,0,0,0,1,0,0],[0,0,0,0,0,1,0],[0,0,0,0,0,0,1]],[[0,0,1,0,0,0,0],[0,0,1,0,0,0,0],[1,1,1,0,0,0,0],[0,0,0,2,0,0,0],[0,0,0,0,2,0,0],[0,0,0,0,0,2,0],[0,0,0,0,0,0,2]],[[0,0,0,1,0,0,0],[0,0,0,1,0,0,0],[0,0,0,2,0,0,0],[1,1,2,3,2,1,1],[0,0,0,2,2,4,4],[0,0,0,1,4,6,2],[0,0,0,1,4,2,6]],[[0,0,0,0,1,0,0],[0,0,0,0,1,0,0],[0,0,0,0,2,0,0],[0,0,0,2,2,4,4],[1,1,2,2,7,7,7],[0,0,0,4,7,8,8],[0,0,0,4,7,8,8]],[[0,0,0,0,0,1,0],[0,0,0,0,0,1,0],[0,0,0,0,0,2,0],[0,0,0,1,4,6,2],[0,0,0,4,7,8,8],[1,1,2,6,8,2,15],[0,0,0,2,8,15,4]],[[0,0,0,0,0,0,1],[0,0,0,0,0,0,1],[0,0,0,0,0,0,2],[0,0,0,1,4,2,6],[0,0,0,4,7,8,8],[0,0,0,2,8,15,4],[1,1,2,6,8,4,13]]]]
[2184,[1,1,2,12,24,27,27],[0,1,2,3,4,5,6],[2,3,13,21,42,56,2184],[[[1,0,0,0,0,0,0],[0,1,0,0,0,0,0],[0,0,1,0,0,0,0],[0,0,0,1,0,0,0],[0,0,0,0,1,0,0],[0,0,0,0,0,1,0],[0,0,0,0,0,0,1]],[[0,1,0,0,0,0,0],[1,0,0,0,0,0,0],[0,0,1,0,0,0,0],[0,0,0,1,0,0,0],[0,0,0,0,1,0,0],[0,0,0,0,0,1,0],[0,0,0,0,0,0,1]],[[0,0,1,0,0,0,0],[0,0,1,0,0,0,0],[1,1,1,0,0,0,0],[0,0,0,2,0,0,0],[0,0,0,0,2,0,0],[0,0,0,0,0,2,0],[0,0,0,0,0,0,2]],[[0,0,0,1,0,0,0],[0,0,0,1,0,0,0],[0,0,0,2,0,0,0],[1,1,2,3,2,1,1],[0,0,0,2,2,4,4],[0,0,0,1,4,6,2],[0,0,0,1,4,2,6]],[[0,0,0,0,1,0,0],[0,0,0,0,1,0,0],[0,0,0,0,2,0,0],[0,0,0,2,2,4,4],[1,1,2,2,7,7,7],[0,0,0,4,7,8,8],[0,0,0,4,7,8,8]],[[0,0,0,0,0,1,0],[0,0,0,0,0,1,0],[0,0,0,0,0,2,0],[0,0,0,1,4,6,2],[0,0,0,4,7,8,8],[1,1,2,6,8,7,10],[0,0,0,2,8,10,9]],[[0,0,0,0,0,0,1],[0,0,0,0,0,0,1],[0,0,0,0,0,0,2],[0,0,0,1,4,2,6],[0,0,0,4,7,8,8],[0,0,0,2,8,10,9],[1,1,2,6,8,9,8]]]]
[2184,[1,1,2,12,24,27,27],[0,1,2,3,4,6,5],[3,4,4,13,21,24,2184],[[[1,0,0,0,0,0,0],[0,1,0,0,0,0,0],[0,0,1,0,0,0,0],[0,0,0,1,0,0,0],[0,0,0,0,1,0,0],[0,0,0,0,0,1,0],[0,0,0,0,0,0,1]],[[0,1,0,0,0,0,0],[1,0,0,0,0,0,0],[0,0,1,0,0,0,0],[0,0,0,1,0,0,0],[0,0,0,0,1,0,0],[0,0,0,0,0,0,1],[0,0,0,0,0,1,0]],[[0,0,1,0,0,0,0],[0,0,1,0,0,0,0],[1,1,1,0,0,0,0],[0,0,0,2,0,0,0],[0,0,0,0,2,0,0],[0,0,0,0,0,1,1],[0,0,0,0,0,1,1]],[[0,0,0,1,0,0,0],[0,0,0,1,0,0,0],[0,0,0,2,0,0,0],[1,1,2,3,2,1,1],[0,0,0,2,2,4,4],[0,0,0,1,4,4,4],[0,0,0,1,4,4,4]],[[0,0,0,0,1,0,0],[0,0,0,0,1,0,0],[0,0,0,0,2,0,0],[0,0,0,2,2,4,4],[1,1,2,2,7,7,7],[0,0,0,4,7,8,8],[0,0,0,4,7,8,8]],[[0,0,0,0,0,1,0],[0,0,0,0,0,0,1],[0,0,0,0,0,1,1],[0,0,0,1,4,4,4],[0,0,0,4,7,8,8],[0,1,1,4,8,9,9],[1,0,1,4,8,9,9]],[[0,0,0,0,0,0,1],[0,0,0,0,0,1,0],[0,0,0,0,0,1,1],[0,0,0,1,4,4,4],[0,0,0,4,7,8,8],[1,0,1,4,8,9,9],[0,1,1,4,8,9,9]]]]
[2340,[1,1,1,1,16,28,36],[0,1,2,3,4,5,6],[4,4,4,9,10,26,2340],[[[1,0,0,0,0,0,0],[0,1,0,0,0,0,0],[0,0,1,0,0,0,0],[0,0,0,1,0,0,0],[0,0,0,0,1,0,0],[0,0,0,0,0,1,0],[0,0,0,0,0,0,1]],[[0,1,0,0,0,0,0],[1,0,0,0,0,0,0],[0,0,0,1,0,0,0],[0,0,1,0,0,0,0],[0,0,0,0,1,0,0],[0,0,0,0,0,1,0],[0,0,0,0,0,0,1]],[[0,0,1,0,0,0,0],[0,0,0,1,0,0,0],[1,0,0,0,0,0,0],[0,1,0,0,0,0,0],[0,0,0,0,1,0,0],[0,0,0,0,0,1,0],[0,0,0,0,0,0,1]],[[0,0,0,1,0,0,0],[0,0,1,0,0,0,0],[0,1,0,0,0,0,0],[1,0,0,0,0,0,0],[0,0,0,0,1,0,0],[0,0,0,0,0,1,0],[0,0,0,0,0,0,1]],[[0,0,0,0,1,0,0],[0,0,0,0,1,0,0],[0,0,0,0,1,0,0],[0,0,0,0,1,0,0],[1,1,1,1,2,4,3],[0,0,0,0,4,6,6],[0,0,0,0,3,6,10]],[[0,0,0,0,0,1,0],[0,0,0,0,0,1,0],[0,0,0,0,0,1,0],[0,0,0,0,0,1,0],[0,0,0,0,4,6,6],[1,1,1,1,6,9,12],[0,0,0,0,6,12,16]],[[0,0,0,0,0,0,1],[0,0,0,0,0,0,1],[0,0,0,0,0,0,1],[0,0,0,0,0,0,1],[0,0,0,0,3,6,10],[0,0,0,0,6,12,16],[1,1,1,1,10,16,19]]]]
[2340,[1,1,1,1,16,28,36],[0,1,3,2,4,5,6],[4,4,4,9,10,26,2340],[[[1,0,0,0,0,0,0],[0,1,0,0,0,0,0],[0,0,1,0,0,0,0],[0,0,0,1,0,0,0],[0,0,0,0,1,0,0],[0,0,0,0,0,1,0],[0,0,0,0,0,0,1]],[[0,1,0,0,0,0,0],[1,0,0,0,0,0,0],[0,0,0,1,0,0,0],[0,0,1,0,0,0,0],[0,0,0,0,1,0,0],[0,0,0,0,0,1,0],[0,0,0,0,0,0,1]],[[0,0,1,0,0,0,0],[0,0,0,1,0,0,0],[0,1,0,0,0,0,0],[1,0,0,0,0,0,0],[0,0,0,0,1,0,0],[0,0,0,0,0,1,0],[0,0,0,0,0,0,1]],[[0,0,0,1,0,0,0],[0,0,1,0,0,0,0],[1,0,0,0,0,0,0],[0,1,0,0,0,0,0],[0,0,0,0,1,0,0],[0,0,0,0,0,1,0],[0,0,0,0,0,0,1]],[[0,0,0,0,1,0,0],[0,0,0,0,1,0,0],[0,0,0,0,1,0,0],[0,0,0,0,1,0,0],[1,1,1,1,2,4,3],[0,0,0,0,4,6,6],[0,0,0,0,3,6,10]],[[0,0,0,0,0,1,0],[0,0,0,0,0,1,0],[0,0,0,0,0,1,0],[0,0,0,0,0,1,0],[0,0,0,0,4,6,6],[1,1,1,1,6,9,12],[0,0,0,0,6,12,16]],[[0,0,0,0,0,0,1],[0,0,0,0,0,0,1],[0,0,0,0,0,0,1],[0,0,0,0,0,0,1],[0,0,0,0,3,6,10],[0,0,0,0,6,12,16],[1,1,1,1,10,16,19]]]]
[2460,[1,1,1,3,24,24,36],[0,2,1,3,5,4,6],[3,3,4,15,123,123,2460],[[[1,0,0,0,0,0,0],[0,1,0,0,0,0,0],[0,0,1,0,0,0,0],[0,0,0,1,0,0,0],[0,0,0,0,1,0,0],[0,0,0,0,0,1,0],[0,0,0,0,0,0,1]],[[0,1,0,0,0,0,0],[0,0,1,0,0,0,0],[1,0,0,0,0,0,0],[0,0,0,1,0,0,0],[0,0,0,0,1,0,0],[0,0,0,0,0,1,0],[0,0,0,0,0,0,1]],[[0,0,1,0,0,0,0],[1,0,0,0,0,0,0],[0,1,0,0,0,0,0],[0,0,0,1,0,0,0],[0,0,0,0,1,0,0],[0,0,0,0,0,1,0],[0,0,0,0,0,0,1]],[[0,0,0,1,0,0,0],[0,0,0,1,0,0,0],[0,0,0,1,0,0,0],[1,1,1,2,0,0,0],[0,0,0,0,3,0,0],[0,0,0,0,0,3,0],[0,0,0,0,0,0,3]],[[0,0,0,0,1,0,0],[0,0,0,0,1,0,0],[0,0,0,0,1,0,0],[0,0,0,0,3,0,0],[0,0,0,0,8,1,10],[1,1,1,3,8,8,5],[0,0,0,0,5,10,14]],[[0,0,0,0,0,1,0],[0,0,0,0,0,1,0],[0,0,0,0,0,1,0],[0,0,0,0,0,3,0],[1,1,1,3,8,8,5],[0,0,0,0,1,8,10],[0,0,0,0,10,5,14]],[[0,0,0,0,0,0,1],[0,0,0,0,0,0,1],[0,0,0,0,0,0,1],[0,0,0,0,0,0,3],[0,0,0,0,5,10,14],[0,0,0,0,10,5,14],[1,1,1,3,14,14,17]]]]
[2508,[1,1,2,18,21,21,36],[0,1,2,3,4,5,6],[3,4,4,12,19,33,2508],[[[1,0,0,0,0,0,0],[0,1,0,0,0,0,0],[0,0,1,0,0,0,0],[0,0,0,1,0,0,0],[0,0,0,0,1,0,0],[0,0,0,0,0,1,0],[0,0,0,0,0,0,1]],[[0,1,0,0,0,0,0],[1,0,0,0,0,0,0],[0,0,1,0,0,0,0],[0,0,0,1,0,0,0],[0,0,0,0,0,1,0],[0,0,0,0,1,0,0],[0,0,0,0,0,0,1]],[[0,0,1,0,0,0,0],[0,0,1,0,0,0,0],[1,1,1,0,0,0,0],[0,0,0,2,0,0,0],[0,0,0,0,1,1,0],[0,0,0,0,1,1,0],[0,0,0,0,0,0,2]],[[0,0,0,1,0,0,0],[0,0,0,1,0,0,0],[0,0,0,2,0,0,0],[1,1,2,1,2,2,6],[0,0,0,2,3,3,6],[0,0,0,2,3,3,6],[0,0,0,6,6,6,8]],[[0,0,0,0,1,0,0],[0,0,0,0,0,1,0],[0,0,0,0,1,1,0],[0,0,0,2,3,3,6],[1,0,1,3,4,4,6],[0,1,1,3,4,4,6],[0,0,0,6,6,6,11]],[[0,0,0,0,0,1,0],[0,0,0,0,1,0,0],[0,0,0,0,1,1,0],[0,0,0,2,3,3,6],[0,1,1,3,4,4,6],[1,0,1,3,4,4,6],[0,0,0,6,6,6,11]],[[0,0,0,0,0,0,1],[0,0,0,0,0,0,1],[0,0,0,0,0,0,2],[0,0,0,6,6,6,8],[0,0,0,6,6,6,11],[0,0,0,6,6,6,11],[1,1,2,8,11,11,19]]]]
[2508,[1,1,2,18,21,21,36],[0,1,2,3,5,4,6],[3,4,4,12,19,33,2508],[[[1,0,0,0,0,0,0],[0,1,0,0,0,0,0],[0,0,1,0,0,0,0],[0,0,0,1,0,0,0],[0,0,0,0,1,0,0],[0,0,0,0,0,1,0],[0,0,0,0,0,0,1]],[[0,1,0,0,0,0,0],[1,0,0,0,0,0,0],[0,0,1,0,0,0,0],[0,0,0,1,0,0,0],[0,0,0,0,0,1,0],[0,0,0,0,1,0,0],[0,0,0,0,0,0,1]],[[0,0,1,0,0,0,0],[0,0,1,0,0,0,0],[1,1,1,0,0,0,0],[0,0,0,2,0,0,0],[0,0,0,0,1,1,0],[0,0,0,0,1,1,0],[0,0,0,0,0,0,2]],[[0,0,0,1,0,0,0],[0,0,0,1,0,0,0],[0,0,0,2,0,0,0],[1,1,2,1,2,2,6],[0,0,0,2,3,3,6],[0,0,0,2,3,3,6],[0,0,0,6,6,6,8]],[[0,0,0,0,1,0,0],[0,0,0,0,0,1,0],[0,0,0,0,1,1,0],[0,0,0,2,3,3,6],[0,1,1,3,4,4,6],[1,0,1,3,4,4,6],[0,0,0,6,6,6,11]],[[0,0,0,0,0,1,0],[0,0,0,0,1,0,0],[0,0,0,0,1,1,0],[0,0,0,2,3,3,6],[1,0,1,3,4,4,6],[0,1,1,3,4,4,6],[0,0,0,6,6,6,11]],[[0,0,0,0,0,0,1],[0,0,0,0,0,0,1],[0,0,0,0,0,0,2],[0,0,0,6,6,6,8],[0,0,0,6,6,6,11],[0,0,0,6,6,6,11],[1,1,2,8,11,11,19]]]]
[2508,[1,1,2,19,19,22,36],[0,1,2,3,4,5,6],[3,4,4,12,19,33,2508],[[[1,0,0,0,0,0,0],[0,1,0,0,0,0,0],[0,0,1,0,0,0,0],[0,0,0,1,0,0,0],[0,0,0,0,1,0,0],[0,0,0,0,0,1,0],[0,0,0,0,0,0,1]],[[0,1,0,0,0,0,0],[1,0,0,0,0,0,0],[0,0,1,0,0,0,0],[0,0,0,0,1,0,0],[0,0,0,1,0,0,0],[0,0,0,0,0,1,0],[0,0,0,0,0,0,1]],[[0,0,1,0,0,0,0],[0,0,1,0,0,0,0],[1,1,1,0,0,0,0],[0,0,0,1,1,0,0],[0,0,0,1,1,0,0],[0,0,0,0,0,2,0],[0,0,0,0,0,0,2]],[[0,0,0,1,0,0,0],[0,0,0,0,1,0,0],[0,0,0,1,1,0,0],[1,0,1,2,2,3,6],[0,1,1,2,2,3,6],[0,0,0,3,3,4,6],[0,0,0,6,6,6,9]],[[0,0,0,0,1,0,0],[0,0,0,1,0,0,0],[0,0,0,1,1,0,0],[0,1,1,2,2,3,6],[1,0,1,2,2,3,6],[0,0,0,3,3,4,6],[0,0,0,6,6,6,9]],[[0,0,0,0,0,1,0],[0,0,0,0,0,1,0],[0,0,0,0,0,2,0],[0,0,0,3,3,4,6],[0,0,0,3,3,4,6],[1,1,2,4,4,5,6],[0,0,0,6,6,6,12]],[[0,0,0,0,0,0,1],[0,0,0,0,0,0,1],[0,0,0,0,0,0,2],[0,0,0,6,6,6,9],[0,0,0,6,6,6,9],[0,0,0,6,6,6,12],[1,1,2,9,9,12,19]]]]
[2508,[1,1,2,19,19,22,36],[0,1,2,4,3,5,6],[3,4,4,12,19,33,2508],[[[1,0,0,0,0,0,0],[0,1,0,0,0,0,0],[0,0,1,0,0,0,0],[0,0,0,1,0,0,0],[0,0,0,0,1,0,0],[0,0,0,0,0,1,0],[0,0,0,0,0,0,1]],[[0,1,0,0,0,0,0],[1,0,0,0,0,0,0],[0,0,1,0,0,0,0],[0,0,0,0,1,0,0],[0,0,0,1,0,0,0],[0,0,0,0,0,1,0],[0,0,0,0,0,0,1]],[[0,0,1,0,0,0,0],[0,0,1,0,0,0,0],[1,1,1,0,0,0,0],[0,0,0,1,1,0,0],[0,0,0,1,1,0,0],[0,0,0,0,0,2,0],[0,0,0,0,0,0,2]],[[0,0,0,1,0,0,0],[0,0,0,0,1,0,0],[0,0,0,1,1,0,0],[0,1,1,2,2,3,6],[1,0,1,2,2,3,6],[0,0,0,3,3,4,6],[0,0,0,6,6,6,9]],[[0,0,0,0,1,0,0],[0,0,0,1,0,0,0],[0,0,0,1,1,0,0],[1,0,1,2,2,3,6],[0,1,1,2,2,3,6],[0,0,0,3,3,4,6],[0,0,0,6,6,6,9]],[[0,0,0,0,0,1,0],[0,0,0,0,0,1,0],[0,0,0,0,0,2,0],[0,0,0,3,3,4,6],[0,0,0,3,3,4,6],[1,1,2,4,4,5,6],[0,0,0,6,6,6,12]],[[0,0,0,0,0,0,1],[0,0,0,0,0,0,1],[0,0,0,0,0,0,2],[0,0,0,6,6,6,9],[0,0,0,6,6,6,9],[0,0,0,6,6,6,12],[1,1,2,9,9,12,19]]]]
[2856,[1,1,1,14,20,31,36],[0,2,1,3,4,5,6],[3,3,6,8,34,84,2856],[[[1,0,0,0,0,0,0],[0,1,0,0,0,0,0],[0,0,1,0,0,0,0],[0,0,0,1,0,0,0],[0,0,0,0,1,0,0],[0,0,0,0,0,1,0],[0,0,0,0,0,0,1]],[[0,1,0,0,0,0,0],[0,0,1,0,0,0,0],[1,0,0,0,0,0,0],[0,0,0,1,0,0,0],[0,0,0,0,1,0,0],[0,0,0,0,0,1,0],[0,0,0,0,0,0,1]],[[0,0,1,0,0,0,0],[1,0,0,0,0,0,0],[0,1,0,0,0,0,0],[0,0,0,1,0,0,0],[0,0,0,0,1,0,0],[0,0,0,0,0,1,0],[0,0,0,0,0,0,1]],[[0,0,0,1,0,0,0],[0,0,0,1,0,0,0],[0,0,0,1,0,0,0],[1,1,1,1,2,1,3],[0,0,0,2,1,4,3],[0,0,0,1,4,4,6],[0,0,0,3,3,6,6]],[[0,0,0,0,1,0,0],[0,0,0,0,1,0,0],[0,0,0,0,1,0,0],[0,0,0,2,1,4,3],[1,1,1,1,6,5,3],[0,0,0,4,5,8,6],[0,0,0,3,3,6,12]],[[0,0,0,0,0,1,0],[0,0,0,0,0,1,0],[0,0,0,0,0,1,0],[0,0,0,1,4,4,6],[0,0,0,4,5,8,6],[1,1,1,4,8,10,12],[0,0,0,6,6,12,15]],[[0,0,0,0,0,0,1],[0,0,0,0,0,0,1],[0,0,0,0,0,0,1],[0,0,0,3,3,6,6],[0,0,0,3,3,6,12],[0,0,0,6,6,12,15],[1,1,1,6,12,15,14]]]]
[2856,[1,1,2,2,2,21,49],[0,1,2,3,4,5,6],[2,7,7,7,24,34,2856],[[[1,0,0,0,0,0,0],[0,1,0,0,0,0,0],[0,0,1,0,0,0,0],[0,0,0,1,0,0,0],[0,0,0,0,1,0,0],[0,0,0,0,0,1,0],[0,0,0,0,0,0,1]],[[0,1,0,0,0,0,0],[1,0,0,0,0,0,0],[0,0,1,0,0,0,0],[0,0,0,1,0,0,0],[0,0,0,0,1,0,0],[0,0,0,0,0,1,0],[0,0,0,0,0,0,1]],[[0,0,1,0,0,0,0],[0,0,1,0,0,0,0],[1,1,0,0,1,0,0],[0,0,0,1,1,0,0],[0,0,1,1,0,0,0],[0,0,0,0,0,2,0],[0,0,0,0,0,0,2]],[[0,0,0,1,0,0,0],[0,0,0,1,0,0,0],[0,0,0,1,1,0,0],[1,1,1,0,0,0,0],[0,0,1,0,1,0,0],[0,0,0,0,0,2,0],[0,0,0,0,0,0,2]],[[0,0,0,0,1,0,0],[0,0,0,0,1,0,0],[0,0,1,1,0,0,0],[0,0,1,0,1,0,0],[1,1,0,1,0,0,0],[0,0,0,0,0,2,0],[0,0,0,0,0,0,2]],[[0,0,0,0,0,1,0],[0,0,0,0,0,1,0],[0,0,0,0,0,2,0],[0,0,0,0,0,2,0],[0,0,0,0,0,2,0],[1,1,2,2,2,4,7],[0,0,0,0,0,7,18]],[[0,0,0,0,0,0,1],[0,0,0,0,0,0,1],[0,0,0,0,0,0,2],[0,0,0,0,0,0,2],[0,0,0,0,0,0,2],[0,0,0,0,0,7,18],[1,1,2,2,2,18,41]]]]
[2856,[1,1,2,19,21,32,32],[0,1,2,3,4,5,6],[2,3,21,21,24,34,2856],[[[1,0,0,0,0,0,0],[0,1,0,0,0,0,0],[0,0,1,0,0,0,0],[0,0,0,1,0,0,0],[0,0,0,0,1,0,0],[0,0,0,0,0,1,0],[0,0,0,0,0,0,1]],[[0,1,0,0,0,0,0],[1,0,0,0,0,0,0],[0,0,1,0,0,0,0],[0,0,0,1,0,0,0],[0,0,0,0,1,0,0],[0,0,0,0,0,1,0],[0,0,0,0,0,0,1]],[[0,0,1,0,0,0,0],[0,0,1,0,0,0,0],[1,1,1,0,0,0,0],[0,0,0,2,0,0,0],[0,0,0,0,2,0,0],[0,0,0,0,0,2,0],[0,0,0,0,0,0,2]],[[0,0,0,1,0,0,0],[0,0,0,1,0,0,0],[0,0,0,2,0,0,0],[1,1,2,3,2,4,4],[0,0,0,2,5,4,4],[0,0,0,4,4,6,8],[0,0,0,4,4,8,6]],[[0,0,0,0,1,0,0],[0,0,0,0,1,0,0],[0,0,0,0,2,0,0],[0,0,0,2,5,4,4],[1,1,2,5,4,4,4],[0,0,0,4,4,8,8],[0,0,0,4,4,8,8]],[[0,0,0,0,0,1,0],[0,0,0,0,0,1,0],[0,0,0,0,0,2,0],[0,0,0,4,4,6,8],[0,0,0,4,4,8,8],[1,1,2,6,8,12,11],[0,0,0,8,8,11,11]],[[0,0,0,0,0,0,1],[0,0,0,0,0,0,1],[0,0,0,0,0,0,2],[0,0,0,4,4,8,6],[0,0,0,4,4,8,8],[0,0,0,8,8,11,11],[1,1,2,6,8,11,12]]]]
[2860,[1,1,2,2,25,25,40],[0,1,2,3,4,5,6],[4,4,5,5,13,44,2860],[[[1,0,0,0,0,0,0],[0,1,0,0,0,0,0],[0,0,1,0,0,0,0],[0,0,0,1,0,0,0],[0,0,0,0,1,0,0],[0,0,0,0,0,1,0],[0,0,0,0,0,0,1]],[[0,1,0,0,0,0,0],[1,0,0,0,0,0,0],[0,0,1,0,0,0,0],[0,0,0,1,0,0,0],[0,0,0,0,0,1,0],[0,0,0,0,1,0,0],[0,0,0,0,0,0,1]],[[0,0,1,0,0,0,0],[0,0,1,0,0,0,0],[1,1,0,1,0,0,0],[0,0,1,1,0,0,0],[0,0,0,0,1,1,0],[0,0,0,0,1,1,0],[0,0,0,0,0,0,2]],[[0,0,0,1,0,0,0],[0,0,0,1,0,0,0],[0,0,1,1,0,0,0],[1,1,1,0,0,0,0],[0,0,0,0,1,1,0],[0,0,0,0,1,1,0],[0,0,0,0,0,0,2]],[[0,0,0,0,1,0,0],[0,0,0,0,0,1,0],[0,0,0,0,1,1,0],[0,0,0,0,1,1,0],[1,0,1,1,6,6,8],[0,1,1,1,6,6,8],[0,0,0,0,8,8,15]],[[0,0,0,0,0,1,0],[0,0,0,0,1,0,0],[0,0,0,0,1,1,0],[0,0,0,0,1,1,0],[0,1,1,1,6,6,8],[1,0,1,1,6,6,8],[0,0,0,0,8,8,15]],[[0,0,0,0,0,0,1],[0,0,0,0,0,0,1],[0,0,0,0,0,0,2],[0,0,0,0,0,0,2],[0,0,0,0,8,8,15],[0,0,0,0,8,8,15],[1,1,2,2,15,15,21]]]]
[2860,[1,1,2,2,25,25,40],[0,1,2,3,4,5,6],[2,5,5,13,52,286,2860],[[[1,0,0,0,0,0,0],[0,1,0,0,0,0,0],[0,0,1,0,0,0,0],[0,0,0,1,0,0,0],[0,0,0,0,1,0,0],[0,0,0,0,0,1,0],[0,0,0,0,0,0,1]],[[0,1,0,0,0,0,0],[1,0,0,0,0,0,0],[0,0,1,0,0,0,0],[0,0,0,1,0,0,0],[0,0,0,0,1,0,0],[0,0,0,0,0,1,0],[0,0,0,0,0,0,1]],[[0,0,1,0,0,0,0],[0,0,1,0,0,0,0],[1,1,0,1,0,0,0],[0,0,1,1,0,0,0],[0,0,0,0,2,0,0],[0,0,0,0,0,2,0],[0,0,0,0,0,0,2]],[[0,0,0,1,0,0,0],[0,0,0,1,0,0,0],[0,0,1,1,0,0,0],[1,1,1,0,0,0,0],[0,0,0,0,2,0,0],[0,0,0,0,0,2,0],[0,0,0,0,0,0,2]],[[0,0,0,0,1,0,0],[0,0,0,0,1,0,0],[0,0,0,0,2,0,0],[0,0,0,0,2,0,0],[1,1,2,2,6,9,6],[0,0,0,0,9,0,10],[0,0,0,0,6,10,15]],[[0,0,0,0,0,1,0],[0,0,0,0,0,1,0],[0,0,0,0,0,2,0],[0,0,0,0,0,2,0],[0,0,0,0,9,0,10],[1,1,2,2,0,15,6],[0,0,0,0,10,6,15]],[[0,0,0,0,0,0,1],[0,0,0,0,0,0,1],[0,0,0,0,0,0,2],[0,0,0,0,0,0,2],[0,0,0,0,6,10,15],[0,0,0,0,10,6,15],[1,1,2,2,15,15,21]]]]
[2860,[1,1,2,2,25,25,40],[0,1,2,3,5,4,6],[4,4,5,5,13,44,2860],[[[1,0,0,0,0,0,0],[0,1,0,0,0,0,0],[0,0,1,0,0,0,0],[0,0,0,1,0,0,0],[0,0,0,0,1,0,0],[0,0,0,0,0,1,0],[0,0,0,0,0,0,1]],[[0,1,0,0,0,0,0],[1,0,0,0,0,0,0],[0,0,1,0,0,0,0],[0,0,0,1,0,0,0],[0,0,0,0,0,1,0],[0,0,0,0,1,0,0],[0,0,0,0,0,0,1]],[[0,0,1,0,0,0,0],[0,0,1,0,0,0,0],[1,1,0,1,0,0,0],[0,0,1,1,0,0,0],[0,0,0,0,1,1,0],[0,0,0,0,1,1,0],[0,0,0,0,0,0,2]],[[0,0,0,1,0,0,0],[0,0,0,1,0,0,0],[0,0,1,1,0,0,0],[1,1,1,0,0,0,0],[0,0,0,0,1,1,0],[0,0,0,0,1,1,0],[0,0,0,0,0,0,2]],[[0,0,0,0,1,0,0],[0,0,0,0,0,1,0],[0,0,0,0,1,1,0],[0,0,0,0,1,1,0],[0,1,1,1,6,6,8],[1,0,1,1,6,6,8],[0,0,0,0,8,8,15]],[[0,0,0,0,0,1,0],[0,0,0,0,1,0,0],[0,0,0,0,1,1,0],[0,0,0,0,1,1,0],[1,0,1,1,6,6,8],[0,1,1,1,6,6,8],[0,0,0,0,8,8,15]],[[0,0,0,0,0,0,1],[0,0,0,0,0,0,1],[0,0,0,0,0,0,2],[0,0,0,0,0,0,2],[0,0,0,0,8,8,15],[0,0,0,0,8,8,15],[1,1,2,2,15,15,21]]]]
[2860,[1,11,12,12,15,25,40],[0,1,2,3,4,5,6],[4,4,5,5,13,44,2860],[[[1,0,0,0,0,0,0],[0,1,0,0,0,0,0],[0,0,1,0,0,0,0],[0,0,0,1,0,0,0],[0,0,0,0,1,0,0],[0,0,0,0,0,1,0],[0,0,0,0,0,0,1]],[[0,1,0,0,0,0,0],[1,0,0,0,1,1,2],[0,0,1,0,1,1,2],[0,0,0,1,1,1,2],[0,1,1,1,0,2,2],[0,1,1,1,2,2,4],[0,2,2,2,2,4,6]],[[0,0,1,0,0,0,0],[0,0,1,0,1,1,2],[1,1,0,1,1,1,2],[0,0,1,1,1,1,2],[0,1,1,1,1,2,2],[0,1,1,1,2,3,4],[0,2,2,2,2,4,7]],[[0,0,0,1,0,0,0],[0,0,0,1,1,1,2],[0,0,1,1,1,1,2],[1,1,1,0,1,1,2],[0,1,1,1,1,2,2],[0,1,1,1,2,3,4],[0,2,2,2,2,4,7]],[[0,0,0,0,1,0,0],[0,1,1,1,0,2,2],[0,1,1,1,1,2,2],[0,1,1,1,1,2,2],[1,0,1,1,3,3,2],[0,2,2,2,3,4,4],[0,2,2,2,2,4,10]],[[0,0,0,0,0,1,0],[0,1,1,1,2,2,4],[0,1,1,1,2,3,4],[0,1,1,1,2,3,4],[0,2,2,2,3,4,4],[1,2,3,3,4,6,8],[0,4,4,4,4,8,15]],[[0,0,0,0,0,0,1],[0,2,2,2,2,4,6],[0,2,2,2,2,4,7],[0,2,2,2,2,4,7],[0,2,2,2,2,4,10],[0,4,4,4,4,8,15],[1,6,7,7,10,15,21]]]]
[2898,[1,1,2,10,10,24,46],[0,1,2,4,3,5,6],[2,3,18,23,23,42,2898],[[[1,0,0,0,0,0,0],[0,1,0,0,0,0,0],[0,0,1,0,0,0,0],[0,0,0,1,0,0,0],[0,0,0,0,1,0,0],[0,0,0,0,0,1,0],[0,0,0,0,0,0,1]],[[0,1,0,0,0,0,0],[1,0,0,0,0,0,0],[0,0,1,0,0,0,0],[0,0,0,1,0,0,0],[0,0,0,0,1,0,0],[0,0,0,0,0,1,0],[0,0,0,0,0,0,1]],[[0,0,1,0,0,0,0],[0,0,1,0,0,0,0],[1,1,1,0,0,0,0],[0,0,0,2,0,0,0],[0,0,0,0,2,0,0],[0,0,0,0,0,2,0],[0,0,0,0,0,0,2]],[[0,0,0,1,0,0,0],[0,0,0,1,0,0,0],[0,0,0,2,0,0,0],[0,0,0,0,3,1,1],[1,1,2,0,0,2,1],[0,0,0,2,1,3,3],[0,0,0,1,1,3,8]],[[0,0,0,0,1,0,0],[0,0,0,0,1,0,0],[0,0,0,0,2,0,0],[1,1,2,0,0,2,1],[0,0,0,3,0,1,1],[0,0,0,1,2,3,3],[0,0,0,1,1,3,8]],[[0,0,0,0,0,1,0],[0,0,0,0,0,1,0],[0,0,0,0,0,2,0],[0,0,0,2,1,3,3],[0,0,0,1,2,3,3],[1,1,2,3,3,4,9],[0,0,0,3,3,9,18]],[[0,0,0,0,0,0,1],[0,0,0,0,0,0,1],[0,0,0,0,0,0,2],[0,0,0,1,1,3,8],[0,0,0,1,1,3,8],[0,0,0,3,3,9,18],[1,1,2,8,8,18,33]]]]
[3120,[1,3,3,4,5,36,42],[0,1,2,3,4,5,6],[3,4,5,5,80,260,3120],[[[1,0,0,0,0,0,0],[0,1,0,0,0,0,0],[0,0,1,0,0,0,0],[0,0,0,1,0,0,0],[0,0,0,0,1,0,0],[0,0,0,0,0,1,0],[0,0,0,0,0,0,1]],[[0,1,0,0,0,0,0],[1,1,0,0,1,0,0],[0,0,0,1,1,0,0],[0,0,1,1,1,0,0],[0,1,1,1,1,0,0],[0,0,0,0,0,3,0],[0,0,0,0,0,0,3]],[[0,0,1,0,0,0,0],[0,0,0,1,1,0,0],[1,0,1,0,1,0,0],[0,1,0,1,1,0,0],[0,1,1,1,1,0,0],[0,0,0,0,0,3,0],[0,0,0,0,0,0,3]],[[0,0,0,1,0,0,0],[0,0,1,1,1,0,0],[0,1,0,1,1,0,0],[1,1,1,1,1,0,0],[0,1,1,1,2,0,0],[0,0,0,0,0,4,0],[0,0,0,0,0,0,4]],[[0,0,0,0,1,0,0],[0,1,1,1,1,0,0],[0,1,1,1,1,0,0],[0,1,1,1,2,0,0],[1,1,1,2,2,0,0],[0,0,0,0,0,5,0],[0,0,0,0,0,0,5]],[[0,0,0,0,0,1,0],[0,0,0,0,0,3,0],[0,0,0,0,0,3,0],[0,0,0,0,0,4,0],[0,0,0,0,0,5,0],[1,3,3,4,5,18,14],[0,0,0,0,0,14,24]],[[0,0,0,0,0,0,1],[0,0,0,0,0,0,3],[0,0,0,0,0,0,3],[0,0,0,0,0,0,4],[0,0,0,0,0,0,5],[0,0,0,0,0,14,24],[1,3,3,4,5,24,20]]]]
[3192,[1,1,2,24,25,31,32],[0,1,2,3,4,5,6],[2,3,8,42,114,114,3192],[[[1,0,0,0,0,0,0],[0,1,0,0,0,0,0],[0,0,1,0,0,0,0],[0,0,0,1,0,0,0],[0,0,0,0,1,0,0],[0,0,0,0,0,1,0],[0,0,0,0,0,0,1]],[[0,1,0,0,0,0,0],[1,0,0,0,0,0,0],[0,0,1,0,0,0,0],[0,0,0,1,0,0,0],[0,0,0,0,1,0,0],[0,0,0,0,0,1,0],[0,0,0,0,0,0,1]],[[0,0,1,0,0,0,0],[0,0,1,0,0,0,0],[1,1,1,0,0,0,0],[0,0,0,2,0,0,0],[0,0,0,0,2,0,0],[0,0,0,0,0,2,0],[0,0,0,0,0,0,2]],[[0,0,0,1,0,0,0],[0,0,0,1,0,0,0],[0,0,0,2,0,0,0],[1,1,2,0,4,10,5],[0,0,0,4,5,5,7],[0,0,0,10,5,5,7],[0,0,0,5,7,7,8]],[[0,0,0,0,1,0,0],[0,0,0,0,1,0,0],[0,0,0,0,2,0,0],[0,0,0,4,5,5,7],[1,1,2,5,1,6,9],[0,0,0,5,6,7,9],[0,0,0,7,9,9,4]],[[0,0,0,0,0,1,0],[0,0,0,0,0,1,0],[0,0,0,0,0,2,0],[0,0,0,10,5,5,7],[0,0,0,5,6,7,9],[1,1,2,5,7,12,9],[0,0,0,7,9,9,10]],[[0,0,0,0,0,0,1],[0,0,0,0,0,0,1],[0,0,0,0,0,0,2],[0,0,0,5,7,7,8],[0,0,0,7,9,9,4],[0,0,0,7,9,9,10],[1,1,2,8,4,10,13]]]]
[3192,[1,15,16,17,18,24,39],[0,1,2,3,4,5,6],[3,3,6,8,42,57,3192],[[[1,0,0,0,0,0,0],[0,1,0,0,0,0,0],[0,0,1,0,0,0,0],[0,0,0,1,0,0,0],[0,0,0,0,1,0,0],[0,0,0,0,0,1,0],[0,0,0,0,0,0,1]],[[0,1,0,0,0,0,0],[1,0,0,1,1,3,3],[0,0,1,1,1,3,3],[0,1,1,1,1,3,3],[0,1,1,1,1,2,4],[0,3,3,3,2,1,4],[0,3,3,3,4,4,7]],[[0,0,1,0,0,0,0],[0,0,1,1,1,3,3],[1,1,1,1,1,3,3],[0,1,1,2,1,3,3],[0,1,1,1,2,2,4],[0,3,3,3,2,2,4],[0,3,3,3,4,4,8]],[[0,0,0,1,0,0,0],[0,1,1,1,1,3,3],[0,1,1,2,1,3,3],[1,1,2,2,1,3,3],[0,1,1,1,3,2,4],[0,3,3,3,2,3,4],[0,3,3,3,4,4,9]],[[0,0,0,0,1,0,0],[0,1,1,1,1,2,4],[0,1,1,1,2,2,4],[0,1,1,1,3,2,4],[1,1,2,3,2,3,3],[0,2,2,2,3,2,6],[0,4,4,4,3,6,8]],[[0,0,0,0,0,1,0],[0,3,3,3,2,1,4],[0,3,3,3,2,2,4],[0,3,3,3,2,3,4],[0,2,2,2,3,2,6],[1,1,2,3,2,7,7],[0,4,4,4,6,7,12]],[[0,0,0,0,0,0,1],[0,3,3,3,4,4,7],[0,3,3,3,4,4,8],[0,3,3,3,4,4,9],[0,4,4,4,3,6,8],[0,4,4,4,6,7,12],[1,7,8,9,8,12,18]]]]
[3564,[1,1,21,23,28,28,32],[0,1,2,3,4,5,6],[2,4,6,18,66,81,3564],[[[1,0,0,0,0,0,0],[0,1,0,0,0,0,0],[0,0,1,0,0,0,0],[0,0,0,1,0,0,0],[0,0,0,0,1,0,0],[0,0,0,0,0,1,0],[0,0,0,0,0,0,1]],[[0,1,0,0,0,0,0],[1,0,0,0,0,0,0],[0,0,1,0,0,0,0],[0,0,0,1,0,0,0],[0,0,0,0,1,0,0],[0,0,0,0,0,1,0],[0,0,0,0,0,0,1]],[[0,0,1,0,0,0,0],[0,0,1,0,0,0,0],[1,1,0,1,4,4,6],[0,0,1,2,4,4,6],[0,0,4,4,4,5,5],[0,0,4,4,5,4,5],[0,0,6,6,5,5,4]],[[0,0,0,1,0,0,0],[0,0,0,1,0,0,0],[0,0,1,2,4,4,6],[1,1,2,3,4,4,6],[0,0,4,4,6,5,5],[0,0,4,4,5,6,5],[0,0,6,6,5,5,6]],[[0,0,0,0,1,0,0],[0,0,0,0,1,0,0],[0,0,4,4,4,5,5],[0,0,4,4,6,5,5],[1,1,4,6,4,8,7],[0,0,5,5,8,3,8],[0,0,5,5,7,8,8]],[[0,0,0,0,0,1,0],[0,0,0,0,0,1,0],[0,0,4,4,5,4,5],[0,0,4,4,5,6,5],[0,0,5,5,8,3,8],[1,1,4,6,3,9,7],[0,0,5,5,8,7,8]],[[0,0,0,0,0,0,1],[0,0,0,0,0,0,1],[0,0,6,6,5,5,4],[0,0,6,6,5,5,6],[0,0,5,5,7,8,8],[0,0,5,5,8,7,8],[1,1,4,6,8,8,11]]]]
[3564,[1,1,21,23,28,28,32],[0,1,2,3,5,4,6],[2,4,11,11,18,81,3564],[[[1,0,0,0,0,0,0],[0,1,0,0,0,0,0],[0,0,1,0,0,0,0],[0,0,0,1,0,0,0],[0,0,0,0,1,0,0],[0,0,0,0,0,1,0],[0,0,0,0,0,0,1]],[[0,1,0,0,0,0,0],[1,0,0,0,0,0,0],[0,0,1,0,0,0,0],[0,0,0,1,0,0,0],[0,0,0,0,1,0,0],[0,0,0,0,0,1,0],[0,0,0,0,0,0,1]],[[0,0,1,0,0,0,0],[0,0,1,0,0,0,0],[1,1,0,1,4,4,6],[0,0,1,2,4,4,6],[0,0,4,4,4,5,5],[0,0,4,4,5,4,5],[0,0,6,6,5,5,4]],[[0,0,0,1,0,0,0],[0,0,0,1,0,0,0],[0,0,1,2,4,4,6],[1,1,2,3,4,4,6],[0,0,4,4,6,5,5],[0,0,4,4,5,6,5],[0,0,6,6,5,5,6]],[[0,0,0,0,1,0,0],[0,0,0,0,1,0,0],[0,0,4,4,4,5,5],[0,0,4,4,6,5,5],[0,0,5,5,6,5,8],[1,1,4,6,6,6,7],[0,0,5,5,7,8,8]],[[0,0,0,0,0,1,0],[0,0,0,0,0,1,0],[0,0,4,4,5,4,5],[0,0,4,4,5,6,5],[1,1,4,6,6,6,7],[0,0,5,5,5,6,8],[0,0,5,5,8,7,8]],[[0,0,0,0,0,0,1],[0,0,0,0,0,0,1],[0,0,6,6,5,5,4],[0,0,6,6,5,5,6],[0,0,5,5,7,8,8],[0,0,5,5,8,7,8],[1,1,4,6,8,8,11]]]]
[3740,[1,1,9,11,24,32,44],[0,1,2,3,4,5,6],[2,4,10,11,34,34,3740],[[[1,0,0,0,0,0,0],[0,1,0,0,0,0,0],[0,0,1,0,0,0,0],[0,0,0,1,0,0,0],[0,0,0,0,1,0,0],[0,0,0,0,0,1,0],[0,0,0,0,0,0,1]],[[0,1,0,0,0,0,0],[1,0,0,0,0,0,0],[0,0,1,0,0,0,0],[0,0,0,1,0,0,0],[0,0,0,0,1,0,0],[0,0,0,0,0,1,0],[0,0,0,0,0,0,1]],[[0,0,1,0,0,0,0],[0,0,1,0,0,0,0],[1,1,0,1,1,0,1],[0,0,1,2,1,0,1],[0,0,1,1,0,2,3],[0,0,0,0,2,2,4],[0,0,1,1,3,4,4]],[[0,0,0,1,0,0,0],[0,0,0,1,0,0,0],[0,0,1,2,1,0,1],[1,1,2,3,1,0,1],[0,0,1,1,2,2,3],[0,0,0,0,2,4,4],[0,0,1,1,3,4,6]],[[0,0,0,0,1,0,0],[0,0,0,0,1,0,0],[0,0,1,1,0,2,3],[0,0,1,1,2,2,3],[1,1,0,2,3,4,8],[0,0,2,2,4,6,10],[0,0,3,3,8,10,11]],[[0,0,0,0,0,1,0],[0,0,0,0,0,1,0],[0,0,0,0,2,2,4],[0,0,0,0,2,4,4],[0,0,2,2,4,6,10],[1,1,2,4,6,9,12],[0,0,4,4,10,12,16]],[[0,0,0,0,0,0,1],[0,0,0,0,0,0,1],[0,0,1,1,3,4,4],[0,0,1,1,3,4,6],[0,0,3,3,8,10,11],[0,0,4,4,10,12,16],[1,1,4,6,11,16,24]]]]
[3960,[1,1,2,19,19,36,44],[0,1,2,3,4,5,6],[3,4,4,9,33,40,3960],[[[1,0,0,0,0,0,0],[0,1,0,0,0,0,0],[0,0,1,0,0,0,0],[0,0,0,1,0,0,0],[0,0,0,0,1,0,0],[0,0,0,0,0,1,0],[0,0,0,0,0,0,1]],[[0,1,0,0,0,0,0],[1,0,0,0,0,0,0],[0,0,1,0,0,0,0],[0,0,0,0,1,0,0],[0,0,0,1,0,0,0],[0,0,0,0,0,1,0],[0,0,0,0,0,0,1]],[[0,0,1,0,0,0,0],[0,0,1,0,0,0,0],[1,1,1,0,0,0,0],[0,0,0,1,1,0,0],[0,0,0,1,1,0,0],[0,0,0,0,0,2,0],[0,0,0,0,0,0,2]],[[0,0,0,1,0,0,0],[0,0,0,0,1,0,0],[0,0,0,1,1,0,0],[1,0,1,1,1,4,4],[0,1,1,1,1,4,4],[0,0,0,4,4,5,8],[0,0,0,4,4,8,9]],[[0,0,0,0,1,0,0],[0,0,0,1,0,0,0],[0,0,0,1,1,0,0],[0,1,1,1,1,4,4],[1,0,1,1,1,4,4],[0,0,0,4,4,5,8],[0,0,0,4,4,8,9]],[[0,0,0,0,0,1,0],[0,0,0,0,0,1,0],[0,0,0,0,0,2,0],[0,0,0,4,4,5,8],[0,0,0,4,4,5,8],[1,1,2,5,5,11,16],[0,0,0,8,8,16,16]],[[0,0,0,0,0,0,1],[0,0,0,0,0,0,1],[0,0,0,0,0,0,2],[0,0,0,4,4,8,9],[0,0,0,4,4,8,9],[0,0,0,8,8,16,16],[1,1,2,9,9,16,23]]]]
[3960,[1,1,2,19,19,36,44],[0,1,2,4,3,5,6],[3,4,4,9,33,40,3960],[[[1,0,0,0,0,0,0],[0,1,0,0,0,0,0],[0,0,1,0,0,0,0],[0,0,0,1,0,0,0],[0,0,0,0,1,0,0],[0,0,0,0,0,1,0],[0,0,0,0,0,0,1]],[[0,1,0,0,0,0,0],[1,0,0,0,0,0,0],[0,0,1,0,0,0,0],[0,0,0,0,1,0,0],[0,0,0,1,0,0,0],[0,0,0,0,0,1,0],[0,0,0,0,0,0,1]],[[0,0,1,0,0,0,0],[0,0,1,0,0,0,0],[1,1,1,0,0,0,0],[0,0,0,1,1,0,0],[0,0,0,1,1,0,0],[0,0,0,0,0,2,0],[0,0,0,0,0,0,2]],[[0,0,0,1,0,0,0],[0,0,0,0,1,0,0],[0,0,0,1,1,0,0],[0,1,1,1,1,4,4],[1,0,1,1,1,4,4],[0,0,0,4,4,5,8],[0,0,0,4,4,8,9]],[[0,0,0,0,1,0,0],[0,0,0,1,0,0,0],[0,0,0,1,1,0,0],[1,0,1,1,1,4,4],[0,1,1,1,1,4,4],[0,0,0,4,4,5,8],[0,0,0,4,4,8,9]],[[0,0,0,0,0,1,0],[0,0,0,0,0,1,0],[0,0,0,0,0,2,0],[0,0,0,4,4,5,8],[0,0,0,4,4,5,8],[1,1,2,5,5,11,16],[0,0,0,8,8,16,16]],[[0,0,0,0,0,0,1],[0,0,0,0,0,0,1],[0,0,0,0,0,0,2],[0,0,0,4,4,8,9],[0,0,0,4,4,8,9],[0,0,0,8,8,16,16],[1,1,2,9,9,16,23]]]]
[4060,[1,1,5,7,8,28,56],[0,1,2,3,4,5,6],[2,4,7,10,290,290,4060],[[[1,0,0,0,0,0,0],[0,1,0,0,0,0,0],[0,0,1,0,0,0,0],[0,0,0,1,0,0,0],[0,0,0,0,1,0,0],[0,0,0,0,0,1,0],[0,0,0,0,0,0,1]],[[0,1,0,0,0,0,0],[1,0,0,0,0,0,0],[0,0,1,0,0,0,0],[0,0,0,1,0,0,0],[0,0,0,0,1,0,0],[0,0,0,0,0,1,0],[0,0,0,0,0,0,1]],[[0,0,1,0,0,0,0],[0,0,1,0,0,0,0],[1,1,0,1,2,0,0],[0,0,1,2,2,0,0],[0,0,2,2,2,0,0],[0,0,0,0,0,5,0],[0,0,0,0,0,0,5]],[[0,0,0,1,0,0,0],[0,0,0,1,0,0,0],[0,0,1,2,2,0,0],[1,1,2,3,2,0,0],[0,0,2,2,4,0,0],[0,0,0,0,0,7,0],[0,0,0,0,0,0,7]],[[0,0,0,0,1,0,0],[0,0,0,0,1,0,0],[0,0,2,2,2,0,0],[0,0,2,2,4,0,0],[1,1,2,4,3,0,0],[0,0,0,0,0,8,0],[0,0,0,0,0,0,8]],[[0,0,0,0,0,1,0],[0,0,0,0,0,1,0],[0,0,0,0,0,5,0],[0,0,0,0,0,7,0],[0,0,0,0,0,8,0],[1,1,5,7,8,3,10],[0,0,0,0,0,10,23]],[[0,0,0,0,0,0,1],[0,0,0,0,0,0,1],[0,0,0,0,0,0,5],[0,0,0,0,0,0,7],[0,0,0,0,0,0,8],[0,0,0,0,0,10,23],[1,1,5,7,8,23,42]]]]
[4140,[1,1,20,25,27,28,40],[0,1,2,3,4,5,6],[2,4,9,10,36,92,4140],[[[1,0,0,0,0,0,0],[0,1,0,0,0,0,0],[0,0,1,0,0,0,0],[0,0,0,1,0,0,0],[0,0,0,0,1,0,0],[0,0,0,0,0,1,0],[0,0,0,0,0,0,1]],[[0,1,0,0,0,0,0],[1,0,0,0,0,0,0],[0,0,1,0,0,0,0],[0,0,0,1,0,0,0],[0,0,0,0,1,0,0],[0,0,0,0,0,1,0],[0,0,0,0,0,0,1]],[[0,0,1,0,0,0,0],[0,0,1,0,0,0,0],[1,1,5,1,3,4,2],[0,0,1,3,3,3,6],[0,0,3,3,3,3,6],[0,0,4,3,3,3,6],[0,0,2,6,6,6,7]],[[0,0,0,1,0,0,0],[0,0,0,1,0,0,0],[0,0,1,3,3,3,6],[1,1,3,3,4,5,6],[0,0,3,4,5,5,6],[0,0,3,5,5,5,6],[0,0,6,6,6,6,10]],[[0,0,0,0,1,0,0],[0,0,0,0,1,0,0],[0,0,3,3,3,3,6],[0,0,3,4,5,5,6],[1,1,3,5,6,5,6],[0,0,3,5,5,7,6],[0,0,6,6,6,6,12]],[[0,0,0,0,0,1,0],[0,0,0,0,0,1,0],[0,0,4,3,3,3,6],[0,0,3,5,5,5,6],[0,0,3,5,5,7,6],[1,1,3,5,7,6,6],[0,0,6,6,6,6,13]],[[0,0,0,0,0,0,1],[0,0,0,0,0,0,1],[0,0,2,6,6,6,7],[0,0,6,6,6,6,10],[0,0,6,6,6,6,12],[0,0,6,6,6,6,13],[1,1,7,10,12,13,13]]]]
[4200,[1,1,2,21,30,33,42],[0,1,2,3,4,5,6],[2,3,14,21,24,175,4200],[[[1,0,0,0,0,0,0],[0,1,0,0,0,0,0],[0,0,1,0,0,0,0],[0,0,0,1,0,0,0],[0,0,0,0,1,0,0],[0,0,0,0,0,1,0],[0,0,0,0,0,0,1]],[[0,1,0,0,0,0,0],[1,0,0,0,0,0,0],[0,0,1,0,0,0,0],[0,0,0,1,0,0,0],[0,0,0,0,1,0,0],[0,0,0,0,0,1,0],[0,0,0,0,0,0,1]],[[0,0,1,0,0,0,0],[0,0,1,0,0,0,0],[1,1,1,0,0,0,0],[0,0,0,2,0,0,0],[0,0,0,0,2,0,0],[0,0,0,0,0,2,0],[0,0,0,0,0,0,2]],[[0,0,0,1,0,0,0],[0,0,0,1,0,0,0],[0,0,0,2,0,0,0],[1,1,2,2,2,5,4],[0,0,0,2,4,4,8],[0,0,0,5,4,4,8],[0,0,0,4,8,8,7]],[[0,0,0,0,1,0,0],[0,0,0,0,1,0,0],[0,0,0,0,2,0,0],[0,0,0,2,4,4,8],[1,1,2,4,7,8,8],[0,0,0,4,8,10,8],[0,0,0,8,8,8,14]],[[0,0,0,0,0,1,0],[0,0,0,0,0,1,0],[0,0,0,0,0,2,0],[0,0,0,5,4,4,8],[0,0,0,4,8,10,8],[1,1,2,4,10,11,8],[0,0,0,8,8,8,17]],[[0,0,0,0,0,0,1],[0,0,0,0,0,0,1],[0,0,0,0,0,0,2],[0,0,0,4,8,8,7],[0,0,0,8,8,8,14],[0,0,0,8,8,8,17],[1,1,2,7,14,17,15]]]]
[4200,[1,1,2,21,30,33,42],[0,1,2,3,4,5,6],[2,3,14,24,25,75,4200],[[[1,0,0,0,0,0,0],[0,1,0,0,0,0,0],[0,0,1,0,0,0,0],[0,0,0,1,0,0,0],[0,0,0,0,1,0,0],[0,0,0,0,0,1,0],[0,0,0,0,0,0,1]],[[0,1,0,0,0,0,0],[1,0,0,0,0,0,0],[0,0,1,0,0,0,0],[0,0,0,1,0,0,0],[0,0,0,0,1,0,0],[0,0,0,0,0,1,0],[0,0,0,0,0,0,1]],[[0,0,1,0,0,0,0],[0,0,1,0,0,0,0],[1,1,1,0,0,0,0],[0,0,0,2,0,0,0],[0,0,0,0,2,0,0],[0,0,0,0,0,2,0],[0,0,0,0,0,0,2]],[[0,0,0,1,0,0,0],[0,0,0,1,0,0,0],[0,0,0,2,0,0,0],[1,1,2,4,0,3,6],[0,0,0,0,6,6,6],[0,0,0,3,6,6,6],[0,0,0,6,6,6,9]],[[0,0,0,0,1,0,0],[0,0,0,0,1,0,0],[0,0,0,0,2,0,0],[0,0,0,0,6,6,6],[1,1,2,6,5,6,10],[0,0,0,6,6,8,10],[0,0,0,6,10,10,12]],[[0,0,0,0,0,1,0],[0,0,0,0,0,1,0],[0,0,0,0,0,2,0],[0,0,0,3,6,6,6],[0,0,0,6,6,8,10],[1,1,2,6,8,9,10],[0,0,0,6,10,10,15]],[[0,0,0,0,0,0,1],[0,0,0,0,0,0,1],[0,0,0,0,0,0,2],[0,0,0,6,6,6,9],[0,0,0,6,10,10,12],[0,0,0,6,10,10,15],[1,1,2,9,12,15,17]]]]
[4200,[1,1,2,23,26,35,42],[0,1,2,3,4,5,6],[2,3,12,14,100,600,4200],[[[1,0,0,0,0,0,0],[0,1,0,0,0,0,0],[0,0,1,0,0,0,0],[0,0,0,1,0,0,0],[0,0,0,0,1,0,0],[0,0,0,0,0,1,0],[0,0,0,0,0,0,1]],[[0,1,0,0,0,0,0],[1,0,0,0,0,0,0],[0,0,1,0,0,0,0],[0,0,0,1,0,0,0],[0,0,0,0,1,0,0],[0,0,0,0,0,1,0],[0,0,0,0,0,0,1]],[[0,0,1,0,0,0,0],[0,0,1,0,0,0,0],[1,1,1,0,0,0,0],[0,0,0,2,0,0,0],[0,0,0,0,2,0,0],[0,0,0,0,0,2,0],[0,0,0,0,0,0,2]],[[0,0,0,1,0,0,0],[0,0,0,1,0,0,0],[0,0,0,2,0,0,0],[1,1,2,0,1,7,6],[0,0,0,1,3,7,6],[0,0,0,7,7,6,6],[0,0,0,6,6,6,11]],[[0,0,0,0,1,0,0],[0,0,0,0,1,0,0],[0,0,0,0,2,0,0],[0,0,0,1,3,7,6],[1,1,2,3,4,7,6],[0,0,0,7,7,9,6],[0,0,0,6,6,6,14]],[[0,0,0,0,0,1,0],[0,0,0,0,0,1,0],[0,0,0,0,0,2,0],[0,0,0,7,7,6,6],[0,0,0,7,7,9,6],[1,1,2,6,9,17,6],[0,0,0,6,6,6,23]],[[0,0,0,0,0,0,1],[0,0,0,0,0,0,1],[0,0,0,0,0,0,2],[0,0,0,6,6,6,11],[0,0,0,6,6,6,14],[0,0,0,6,6,6,23],[1,1,2,11,14,23,8]]]]
[4284,[1,1,2,17,17,28,54],[0,1,2,3,4,5,6],[3,4,4,9,28,51,4284],[[[1,0,0,0,0,0,0],[0,1,0,0,0,0,0],[0,0,1,0,0,0,0],[0,0,0,1,0,0,0],[0,0,0,0,1,0,0],[0,0,0,0,0,1,0],[0,0,0,0,0,0,1]],[[0,1,0,0,0,0,0],[1,0,0,0,0,0,0],[0,0,1,0,0,0,0],[0,0,0,0,1,0,0],[0,0,0,1,0,0,0],[0,0,0,0,0,1,0],[0,0,0,0,0,0,1]],[[0,0,1,0,0,0,0],[0,0,1,0,0,0,0],[1,1,1,0,0,0,0],[0,0,0,1,1,0,0],[0,0,0,1,1,0,0],[0,0,0,0,0,2,0],[0,0,0,0,0,0,2]],[[0,0,0,1,0,0,0],[0,0,0,0,1,0,0],[0,0,0,1,1,0,0],[1,0,1,2,2,2,3],[0,1,1,2,2,2,3],[0,0,0,2,2,3,6],[0,0,0,3,3,6,12]],[[0,0,0,0,1,0,0],[0,0,0,1,0,0,0],[0,0,0,1,1,0,0],[0,1,1,2,2,2,3],[1,0,1,2,2,2,3],[0,0,0,2,2,3,6],[0,0,0,3,3,6,12]],[[0,0,0,0,0,1,0],[0,0,0,0,0,1,0],[0,0,0,0,0,2,0],[0,0,0,2,2,3,6],[0,0,0,2,2,3,6],[1,1,2,3,3,1,12],[0,0,0,6,6,12,18]],[[0,0,0,0,0,0,1],[0,0,0,0,0,0,1],[0,0,0,0,0,0,2],[0,0,0,3,3,6,12],[0,0,0,3,3,6,12],[0,0,0,6,6,12,18],[1,1,2,12,12,18,37]]]]
[4284,[1,1,2,17,17,28,54],[0,1,2,4,3,5,6],[3,4,4,9,28,51,4284],[[[1,0,0,0,0,0,0],[0,1,0,0,0,0,0],[0,0,1,0,0,0,0],[0,0,0,1,0,0,0],[0,0,0,0,1,0,0],[0,0,0,0,0,1,0],[0,0,0,0,0,0,1]],[[0,1,0,0,0,0,0],[1,0,0,0,0,0,0],[0,0,1,0,0,0,0],[0,0,0,0,1,0,0],[0,0,0,1,0,0,0],[0,0,0,0,0,1,0],[0,0,0,0,0,0,1]],[[0,0,1,0,0,0,0],[0,0,1,0,0,0,0],[1,1,1,0,0,0,0],[0,0,0,1,1,0,0],[0,0,0,1,1,0,0],[0,0,0,0,0,2,0],[0,0,0,0,0,0,2]],[[0,0,0,1,0,0,0],[0,0,0,0,1,0,0],[0,0,0,1,1,0,0],[0,1,1,2,2,2,3],[1,0,1,2,2,2,3],[0,0,0,2,2,3,6],[0,0,0,3,3,6,12]],[[0,0,0,0,1,0,0],[0,0,0,1,0,0,0],[0,0,0,1,1,0,0],[1,0,1,2,2,2,3],[0,1,1,2,2,2,3],[0,0,0,2,2,3,6],[0,0,0,3,3,6,12]],[[0,0,0,0,0,1,0],[0,0,0,0,0,1,0],[0,0,0,0,0,2,0],[0,0,0,2,2,3,6],[0,0,0,2,2,3,6],[1,1,2,3,3,1,12],[0,0,0,6,6,12,18]],[[0,0,0,0,0,0,1],[0,0,0,0,0,0,1],[0,0,0,0,0,0,2],[0,0,0,3,3,6,12],[0,0,0,3,3,6,12],[0,0,0,6,6,12,18],[1,1,2,12,12,18,37]]]]
[4284,[1,1,2,17,23,34,48],[0,1,2,3,4,5,6],[2,3,9,36,51,126,4284],[[[1,0,0,0,0,0,0],[0,1,0,0,0,0,0],[0,0,1,0,0,0,0],[0,0,0,1,0,0,0],[0,0,0,0,1,0,0],[0,0,0,0,0,1,0],[0,0,0,0,0,0,1]],[[0,1,0,0,0,0,0],[1,0,0,0,0,0,0],[0,0,1,0,0,0,0],[0,0,0,1,0,0,0],[0,0,0,0,1,0,0],[0,0,0,0,0,1,0],[0,0,0,0,0,0,1]],[[0,0,1,0,0,0,0],[0,0,1,0,0,0,0],[1,1,1,0,0,0,0],[0,0,0,2,0,0,0],[0,0,0,0,2,0,0],[0,0,0,0,0,2,0],[0,0,0,0,0,0,2]],[[0,0,0,1,0,0,0],[0,0,0,1,0,0,0],[0,0,0,2,0,0,0],[1,1,2,4,1,0,4],[0,0,0,1,2,4,4],[0,0,0,0,4,3,8],[0,0,0,4,4,8,8]],[[0,0,0,0,1,0,0],[0,0,0,0,1,0,0],[0,0,0,0,2,0,0],[0,0,0,1,2,4,4],[1,1,2,2,7,4,4],[0,0,0,4,4,7,8],[0,0,0,4,4,8,14]],[[0,0,0,0,0,1,0],[0,0,0,0,0,1,0],[0,0,0,0,0,2,0],[0,0,0,0,4,3,8],[0,0,0,4,4,7,8],[1,1,2,3,7,5,16],[0,0,0,8,8,16,16]],[[0,0,0,0,0,0,1],[0,0,0,0,0,0,1],[0,0,0,0,0,0,2],[0,0,0,4,4,8,8],[0,0,0,4,4,8,14],[0,0,0,8,8,16,16],[1,1,2,8,14,16,27]]]]
[4284,[1,17,17,20,28,35,36],[0,2,1,3,4,5,6],[3,4,7,7,9,51,4284],[[[1,0,0,0,0,0,0],[0,1,0,0,0,0,0],[0,0,1,0,0,0,0],[0,0,0,1,0,0,0],[0,0,0,0,1,0,0],[0,0,0,0,0,1,0],[0,0,0,0,0,0,1]],[[0,1,0,0,0,0,0],[0,1,2,2,2,2,2],[1,1,1,1,2,2,3],[0,1,2,1,2,3,3],[0,2,2,2,3,4,4],[0,2,2,3,4,5,5],[0,3,2,3,4,5,5]],[[0,0,1,0,0,0,0],[1,1,1,1,2,2,3],[0,2,1,2,2,2,2],[0,2,1,1,2,3,3],[0,2,2,2,3,4,4],[0,2,2,3,4,5,5],[0,2,3,3,4,5,5]],[[0,0,0,1,0,0,0],[0,1,2,1,2,3,3],[0,2,1,1,2,3,3],[1,1,1,3,2,3,4],[0,2,2,2,6,4,4],[0,3,3,3,4,6,6],[0,3,3,4,4,6,6]],[[0,0,0,0,1,0,0],[0,2,2,2,3,4,4],[0,2,2,2,3,4,4],[0,2,2,2,6,4,4],[1,3,3,6,1,7,8],[0,4,4,4,7,8,8],[0,4,4,4,8,8,8]],[[0,0,0,0,0,1,0],[0,2,2,3,4,5,5],[0,2,2,3,4,5,5],[0,3,3,3,4,6,6],[0,4,4,4,7,8,8],[1,5,5,6,8,10,10],[0,5,5,6,8,10,11]],[[0,0,0,0,0,0,1],[0,3,2,3,4,5,5],[0,2,3,3,4,5,5],[0,3,3,4,4,6,6],[0,4,4,4,8,8,8],[0,5,5,6,8,10,11],[1,5,5,6,8,11,11]]]]
[4290,[1,1,2,29,31,31,39],[0,1,2,3,5,4,6],[2,3,10,39,39,66,4290],[[[1,0,0,0,0,0,0],[0,1,0,0,0,0,0],[0,0,1,0,0,0,0],[0,0,0,1,0,0,0],[0,0,0,0,1,0,0],[0,0,0,0,0,1,0],[0,0,0,0,0,0,1]],[[0,1,0,0,0,0,0],[1,0,0,0,0,0,0],[0,0,1,0,0,0,0],[0,0,0,1,0,0,0],[0,0,0,0,1,0,0],[0,0,0,0,0,1,0],[0,0,0,0,0,0,1]],[[0,0,1,0,0,0,0],[0,0,1,0,0,0,0],[1,1,1,0,0,0,0],[0,0,0,2,0,0,0],[0,0,0,0,2,0,0],[0,0,0,0,0,2,0],[0,0,0,0,0,0,2]],[[0,0,0,1,0,0,0],[0,0,0,1,0,0,0],[0,0,0,2,0,0,0],[1,1,2,6,5,5,9],[0,0,0,5,8,5,9],[0,0,0,5,5,8,9],[0,0,0,9,9,9,8]],[[0,0,0,0,1,0,0],[0,0,0,0,1,0,0],[0,0,0,0,2,0,0],[0,0,0,5,8,5,9],[0,0,0,5,6,9,9],[1,1,2,8,6,6,9],[0,0,0,9,9,9,10]],[[0,0,0,0,0,1,0],[0,0,0,0,0,1,0],[0,0,0,0,0,2,0],[0,0,0,5,5,8,9],[1,1,2,8,6,6,9],[0,0,0,5,9,6,9],[0,0,0,9,9,9,10]],[[0,0,0,0,0,0,1],[0,0,0,0,0,0,1],[0,0,0,0,0,0,2],[0,0,0,9,9,9,8],[0,0,0,9,9,9,10],[0,0,0,9,9,9,10],[1,1,2,8,10,10,17]]]]
[4320,[1,1,1,3,28,32,50],[0,2,1,3,4,5,6],[3,3,4,30,32,54,4320],[[[1,0,0,0,0,0,0],[0,1,0,0,0,0,0],[0,0,1,0,0,0,0],[0,0,0,1,0,0,0],[0,0,0,0,1,0,0],[0,0,0,0,0,1,0],[0,0,0,0,0,0,1]],[[0,1,0,0,0,0,0],[0,0,1,0,0,0,0],[1,0,0,0,0,0,0],[0,0,0,1,0,0,0],[0,0,0,0,1,0,0],[0,0,0,0,0,1,0],[0,0,0,0,0,0,1]],[[0,0,1,0,0,0,0],[1,0,0,0,0,0,0],[0,1,0,0,0,0,0],[0,0,0,1,0,0,0],[0,0,0,0,1,0,0],[0,0,0,0,0,1,0],[0,0,0,0,0,0,1]],[[0,0,0,1,0,0,0],[0,0,0,1,0,0,0],[0,0,0,1,0,0,0],[1,1,1,2,0,0,0],[0,0,0,0,3,0,0],[0,0,0,0,0,3,0],[0,0,0,0,0,0,3]],[[0,0,0,0,1,0,0],[0,0,0,0,1,0,0],[0,0,0,0,1,0,0],[0,0,0,0,3,0,0],[1,1,1,3,4,5,10],[0,0,0,0,5,8,10],[0,0,0,0,10,10,16]],[[0,0,0,0,0,1,0],[0,0,0,0,0,1,0],[0,0,0,0,0,1,0],[0,0,0,0,0,3,0],[0,0,0,0,5,8,10],[1,1,1,3,8,9,10],[0,0,0,0,10,10,20]],[[0,0,0,0,0,0,1],[0,0,0,0,0,0,1],[0,0,0,0,0,0,1],[0,0,0,0,0,0,3],[0,0,0,0,10,10,16],[0,0,0,0,10,10,20],[1,1,1,3,16,20,28]]]]
[4368,[1,1,1,3,12,36,54],[0,2,1,3,4,5,6],[3,3,4,26,42,48,4368],[[[1,0,0,0,0,0,0],[0,1,0,0,0,0,0],[0,0,1,0,0,0,0],[0,0,0,1,0,0,0],[0,0,0,0,1,0,0],[0,0,0,0,0,1,0],[0,0,0,0,0,0,1]],[[0,1,0,0,0,0,0],[0,0,1,0,0,0,0],[1,0,0,0,0,0,0],[0,0,0,1,0,0,0],[0,0,0,0,1,0,0],[0,0,0,0,0,1,0],[0,0,0,0,0,0,1]],[[0,0,1,0,0,0,0],[1,0,0,0,0,0,0],[0,1,0,0,0,0,0],[0,0,0,1,0,0,0],[0,0,0,0,1,0,0],[0,0,0,0,0,1,0],[0,0,0,0,0,0,1]],[[0,0,0,1,0,0,0],[0,0,0,1,0,0,0],[0,0,0,1,0,0,0],[1,1,1,2,0,0,0],[0,0,0,0,3,0,0],[0,0,0,0,0,3,0],[0,0,0,0,0,0,3]],[[0,0,0,0,1,0,0],[0,0,0,0,1,0,0],[0,0,0,0,1,0,0],[0,0,0,0,3,0,0],[1,1,1,3,2,3,0],[0,0,0,0,3,2,6],[0,0,0,0,0,6,8]],[[0,0,0,0,0,1,0],[0,0,0,0,0,1,0],[0,0,0,0,0,1,0],[0,0,0,0,0,3,0],[0,0,0,0,3,2,6],[1,1,1,3,2,11,16],[0,0,0,0,6,16,24]],[[0,0,0,0,0,0,1],[0,0,0,0,0,0,1],[0,0,0,0,0,0,1],[0,0,0,0,0,0,3],[0,0,0,0,0,6,8],[0,0,0,0,6,16,24],[1,1,1,3,8,24,36]]]]
[4368,[1,1,11,13,22,26,54],[0,1,2,3,4,5,6],[2,4,6,26,42,48,4368],[[[1,0,0,0,0,0,0],[0,1,0,0,0,0,0],[0,0,1,0,0,0,0],[0,0,0,1,0,0,0],[0,0,0,0,1,0,0],[0,0,0,0,0,1,0],[0,0,0,0,0,0,1]],[[0,1,0,0,0,0,0],[1,0,0,0,0,0,0],[0,0,1,0,0,0,0],[0,0,0,1,0,0,0],[0,0,0,0,1,0,0],[0,0,0,0,0,1,0],[0,0,0,0,0,0,1]],[[0,0,1,0,0,0,0],[0,0,1,0,0,0,0],[1,1,0,1,0,2,1],[0,0,1,2,0,2,1],[0,0,0,0,0,1,4],[0,0,2,2,1,0,4],[0,0,1,1,4,4,7]],[[0,0,0,1,0,0,0],[0,0,0,1,0,0,0],[0,0,1,2,0,2,1],[1,1,2,3,0,2,1],[0,0,0,0,2,1,4],[0,0,2,2,1,2,4],[0,0,1,1,4,4,9]],[[0,0,0,0,1,0,0],[0,0,0,0,1,0,0],[0,0,0,0,0,1,4],[0,0,0,0,2,1,4],[1,1,0,2,0,3,7],[0,0,1,1,3,4,7],[0,0,4,4,7,7,14]],[[0,0,0,0,0,1,0],[0,0,0,0,0,1,0],[0,0,2,2,1,0,4],[0,0,2,2,1,2,4],[0,0,1,1,3,4,7],[1,1,0,2,4,7,7],[0,0,4,4,7,7,18]],[[0,0,0,0,0,0,1],[0,0,0,0,0,0,1],[0,0,1,1,4,4,7],[0,0,1,1,4,4,9],[0,0,4,4,7,7,14],[0,0,4,4,7,7,18],[1,1,7,9,14,18,36]]]]
[4774,[1,1,28,28,32,32,34],[0,1,3,2,5,4,6],[2,7,7,11,11,31,4774],[[[1,0,0,0,0,0,0],[0,1,0,0,0,0,0],[0,0,1,0,0,0,0],[0,0,0,1,0,0,0],[0,0,0,0,1,0,0],[0,0,0,0,0,1,0],[0,0,0,0,0,0,1]],[[0,1,0,0,0,0,0],[1,0,0,0,0,0,0],[0,0,1,0,0,0,0],[0,0,0,1,0,0,0],[0,0,0,0,1,0,0],[0,0,0,0,0,1,0],[0,0,0,0,0,0,1]],[[0,0,1,0,0,0,0],[0,0,1,0,0,0,0],[0,0,4,3,6,6,6],[1,1,4,4,5,5,7],[0,0,5,6,6,6,6],[0,0,5,6,6,6,6],[0,0,7,6,6,6,6]],[[0,0,0,1,0,0,0],[0,0,0,1,0,0,0],[1,1,4,4,5,5,7],[0,0,3,4,6,6,6],[0,0,6,5,6,6,6],[0,0,6,5,6,6,6],[0,0,6,7,6,6,6]],[[0,0,0,0,1,0,0],[0,0,0,0,1,0,0],[0,0,5,6,6,6,6],[0,0,6,5,6,6,6],[0,0,6,6,7,6,8],[1,1,6,6,7,7,7],[0,0,6,6,7,8,8]],[[0,0,0,0,0,1,0],[0,0,0,0,0,1,0],[0,0,5,6,6,6,6],[0,0,6,5,6,6,6],[1,1,6,6,7,7,7],[0,0,6,6,6,7,8],[0,0,6,6,8,7,8]],[[0,0,0,0,0,0,1],[0,0,0,0,0,0,1],[0,0,7,6,6,6,6],[0,0,6,7,6,6,6],[0,0,6,6,7,8,8],[0,0,6,6,8,7,8],[1,1,6,6,8,8,9]]]]
[4800,[1,1,1,6,9,42,54],[0,2,1,3,4,5,6],[3,3,5,8,200,320,4800],[[[1,0,0,0,0,0,0],[0,1,0,0,0,0,0],[0,0,1,0,0,0,0],[0,0,0,1,0,0,0],[0,0,0,0,1,0,0],[0,0,0,0,0,1,0],[0,0,0,0,0,0,1]],[[0,1,0,0,0,0,0],[0,0,1,0,0,0,0],[1,0,0,0,0,0,0],[0,0,0,1,0,0,0],[0,0,0,0,1,0,0],[0,0,0,0,0,1,0],[0,0,0,0,0,0,1]],[[0,0,1,0,0,0,0],[1,0,0,0,0,0,0],[0,1,0,0,0,0,0],[0,0,0,1,0,0,0],[0,0,0,0,1,0,0],[0,0,0,0,0,1,0],[0,0,0,0,0,0,1]],[[0,0,0,1,0,0,0],[0,0,0,1,0,0,0],[0,0,0,1,0,0,0],[1,1,1,1,3,0,0],[0,0,0,3,4,0,0],[0,0,0,0,0,6,0],[0,0,0,0,0,0,6]],[[0,0,0,0,1,0,0],[0,0,0,0,1,0,0],[0,0,0,0,1,0,0],[0,0,0,3,4,0,0],[1,1,1,4,6,0,0],[0,0,0,0,0,9,0],[0,0,0,0,0,0,9]],[[0,0,0,0,0,1,0],[0,0,0,0,0,1,0],[0,0,0,0,0,1,0],[0,0,0,0,0,6,0],[0,0,0,0,0,9,0],[1,1,1,6,9,16,18],[0,0,0,0,0,18,28]],[[0,0,0,0,0,0,1],[0,0,0,0,0,0,1],[0,0,0,0,0,0,1],[0,0,0,0,0,0,6],[0,0,0,0,0,0,9],[0,0,0,0,0,18,28],[1,1,1,6,9,28,30]]]]
[4992,[1,1,2,9,15,42,54],[0,1,2,3,4,5,6],[2,3,8,26,416,1664,4992],[[[1,0,0,0,0,0,0],[0,1,0,0,0,0,0],[0,0,1,0,0,0,0],[0,0,0,1,0,0,0],[0,0,0,0,1,0,0],[0,0,0,0,0,1,0],[0,0,0,0,0,0,1]],[[0,1,0,0,0,0,0],[1,0,0,0,0,0,0],[0,0,1,0,0,0,0],[0,0,0,1,0,0,0],[0,0,0,0,1,0,0],[0,0,0,0,0,1,0],[0,0,0,0,0,0,1]],[[0,0,1,0,0,0,0],[0,0,1,0,0,0,0],[1,1,1,0,0,0,0],[0,0,0,2,0,0,0],[0,0,0,0,2,0,0],[0,0,0,0,0,2,0],[0,0,0,0,0,0,2]],[[0,0,0,1,0,0,0],[0,0,0,1,0,0,0],[0,0,0,2,0,0,0],[1,1,2,0,5,0,0],[0,0,0,5,6,0,0],[0,0,0,0,0,9,0],[0,0,0,0,0,0,9]],[[0,0,0,0,1,0,0],[0,0,0,0,1,0,0],[0,0,0,0,2,0,0],[0,0,0,5,6,0,0],[1,1,2,6,11,0,0],[0,0,0,0,0,15,0],[0,0,0,0,0,0,15]],[[0,0,0,0,0,1,0],[0,0,0,0,0,1,0],[0,0,0,0,0,2,0],[0,0,0,0,0,9,0],[0,0,0,0,0,15,0],[1,1,2,9,15,23,9],[0,0,0,0,0,9,35]],[[0,0,0,0,0,0,1],[0,0,0,0,0,0,1],[0,0,0,0,0,0,2],[0,0,0,0,0,0,9],[0,0,0,0,0,0,15],[0,0,0,0,0,9,35],[1,1,2,9,15,35,21]]]]
